6.44553e-06;0.999447;8.49583e-06;1.0672e-05;7.18257e-07;2.04932e-07;2.86942e-07;0.00017886;1.6625e-07;3.07871e-07;1.81895e-07;0.000326252;1.97726e-05;7.08111e-07
7.27721e-06;0.993873;1.24042e-08;5.69425e-07;1.31872e-07;2.22088e-06;3.4774e-06;2.19438e-06;3.29302e-07;3.7473e-07;5.55508e-07;0.00172136;0.00436029;2.81894e-05
1.41506e-06;0.00151421;2.46534e-07;5.10318e-07;4.96701e-05;0.000190861;6.13158e-09;0.0042945;1.92129e-06;9.17968e-08;2.00677e-06;0.993066;0.000678044;0.000200428
8.39556e-07;0.99226;4.79787e-07;4.31739e-06;2.31569e-07;6.52841e-06;0.00668599;1.83878e-05;4.33445e-07;0.000595639;3.58871e-06;7.03033e-07;1.68569e-05;0.000405774
1.00446e-09;9.71375e-09;0.999997;1.91173e-08;2.42571e-09;2.25548e-08;1.83993e-07;2.63336e-09;2.10414e-09;7.68133e-09;3.06835e-07;2.05105e-06;1.33594e-10;1.8264e-10
0.000400612;0.315453;4.65025e-05;1.56743e-05;0.000478318;0.000161602;0.136132;0.206588;0.000671101;0.000426261;0.00674046;1.11468e-06;0.332645;0.00024091
2.48205e-09;1.80105e-09;1;8.92576e-10;4.17337e-10;1.42908e-10;2.15047e-08;4.23538e-09;3.75096e-09;2.65887e-10;1.24193e-08;6.27227e-08;2.09795e-10;2.8486e-12
4.21881e-06;0.0034697;0.000525026;4.69013e-06;1.83348e-05;1.22095e-06;1.02801e-08;0.000363584;4.29706e-05;2.41549e-07;9.40521e-06;0.99467;3.28424e-06;0.000887637
6.7076e-05;0.470671;6.67138e-05;2.60045e-06;0.000176199;0.00102845;1.44336e-07;0.00345593;1.82368e-05;1.83447e-06;1.79785e-05;0.00130421;0.522341;0.000849096
1.03122e-05;0.0127715;8.50167e-07;8.81687e-07;0.00144932;0.000176469;7.09008e-09;0.00857811;5.76992e-06;4.57033e-07;2.93595e-06;0.966515;5.11957e-05;0.010437
0.00403314;0.0782217;0.000236456;2.88882e-05;0.0476875;0.00195128;6.66027e-07;0.246374;0.00026175;3.77963e-06;7.55222e-05;0.0913377;0.518478;0.0113092
1.27809e-05;0.927961;2.73561e-08;5.16889e-07;1.89105e-06;1.16172e-06;9.18126e-06;0.00183554;1.02682e-05;6.37252e-06;1.88763e-08;5.36099e-05;0.00304837;0.0670594
0.00083715;0.246691;0.000250402;4.20631e-05;0.000135398;5.28062e-05;0.000125886;0.734376;0.00214648;7.53041e-06;0.000283793;0.00100424;0.0140187;2.86271e-05
3.44675e-06;0.99616;3.4956e-08;2.24285e-07;3.75533e-07;1.74315e-06;0.000387433;0.00017615;5.14727e-08;0.000676535;4.81185e-08;1.68326e-08;0.000237971;0.00235579
6.74649e-10;7.08699e-10;0.999994;4.91414e-10;1.26981e-09;1.03482e-09;1.26455e-08;3.46106e-10;2.78701e-10;2.8162e-09;1.45402e-09;5.89013e-06;5.39007e-13;5.73442e-11
7.43865e-06;0.993382;4.5277e-08;4.79473e-07;2.97533e-08;3.22919e-07;0.000123086;5.69065e-06;1.9366e-05;2.4556e-07;8.96107e-06;1.65299e-05;0.00643537;3.41336e-07
6.29722e-07;0.00227171;3.78907e-07;3.27598e-07;2.19742e-05;6.77335e-05;3.23131e-09;0.00427842;2.54965e-06;4.74162e-08;9.59616e-07;0.993149;0.000160168;4.6501e-05
1.25322e-07;0.994776;5.89242e-08;1.54338e-06;1.97124e-08;7.68709e-07;0.00492774;3.86743e-06;8.31327e-08;0.000226725;2.69582e-06;9.1446e-08;1.90706e-05;4.11975e-05
1.20526e-10;1.18265e-09;1;4.90438e-09;1.57211e-10;2.36342e-09;2.29367e-08;3.14872e-10;2.80916e-10;9.28719e-10;8.71777e-08;3.02871e-07;1.77217e-11;7.8276e-12
0.000173993;0.183736;4.6033e-06;8.92948e-06;0.00021188;0.000190753;0.0153038;0.107855;0.000213015;0.000105617;0.00416353;1.96063e-07;0.687935;9.76427e-05
1.78541e-09;3.57578e-10;1;1.03486e-09;2.60094e-10;1.87284e-10;4.16692e-09;4.99008e-09;3.76258e-09;1.17531e-10;1.94306e-08;1.31896e-07;1.75433e-10;6.80785e-13
2.08178e-06;0.00235651;6.40063e-05;5.57172e-06;7.5809e-06;2.05207e-06;4.1491e-09;0.000152855;4.53693e-05;1.07313e-07;8.35566e-06;0.996396;7.15124e-06;0.000952328
5.49552e-05;0.157187;1.32021e-05;3.1633e-06;8.59996e-05;0.00126203;8.77961e-08;0.00141877;1.80334e-05;9.83028e-07;3.34221e-05;0.00209683;0.83748;0.000346008
5.54621e-06;0.0128241;1.44468e-07;2.03225e-07;0.000379984;6.79352e-06;1.226e-09;0.011773;7.31223e-07;2.47461e-08;1.23392e-06;0.968905;1.39802e-05;0.00608935
0.00179974;0.239955;0.000321906;2.19457e-05;0.0281562;0.000293611;4.52334e-07;0.218724;8.27612e-05;1.67992e-06;3.2125e-05;0.167011;0.296867;0.0467321
5.74647e-08;0.989757;7.56612e-11;2.14537e-09;3.24717e-09;2.2745e-09;6.44088e-08;1.04408e-05;1.75965e-08;1.37336e-07;5.60585e-11;1.75128e-08;1.52842e-05;0.0102171
0.000183809;0.0148175;0.00888979;0.000153368;6.48339e-05;3.49885e-05;0.00051353;0.950385;0.0203632;2.75962e-05;0.00199224;8.91804e-05;0.00248195;2.99788e-06
