1.52118e-06;0.997834;8.02577e-08;2.19173e-07;9.92941e-09;5.90849e-08;2.54353e-06;8.02768e-07;2.70018e-07;3.45907e-08;1.07164e-06;6.4375e-05;0.00209449;2.60537e-07
8.6355e-06;0.878359;9.58478e-09;5.11139e-05;9.07465e-05;0.0047212;4.89994e-08;0.0241066;8.82405e-06;7.09267e-06;7.65745e-07;0.0181138;0.00430498;0.0702276
2.00664e-05;0.00931476;8.31222e-09;2.18258e-05;1.92921e-05;0.000385117;1.8324e-06;0.000523599;8.22054e-06;1.39641e-06;0.000162891;0.0196591;0.969508;0.000373553
0.00135675;0.226732;0.00953858;5.46531e-05;0.000308482;0.00430707;0.00147008;0.0476579;2.58499e-05;0.00162123;0.000119987;0.00108708;0.70459;0.00112997
1.46406e-08;3.46902e-09;0.999998;1.34273e-08;1.08692e-08;9.67425e-09;7.45845e-09;8.97171e-08;7.41784e-09;1.00291e-09;1.27248e-08;2.22634e-06;6.48235e-10;1.31078e-10
7.58128e-06;0.00749464;0.95954;3.17228e-05;3.27232e-06;1.66473e-06;1.93568e-05;0.00456418;4.47077e-06;4.71261e-06;7.96748e-06;0.0251871;2.71201e-05;0.00310622
3.12327e-05;0.00279177;3.27856e-07;4.96545e-05;0.0322398;0.114026;7.03737e-06;0.728939;2.59362e-05;2.76129e-06;2.21411e-05;0.000278393;0.0458878;0.0756981
2.41796e-06;0.247695;0.000297123;4.30808e-05;0.00681014;0.000247501;1.46628e-07;0.00185919;3.50469e-10;4.59659e-06;6.89792e-07;0.571482;0.158002;0.0135564
2.08406e-07;0.0474761;1.3293e-07;5.14796e-05;1.13427e-05;7.49385e-05;6.63047e-07;0.000843983;1.3725e-06;2.49735e-07;0.000135538;4.46071e-05;0.951343;1.66116e-05
7.08626e-07;0.982076;0.017302;4.15453e-05;1.75726e-06;6.77167e-07;8.56523e-08;9.51247e-05;4.12917e-10;1.69978e-07;9.48692e-09;6.8873e-05;1.90524e-05;0.000394011
1.41707e-06;0.973869;1.49222e-07;1.48082e-06;1.75519e-05;4.22782e-05;5.89379e-08;0.0146528;2.07001e-08;3.08792e-07;5.41805e-08;4.76998e-06;0.000775279;0.0106351
4.66524e-06;0.0375592;3.71748e-07;1.13285e-06;4.57148e-06;3.91837e-05;3.47661e-06;0.0109426;3.35194e-07;3.41772e-06;1.90226e-06;2.1704e-06;0.951434;2.57627e-06
4.04186e-08;1.61563e-08;0.999991;4.09356e-08;1.57915e-09;1.05532e-08;1.0913e-07;1.19921e-08;4.62375e-08;1.68274e-09;6.282e-08;9.00692e-06;2.40708e-09;5.65239e-11
1.44291e-05;0.0162645;0.000521973;0.000199289;3.00673e-05;2.96459e-05;2.33867e-06;0.0292265;0.000435213;6.77088e-06;0.000320695;0.952278;8.9731e-05;0.000581107
1.31504e-05;0.236303;3.78189e-07;7.98005e-06;2.1782e-06;0.00296936;1.83455e-05;5.13449e-05;1.45548e-06;2.16396e-06;4.11131e-05;5.46045e-06;0.76;0.000584153
9.35444e-08;0.00187424;2.10724e-06;6.78433e-07;1.79958e-06;2.20611e-05;1.59989e-09;5.46389e-06;5.76659e-09;6.86403e-09;5.40387e-07;0.997952;2.30941e-05;0.00011829
1.20364e-08;0.999652;5.42702e-10;2.34119e-08;4.55354e-07;4.41202e-06;7.01932e-06;1.32686e-06;1.32802e-10;3.86602e-06;2.35875e-10;1.33769e-10;4.26656e-05;0.000288622
1.60796e-10;1.95952e-08;1;1.70478e-09;2.91889e-10;8.7555e-09;1.77378e-09;2.33828e-09;4.80706e-11;1.14885e-10;1.44431e-10;8.41272e-09;1.78464e-07;9.15193e-11
