5.80315e-06;0.114893;3.77834e-08;4.08776e-06;2.8514e-07;2.88568e-06;7.26322e-07;0.000346891;6.987e-06;6.07944e-08;3.07335e-06;0.000137857;0.884598;3.10332e-07
5.4625e-06;0.000356741;2.50892e-09;2.65049e-05;7.89019e-05;1.20846e-05;2.23627e-08;0.00219338;1.97888e-05;4.63115e-07;1.51538e-05;0.997046;3.27683e-05;0.000212362
0.00031312;0.942199;4.99229e-05;1.82484e-05;2.02538e-07;2.05045e-06;0.00025844;0.000262139;0.000115086;1.8712e-06;0.000130723;0.0559857;0.00065934;4.58221e-06
6.3851e-05;0.276251;1.17473e-06;0.000160733;2.10786e-05;0.000234362;2.88512e-05;0.00871857;0.00791732;9.15684e-06;0.00563873;0.0114205;0.689515;1.92239e-05
8.40295e-05;0.704672;0.191415;0.00216518;0.000357201;0.000318369;1.79265e-06;0.00742262;1.22396e-05;5.61889e-05;7.70315e-06;0.0409819;0.0514855;0.00102007
0.000918574;0.522582;3.54666e-06;0.00124722;0.00151495;0.000214229;0.000414337;0.0160688;0.0429019;1.94575e-05;0.00882547;0.0814945;0.321553;0.00224202
0.000424558;0.0383992;6.95155e-05;0.000304959;0.0442135;0.000568786;5.54791e-07;0.812009;0.000532401;1.94366e-05;0.000864085;0.0609221;0.0362607;0.00541159
0.000230341;0.939936;1.06882e-06;0.000355903;0.000241158;1.24173e-05;2.71232e-05;0.0235529;0.00413335;7.9336e-05;0.0108671;0.00620612;0.0143406;1.6981e-05
0.000113734;0.000677781;4.66211e-06;2.92079e-05;0.951427;0.0050223;6.31143e-05;0.0332086;4.75675e-05;0.00197705;1.22101e-05;8.32096e-06;0.000438222;0.00696994
2.37781e-07;3.83544e-09;0.999999;2.15023e-09;3.17698e-09;5.40611e-12;6.31447e-08;1.97914e-07;3.5073e-07;5.71172e-10;3.64807e-08;7.78965e-08;4.16185e-10;5.97571e-13
0.000431112;0.0211543;6.4929e-05;4.98398e-05;3.79435e-05;2.81605e-06;2.62829e-05;0.0153638;0.275707;3.24373e-06;0.00101723;0.685566;8.22323e-05;0.00049374
0.000308774;0.962163;6.53636e-07;6.30337e-06;0.000755418;6.30027e-06;9.42732e-07;0.0152568;0.000337793;1.47704e-06;7.18582e-06;4.84266e-05;0.0201387;0.000967858
7.47153e-05;0.0425239;6.3264e-07;2.18179e-06;2.52174e-05;2.67839e-08;3.99864e-09;0.0688929;0.000159991;1.57976e-07;8.83034e-07;0.888174;1.71393e-05;0.000128376
0.00193386;0.639275;0.000701937;0.000371396;0.00109195;0.000478422;0.000266143;0.247255;0.0518566;0.000282499;0.00100234;0.00320399;0.0517863;0.000494283
