1.98064e-05;0.998622;0.000146738;0.000126111;1.22727e-05;5.47113e-07;2.01098e-06;0.000530992;1.30975e-06;1.59233e-06;1.42387e-06;0.000462367;5.45767e-05;1.81369e-05
3.02371e-06;3.64983e-05;7.95597e-11;8.87778e-09;3.40624e-07;6.67738e-09;1.41452e-08;0.999942;1.61266e-05;3.33931e-09;4.65855e-07;8.41349e-09;1.1185e-06;5.82001e-08
6.18953e-06;8.05424e-05;7.76624e-06;7.80512e-05;0.000231563;0.000235643;4.80102e-08;8.89366e-05;8.82288e-05;2.73347e-06;9.71071e-05;0.971419;7.74827e-06;0.027657
6.18277e-06;0.961588;1.34111e-07;2.58042e-07;1.79909e-10;2.33236e-09;4.09005e-06;1.59182e-06;1.13203e-06;1.08353e-08;3.0343e-06;8.92289e-06;0.0383866;2.11513e-08
8.22903e-08;0.0017076;1.19676e-05;1.26894e-06;5.91364e-05;1.52137e-05;3.82297e-09;0.000119771;3.20786e-08;2.34801e-08;8.80457e-08;0.983627;0.000476572;0.0139811
2.44024e-07;0.0218871;8.03006e-08;1.64409e-05;0.000743228;3.12611e-06;1.59726e-06;0.976948;1.94312e-06;5.22841e-06;2.81564e-06;2.48058e-05;9.52556e-05;0.000269787
7.44564e-06;0.0538234;0.939975;0.000585099;0.000326894;0.00010253;4.87985e-07;1.93049e-05;1.65235e-07;3.45684e-06;1.68603e-05;0.0038277;0.000113806;0.00119811
0.000442598;0.895203;4.88885e-08;7.23526e-05;7.13454e-06;3.08702e-05;1.15109e-05;0.00526402;0.00133811;9.84425e-07;0.0246802;0.0208305;0.0520707;4.82607e-05
0.000118671;0.939122;0.000257962;2.70622e-06;1.47713e-06;3.40142e-07;7.68651e-07;0.0525657;6.77419e-06;2.86689e-07;1.98363e-05;0.00442258;0.00348046;5.72964e-07
1.96425e-05;0.293074;7.63053e-07;0.000301126;0.000200565;0.000299588;4.1708e-07;0.000584017;3.29215e-06;6.36486e-05;3.03368e-06;0.0413021;0.000548272;0.6636
0.00144944;0.00628452;2.10398e-08;1.95575e-05;9.89249e-07;2.8332e-06;0.000420079;0.00265167;0.0247657;1.58954e-06;0.0705658;0.00176797;0.892069;8.6681e-07
0.000187098;0.236073;5.64322e-08;3.99486e-06;3.05576e-05;2.96865e-07;1.17967e-06;0.759058;3.03043e-05;1.63748e-06;2.59801e-06;0.00108851;0.000486214;0.00303626
4.33143e-05;0.0912239;7.64706e-05;8.14354e-06;0.00115713;1.61711e-05;1.27931e-06;0.0040069;9.08926e-07;2.95265e-06;4.5945e-06;0.852584;0.00357231;0.0473018
9.53423e-09;0.960648;4.51578e-10;9.62049e-07;4.62186e-08;2.71955e-08;1.25276e-05;5.16391e-06;6.15672e-08;1.18855e-06;3.06156e-07;4.36357e-05;4.87038e-06;0.0392832
3.28496e-05;0.00136512;0.000621402;0.00025856;1.67313e-05;2.30816e-05;0.235522;4.38864e-05;0.00555685;2.74203e-06;0.75382;2.0728e-05;0.00271386;2.02759e-06
1.12242e-05;0.733906;6.06276e-09;1.72957e-06;2.12601e-05;2.99704e-05;1.70332e-07;0.24652;1.73605e-06;7.35159e-07;1.89008e-07;1.76076e-05;0.0193389;0.000150808
1.87657e-07;0.000197935;1.53304e-11;4.15339e-08;4.97608e-08;1.48165e-07;5.62692e-09;7.12068e-05;2.17682e-07;4.39948e-09;2.13033e-07;3.41544e-05;0.999696;1.08512e-07
4.03928e-05;0.00134159;3.81347e-06;2.28161e-05;6.05849e-05;2.41752e-06;1.27421e-06;0.000371681;0.000531551;9.8313e-07;6.11616e-05;0.997154;0.000405367;2.75123e-06
0.000312224;0.959038;3.05463e-05;0.00125583;0.00023414;2.12827e-05;1.00214e-05;0.00101491;5.91153e-05;1.68562e-06;3.08752e-05;0.0350104;0.0029681;1.25922e-05
0.000128095;0.817922;1.0576e-07;9.41248e-06;2.32479e-05;4.55312e-07;7.00291e-07;0.0198379;3.73955e-05;7.72429e-07;1.16931e-05;0.00116554;0.160373;0.000490312
2.44299e-06;0.875031;2.44223e-09;1.38056e-07;4.46147e-05;9.49225e-07;1.99507e-05;0.000154545;6.22263e-08;3.88999e-05;7.0504e-08;3.29348e-07;1.08538e-05;0.124696
1.28785e-09;3.43797e-09;0.999998;8.95498e-10;3.77546e-09;3.63336e-10;3.51572e-09;2.12179e-07;3.55392e-10;3.27923e-10;1.04836e-09;1.86694e-06;7.66646e-12;4.04484e-11
6.0098e-05;0.000835317;3.35901e-06;0.000585176;1.01294e-05;4.41869e-06;0.000268209;0.00057226;0.529694;8.33146e-06;0.464254;0.000394429;0.00331043;1.0598e-07
0.000428489;0.0295709;3.49879e-08;4.3358e-05;4.21856e-07;2.26809e-07;5.75665e-05;0.845884;0.113981;8.88038e-07;0.0089896;2.38231e-05;0.00101899;5.75551e-07
1.63485e-07;0.987468;3.04483e-11;2.87616e-06;4.84426e-09;3.513e-09;3.52914e-07;5.42981e-09;5.01631e-08;1.35482e-05;1.23526e-07;3.4735e-06;7.49668e-10;0.0125111
1.68992e-08;4.42415e-08;0.999999;7.48412e-09;7.03031e-09;2.17447e-10;7.07399e-09;3.21999e-08;1.17158e-09;7.0377e-11;2.26483e-08;7.80034e-07;5.17207e-10;1.73385e-09
2.04469e-06;0.00403662;8.68555e-07;3.09997e-07;4.81278e-05;1.16944e-06;2.33632e-07;0.995676;1.84986e-05;4.84146e-07;1.07425e-06;3.77496e-07;0.000214414;1.06015e-07
2.81284e-05;0.000447635;0.997165;2.37133e-05;0.000113602;9.03907e-06;2.43515e-09;9.89148e-06;2.08218e-06;2.76222e-06;3.63835e-07;0.00216566;2.64033e-07;3.1651e-05
0.00020997;0.051579;1.59055e-06;4.22966e-05;5.45544e-06;9.43953e-06;0.00127022;0.00768971;0.91553;3.52618e-06;0.0234271;1.16148e-06;0.000220609;1.01074e-05
