1.13244e-06;0.998023;2.26065e-09;2.35455e-07;5.15573e-09;6.92993e-08;1.94989e-05;3.13878e-07;7.89176e-07;2.1258e-07;1.20723e-06;5.07781e-05;0.00190264;1.81015e-08
0.000151989;0.173401;0.00817508;0.000348887;0.000328424;0.00115773;1.69497e-05;0.000476167;1.34035e-05;3.01723e-05;1.06431e-05;0.804797;0.000360574;0.0107315
1.97467e-05;0.426805;3.40807e-09;3.67512e-06;2.7597e-06;1.96094e-06;8.59459e-06;0.021201;1.10388e-06;3.13674e-07;7.84976e-06;5.03062e-05;0.551833;6.4776e-05
3.42288e-06;0.00246322;2.85956e-09;1.42784e-06;0.00151071;4.93635e-06;7.78028e-08;0.993424;1.94924e-06;2.97927e-06;3.17558e-07;5.31666e-05;1.64109e-05;0.00251743
0.000440958;0.138365;0.750583;0.0567504;0.00335842;0.000589797;0.000965635;0.00119756;0.000605972;0.00267031;0.00299139;0.0261585;7.07523e-05;0.0152519
0.000621485;0.0633787;2.13689e-08;0.000103602;1.2519e-06;5.59867e-06;0.002438;0.000717422;0.210374;2.27169e-06;0.705833;9.06948e-06;0.0165113;4.54581e-06
2.97802e-05;0.00213364;2.84153e-09;8.54202e-09;2.13954e-05;4.00094e-07;9.27321e-10;0.997123;1.99741e-07;3.00576e-08;4.35398e-08;4.95389e-05;0.000629711;1.1904e-05
4.51857e-06;0.970309;0.000141262;4.95591e-06;0.000340458;9.6325e-05;9.9427e-06;0.00827806;8.15451e-06;4.72086e-05;1.07669e-06;0.00413866;0.000301556;0.016319
5.67848e-10;5.39535e-09;1;8.25972e-10;9.60409e-11;6.44293e-11;4.28589e-10;4.63054e-08;1.41982e-09;3.9153e-10;1.64492e-09;1.35611e-08;2.71859e-09;2.76206e-12
5.54142e-08;2.64419e-07;0.999669;9.81832e-08;1.63874e-07;2.59787e-08;4.04975e-09;1.53029e-05;1.66868e-07;1.99971e-08;8.99165e-08;0.000313328;3.02296e-08;1.2713e-06
3.74602e-06;0.000304711;9.1726e-07;1.89933e-07;0.00725496;0.000944285;1.29003e-08;7.0258e-05;2.68357e-06;1.49914e-07;1.26303e-05;0.000115136;4.20152e-05;0.991248
9.85968e-07;0.998827;1.15169e-07;8.05405e-10;1.05639e-07;1.96103e-08;9.71236e-07;1.4292e-06;2.73957e-10;8.87464e-07;8.32499e-11;6.59313e-07;2.20971e-06;0.00116553
3.17035e-10;7.67773e-12;0.999999;4.0968e-12;4.74854e-08;1.56507e-10;1.09833e-11;7.68325e-07;5.1396e-12;3.14912e-12;8.28152e-13;4.47302e-08;1.21951e-12;4.73061e-11
3.00648e-06;0.0121207;4.04084e-07;3.39244e-06;5.97043e-06;1.51781e-06;3.67688e-06;0.980091;6.54765e-05;2.7765e-07;4.14243e-06;1.52925e-06;0.00769799;6.49625e-07
3.07058e-08;0.0059755;1.30557e-11;1.67121e-08;3.89855e-06;3.61492e-10;3.33442e-09;0.994019;3.45656e-09;1.07705e-08;6.44777e-10;4.09757e-09;1.08423e-06;1.01448e-08
7.94647e-06;0.0465863;0.869159;0.00018393;0.00119579;0.000437886;2.21955e-06;0.000435111;2.23065e-08;3.07348e-05;3.07857e-06;0.0774996;0.00428753;0.000171083
0.000157489;0.153665;3.90897e-06;1.03451e-06;5.4951e-05;1.79066e-05;2.02954e-05;0.803706;5.72791e-06;3.53122e-07;9.39224e-05;0.0110018;0.0312649;6.94208e-06
0.000293206;0.0372353;4.4971e-06;0.000433437;0.00115336;0.000501745;0.000222437;0.319489;0.00159219;5.6344e-06;0.000675531;0.0238764;0.614004;0.000513518
0.0015127;0.512878;5.33783e-07;0.00665179;0.000351339;0.000206486;1.64966e-05;0.3245;0.00219699;0.00018964;0.0151958;0.072982;0.0525505;0.010768
0.000113107;0.864006;1.6759e-07;7.87074e-06;5.49898e-07;1.46119e-06;0.124541;2.34818e-05;1.69876e-05;0.00303346;0.000232622;7.22324e-08;4.79145e-05;0.00797485
5.87617e-10;6.23789e-11;0.999991;5.78886e-10;3.84689e-10;5.4849e-12;3.96431e-09;6.04848e-10;2.89362e-09;1.15129e-10;2.23082e-08;9.1562e-06;1.70106e-13;2.65096e-12
0.000733782;0.456805;5.86385e-06;0.00251518;0.000753181;0.001632;0.00314671;0.00982504;0.132019;9.98337e-05;0.10322;8.05956e-05;0.287235;0.00192836
0.000628707;0.283373;0.564754;0.000232221;0.000561564;3.45111e-05;2.16541e-05;0.0201764;1.00732e-05;1.06218e-05;3.28649e-05;0.125238;0.000735715;0.00419068
0.000490848;0.140292;3.07827e-06;0.00128715;0.0480226;0.0285373;1.97489e-05;0.00909613;0.00131122;5.22327e-05;0.000258891;0.185623;0.00440994;0.580596
0.000306738;0.180115;0.00065614;1.02249e-05;3.98414e-05;1.78222e-05;3.52608e-06;0.000703894;1.38198e-05;6.61557e-07;3.56968e-05;0.686127;0.131965;4.30273e-06
0.000386789;0.0340483;2.24305e-06;0.000789929;0.000779916;0.0110684;2.18609e-05;0.0239641;0.0255714;3.37415e-05;0.00271984;0.0810661;0.819063;0.000484387
0.000426511;0.503811;0.480025;0.00363582;0.000149353;2.51664e-05;5.32077e-06;0.000796494;1.42739e-05;5.82463e-05;3.68274e-05;0.0085991;0.00119734;0.00121916
0.000289743;0.838874;1.55093e-06;3.39959e-05;0.000155176;4.43458e-06;7.86725e-06;0.0635201;0.00169863;1.58864e-06;0.000871273;0.00886861;0.0854314;0.000241346
3.74569e-05;0.913352;7.63258e-09;0.000451061;0.00119687;0.000243611;6.32286e-06;0.00623821;0.000791898;0.000140005;0.000265005;0.00534199;0.00352335;0.0684118
0.0102084;0.148515;5.10026e-06;0.0150198;0.117264;0.000895243;0.00697851;0.05443;0.273735;0.0131655;0.0313875;0.324377;0.00274812;0.00127018
0.00294581;0.94005;0.0510542;0.000405651;0.00373789;2.07529e-05;2.93555e-05;0.000414424;5.70422e-05;3.93661e-05;0.000139619;8.11418e-05;0.000959094;6.52086e-05
0.00135191;0.0137615;1.93051e-05;2.03401e-05;3.83998e-05;6.38475e-06;5.00414e-05;0.0013851;0.0112181;4.01839e-07;0.0052069;0.953629;0.0132615;5.13063e-05
7.59623e-05;0.94576;3.20206e-07;5.65337e-07;9.88624e-06;1.37494e-07;2.53389e-06;0.0155863;7.62278e-06;1.009e-07;1.65472e-05;0.0104621;0.0280685;9.45508e-06
7.63723e-06;0.0053752;5.75314e-08;6.5206e-06;2.11072e-06;0.000170574;2.56691e-06;1.17678e-05;6.93594e-05;1.66755e-05;5.64597e-06;0.000883542;0.992855;0.000593469
6.65434e-05;0.0017231;0.994729;3.23215e-05;7.14946e-06;1.96282e-05;1.97326e-07;0.000272488;2.9503e-06;2.16009e-06;1.15045e-07;0.00282502;5.62938e-06;0.000314292
9.77326e-06;0.979289;3.59833e-06;2.10337e-05;0.00025685;7.63437e-05;7.25076e-06;0.0127972;0.000194364;1.36835e-06;7.53792e-05;0.00141061;0.00546407;0.000393616
3.60113e-06;0.926854;4.00689e-07;2.6791e-07;1.14287e-08;3.05775e-07;1.32873e-07;1.94811e-05;1.95125e-07;1.06053e-07;3.08052e-07;0.00373129;0.0693893;1.9669e-07
1.52021e-05;0.966445;7.73211e-08;8.42533e-06;0.000109923;3.79689e-05;6.03216e-05;0.0202399;1.19412e-05;0.00053767;1.70856e-06;0.000359873;7.97114e-05;0.0120924
9.82394e-09;2.59781e-07;0.999997;1.03381e-07;2.9528e-07;8.78545e-08;1.77684e-08;4.85462e-07;1.38785e-09;1.64601e-08;1.56457e-08;1.51933e-06;1.18917e-09;9.99354e-09
0.000422402;0.686487;0.000294567;5.64697e-05;0.0396282;5.87518e-05;0.000356;0.0800102;0.000749134;3.84916e-06;0.00217541;0.0250207;0.140529;0.0242085
3.31951e-05;0.695249;8.43228e-06;1.91571e-06;1.40719e-05;2.21245e-05;4.40784e-05;0.00708629;6.55965e-06;1.59218e-06;1.35968e-05;0.0078182;0.28968;2.03465e-05
1.61004e-06;0.000636862;9.09018e-08;2.50245e-07;1.35531e-06;6.02333e-07;7.33009e-08;0.00524185;3.0287e-07;6.41524e-08;2.7554e-07;0.00472166;0.989391;4.2118e-06
2.56541e-05;0.00255691;6.99952e-06;4.49848e-05;4.76514e-07;5.96203e-07;3.94631e-06;0.000136192;0.000282671;2.41493e-06;0.000179843;0.996474;0.000256162;2.88716e-05
1.02249e-05;0.0928402;3.1531e-09;3.13355e-06;0.000116033;6.84025e-08;6.47776e-05;0.906873;1.77459e-05;4.191e-05;6.01689e-06;1.65754e-06;1.187e-05;1.28196e-05
3.72725e-06;0.000661047;0.995469;9.08079e-05;3.55861e-05;1.54546e-05;7.89485e-06;3.16557e-06;4.48246e-07;6.31255e-05;3.90071e-05;0.00170051;0.00189229;1.81155e-05
4.97522e-06;2.68436e-05;0.999502;2.33098e-08;7.35624e-07;1.0437e-07;3.22726e-06;1.75392e-06;2.16386e-07;6.8779e-08;4.90512e-06;0.000451974;1.16294e-06;1.60564e-06
5.09404e-07;0.999942;8.58542e-12;3.3175e-11;1.16935e-07;1.23275e-08;3.81603e-06;3.42715e-05;1.35771e-08;1.45666e-08;4.50785e-10;7.00683e-10;1.83162e-05;1.26886e-06
8.45006e-10;7.41267e-11;1;5.2268e-12;4.67029e-09;7.87194e-12;2.7484e-11;3.37088e-10;1.01696e-10;4.42719e-12;3.79842e-12;2.99429e-07;5.82369e-12;1.63617e-13
9.43886e-05;0.0392995;2.35017e-06;1.25407e-06;0.000766004;4.05271e-05;4.78552e-05;0.944725;0.0117813;7.45559e-07;1.89873e-05;1.21421e-05;0.00162088;0.00158866
2.20002e-06;7.32274e-05;8.70727e-10;1.56562e-08;4.6914e-07;4.59139e-08;9.55254e-10;0.986404;5.99841e-06;4.40579e-09;9.19665e-08;2.77325e-06;0.0135104;1.83203e-07
3.19693e-05;0.00248071;1.57953e-06;2.20952e-05;4.31397e-06;1.29549e-06;1.31394e-07;0.000957024;5.12233e-05;1.43624e-06;2.11622e-05;0.992799;0.00323;0.000398052
1.21835e-05;0.00494949;1.7718e-08;1.53709e-07;2.1437e-05;2.06939e-07;3.07812e-08;0.994309;6.23501e-07;1.48352e-07;5.19481e-07;6.76345e-05;0.000615856;2.23598e-05
1.05242e-06;0.982324;9.98844e-05;1.09126e-05;3.22262e-05;1.4462e-05;0.00026499;0.0125976;1.21641e-06;6.78391e-05;8.37106e-06;0.00141987;0.000239854;0.0029179
1.18969e-10;2.27949e-09;1;9.95234e-10;7.52296e-11;1.16681e-11;1.92336e-09;3.39638e-08;5.5713e-11;1.83298e-10;3.6166e-09;1.95651e-08;2.32966e-10;1.60408e-12
2.93257e-07;1.05373e-05;0.998927;1.83604e-07;5.3465e-07;5.22904e-08;3.31148e-07;0.000102713;2.55718e-07;2.95784e-07;4.29116e-07;0.000942371;1.76905e-07;1.46348e-05
2.36269e-05;0.00417277;2.30029e-06;1.07178e-05;0.00691722;0.469473;2.07319e-06;7.14113e-06;0.000461066;8.91745e-06;0.00013452;0.000121135;0.00197457;0.516691
0.000519308;0.590758;0.345473;1.0369e-05;0.0162986;8.5411e-05;0.000168521;0.000121219;1.81961e-06;0.000287149;3.30572e-07;0.0262515;0.000337304;0.019687
5.78978e-09;4.86645e-11;0.999999;3.94956e-11;6.22649e-08;4.82163e-10;3.32417e-10;4.38728e-07;1.45722e-09;5.8233e-12;1.32236e-10;2.24456e-09;1.05843e-12;1.38094e-11
3.22398e-07;0.00245398;1.62101e-08;1.0246e-08;3.17326e-07;3.18831e-08;5.15435e-10;0.997322;4.05637e-07;3.41437e-10;3.06093e-08;2.32962e-05;0.000199165;3.65811e-10
4.34095e-05;0.298124;1.10835e-05;0.00137741;0.00049486;0.00025092;1.77675e-05;0.538602;3.21941e-05;0.000116918;5.15898e-05;0.070408;0.0903204;0.000149099
1.30007e-05;0.066337;7.32874e-06;2.78849e-05;3.67228e-07;1.73681e-07;1.04354e-05;0.796422;4.14628e-06;2.20838e-06;0.000125514;0.13044;0.00660599;3.72623e-06
0.000751614;0.856879;0.000436004;0.000947851;0.0149602;1.22464e-05;0.000600904;0.0935539;9.88137e-05;1.06722e-05;0.000336843;0.0229274;0.00545447;0.0030302
0.000319671;0.521895;2.75701e-07;0.000302684;0.000153963;2.88012e-05;0.012145;0.266812;0.00530219;0.00103326;0.00155513;1.53264e-06;0.19032;0.000130703
3.31075e-09;1.04998e-10;1;1.06153e-09;1.69989e-10;2.14727e-11;1.91686e-09;3.32541e-10;1.02985e-09;5.90126e-11;1.7697e-08;4.60089e-08;1.01393e-10;1.48613e-13
0.000156257;0.0885908;0.000691001;9.69648e-05;0.000114089;5.64083e-05;4.28809e-07;0.0484654;0.00881843;3.18419e-06;0.000165223;0.851916;0.000660752;0.000265256
3.37973e-05;0.924574;2.38898e-07;9.42842e-06;5.41616e-05;0.000244434;3.25571e-07;0.000835109;0.00025484;1.69704e-05;8.53909e-05;0.000830829;0.072884;0.000176412
2.22823e-05;0.013461;0.00736398;1.12251e-05;0.000359835;4.27006e-07;6.26035e-07;0.000143199;1.98038e-06;2.83413e-06;1.03718e-06;0.969529;5.82381e-06;0.00909638
0.000270108;0.0328234;1.51739e-08;7.60557e-05;0.000716487;1.34835e-05;4.62172e-05;0.783495;0.125622;1.51544e-05;0.000453776;8.98086e-05;0.0563381;4.00974e-05
1.06162e-05;0.976538;0.00282091;5.2675e-07;6.4405e-06;2.0363e-06;7.47436e-07;0.0204016;1.04735e-07;6.04274e-06;2.71041e-09;2.5765e-06;0.000148086;6.24827e-05
5.34401e-09;2.59431e-09;0.999999;4.08892e-09;3.21628e-07;9.39188e-09;4.72351e-11;4.32571e-07;5.89262e-09;6.55421e-10;1.21774e-09;7.71261e-08;5.05282e-10;4.50687e-09
5.87512e-07;3.15821e-05;0.995208;6.40891e-07;5.33466e-06;2.39798e-07;1.82333e-08;0.00196534;2.50415e-07;4.15816e-08;5.65657e-08;0.00268518;1.85838e-07;0.000102603
1.33758e-07;0.000415587;1.93559e-05;3.68164e-07;1.20396e-05;0.001213;6.31623e-09;4.48916e-06;5.99198e-09;1.08053e-07;5.85371e-08;0.000112666;1.07201e-06;0.998221
1.66182e-05;0.00127783;4.0198e-09;2.36205e-07;4.61342e-07;1.15153e-05;1.50626e-08;0.108775;8.10594e-07;3.81796e-09;2.30959e-06;2.17448e-05;0.889894;5.59048e-08
1.69482e-05;0.0357892;3.34468e-08;8.9232e-06;3.00397e-07;2.14035e-06;9.12437e-08;0.00106321;3.64232e-06;4.97938e-07;2.58927e-06;0.0150062;0.948103;2.8551e-06
3.79941e-05;0.0936863;1.21777e-05;0.000584666;0.00038569;2.34197e-06;0.000112419;0.615329;3.67853e-05;8.34916e-05;0.000278046;0.289076;0.000339505;3.50655e-05
0.000126466;0.132515;0.490574;0.20476;0.0171873;0.0303856;2.88549e-05;0.00529643;1.13652e-05;0.000755852;0.00163504;0.0706819;0.0445644;0.00147753
0.00216965;0.433213;0.000141594;0.000753947;0.000376163;1.81888e-05;0.00348227;0.052214;0.00500729;6.11794e-05;0.47468;0.000210329;0.0270535;0.000619143
0.00015146;0.0446725;1.00628e-08;3.28447e-06;0.00196596;0.00029497;0.00434902;0.925649;0.000233933;0.0003002;0.000178037;8.76503e-08;0.022151;5.02899e-05
4.32932e-08;3.71782e-10;0.999999;5.60276e-09;2.51794e-09;4.6993e-10;7.28675e-08;3.22915e-09;3.83182e-08;1.04703e-09;7.47949e-08;2.46584e-07;5.32512e-11;1.14957e-12
2.24051e-05;0.000566196;0.00215177;2.63069e-05;5.2312e-06;6.08645e-07;4.08136e-07;3.22251e-05;0.00209659;7.84239e-07;6.31884e-05;0.995026;1.09996e-06;7.224e-06
3.03046e-06;0.997563;1.24361e-11;1.19564e-07;1.48814e-07;7.63032e-07;0.00129126;4.07706e-05;5.76754e-06;1.58903e-05;8.35117e-07;1.51449e-10;0.000170897;0.000907379
1.77842e-08;1.92644e-09;0.999997;2.04828e-09;4.45814e-07;5.00635e-10;5.14942e-10;4.87947e-09;1.92731e-09;6.20764e-11;1.65025e-10;2.86767e-06;1.48888e-12;3.05222e-11
5.47288e-06;0.000590311;2.41089e-08;5.3762e-08;0.000884633;1.06854e-08;4.59751e-10;0.9984;1.1278e-07;1.41182e-09;1.7378e-09;2.26569e-05;5.88916e-06;9.04362e-05
5.34397e-08;2.13624e-07;1.90759e-07;2.21294e-08;5.16583e-05;1.17439e-08;3.33519e-09;0.999946;3.54336e-07;4.43175e-08;5.51117e-09;1.059e-08;1.51691e-06;1.88158e-08
2.82728e-08;9.76777e-07;0.999993;1.2865e-07;4.13725e-06;6.71196e-07;1.40842e-11;7.04889e-09;4.05659e-11;6.28686e-09;2.59247e-09;2.4853e-07;1.73263e-08;9.96637e-07
3.98442e-07;0.99904;2.24688e-07;3.29306e-07;4.49808e-07;2.80297e-07;8.36378e-06;0.000865707;2.24087e-05;3.74322e-08;2.29585e-05;3.22011e-06;3.31665e-05;2.73905e-06
