1.84248e-07;0.999778;1.73491e-09;1.45915e-08;5.90105e-09;5.06676e-08;1.63758e-06;6.07603e-05;4.21168e-09;2.57548e-06;1.3723e-09;2.31952e-08;0.000155558;7.02324e-07
9.65509e-12;3.12505e-10;0.999999;1.27691e-11;6.55319e-10;6.65077e-11;1.1038e-11;8.92991e-11;2.49465e-14;1.12177e-11;5.85689e-14;6.36285e-07;3.65361e-13;3.26621e-12
2.26222e-07;0.0171759;1.12114e-08;1.03417e-06;3.6587e-08;5.77546e-05;4.10712e-06;2.12956e-06;3.22901e-07;3.40896e-07;8.9295e-07;2.21468e-06;0.982741;1.44143e-05
4.66427e-08;0.000131413;0.998502;4.92316e-07;1.65818e-09;3.57184e-08;9.43977e-06;6.10569e-09;1.57347e-09;5.65721e-06;3.0654e-08;0.00135078;7.41556e-09;2.61342e-07
1.41817e-08;7.478e-09;0.999998;4.02183e-09;1.10285e-08;5.42085e-09;1.04042e-06;9.82445e-09;2.41833e-08;5.83943e-09;9.69044e-07;3.40536e-07;1.97978e-12;3.10364e-09
1.10384e-09;0.999998;4.87957e-10;8.731e-10;1.21117e-10;2.90502e-09;6.61001e-08;6.71651e-08;1.59578e-11;5.87548e-08;8.6164e-10;1.96979e-10;1.91971e-06;1.00858e-07
3.0697e-09;4.79135e-07;0.999949;2.83641e-09;3.07482e-08;8.51921e-08;7.24664e-08;8.30625e-07;1.19566e-09;4.72362e-09;6.36856e-09;4.96902e-05;5.50875e-10;2.21957e-07
2.06588e-06;0.00343019;1.08972e-09;5.37255e-07;2.4488e-07;7.14694e-07;4.56348e-07;0.00757413;4.99108e-06;3.54211e-08;2.5662e-05;1.91517e-06;0.988959;2.54424e-07
0.000124885;0.0484504;0.633475;9.753e-05;2.9432e-06;1.93739e-06;3.28429e-06;0.00101711;3.04627e-06;2.41356e-06;4.38693e-05;0.2938;0.0226518;0.000325525
0.000128276;0.821099;2.99352e-07;0.000145997;0.00100428;0.000911466;6.54215e-06;0.0412937;5.05526e-05;1.04068e-05;0.00270601;0.00236483;0.127365;0.00291393
7.08058e-05;0.869678;1.17502e-08;1.38159e-05;6.51702e-05;6.49318e-05;0.00118118;0.000634652;7.0854e-06;0.00306276;3.58517e-05;1.02634e-05;0.00284865;0.122327
6.13117e-08;3.62232e-08;0.999994;1.52928e-08;2.15537e-07;1.39457e-08;1.65192e-07;1.81328e-08;1.27341e-08;2.7737e-08;2.81558e-07;5.64541e-06;4.8529e-10;4.08299e-10
0.000315612;0.658808;1.64012e-05;1.5782e-05;0.00124553;7.26688e-07;0.000424101;0.326618;0.000579504;7.09508e-07;0.000637109;0.000390083;0.0109109;3.69254e-05
6.26186e-05;0.160704;1.44311e-05;0.000132248;0.00121157;1.41236e-05;7.09783e-05;0.0224381;0.00023781;1.7806e-05;9.48252e-05;0.746104;0.000280552;0.0686166
0.000194502;0.45126;4.68835e-06;8.9458e-06;5.55383e-06;3.8441e-06;6.20307e-05;0.0058809;7.19092e-05;9.33747e-07;0.000551492;0.0639636;0.477223;0.000767985
1.89062e-07;0.987673;1.02602e-09;4.1398e-07;2.29932e-08;5.40841e-08;0.00173223;0.00102888;1.07489e-06;4.18038e-05;5.26038e-07;5.31363e-09;6.99497e-05;0.00945187
6.36384e-13;5.85836e-14;1;1.14578e-11;7.29752e-12;1.59276e-11;2.71339e-12;1.26985e-11;6.98331e-13;7.46039e-13;9.77411e-12;5.67519e-09;4.58403e-15;1.48164e-12
4.80908e-05;0.0854851;7.36515e-08;1.19451e-05;0.00120666;2.05909e-05;1.37142e-06;0.904323;0.000273697;1.14974e-06;0.000193846;0.000985442;0.0064289;0.00102039
3.53047e-05;0.933292;3.35893e-06;1.6588e-06;0.000562171;1.17783e-05;5.13601e-05;0.0587466;3.59363e-06;9.7446e-05;3.97837e-06;0.000160465;6.12285e-05;0.00696898
0.000556208;0.00261015;0.272872;0.000131587;0.128445;0.000458477;4.66982e-07;0.00137858;3.89665e-06;3.38456e-05;3.53776e-05;0.56961;0.000191283;0.0236735
2.62651e-07;0.999193;4.13364e-12;2.05158e-08;3.26552e-08;3.77705e-09;0.000192522;7.07845e-06;5.78812e-06;2.05202e-07;7.04593e-07;1.2824e-09;4.3799e-06;0.000595844
0.000163245;0.000941934;6.95991e-07;4.29451e-05;2.38835e-06;1.94214e-06;0.0437078;0.00403444;0.903714;1.40089e-05;0.0464806;3.20911e-06;0.000893067;8.18411e-08
4.71485e-05;0.998568;1.04381e-05;3.21239e-06;4.96475e-06;1.75434e-08;1.95864e-07;0.00131993;3.2782e-06;1.96567e-07;2.0571e-07;2.33843e-05;1.87237e-05;3.38724e-07
4.33806e-06;0.987453;1.318e-09;7.66902e-08;1.1655e-06;1.36797e-06;3.3363e-05;0.00089951;7.86212e-07;7.3751e-05;2.9615e-08;5.535e-08;0.0113366;0.00019561
1.20761e-09;3.46492e-10;0.999935;1.50706e-10;8.42702e-08;2.20498e-09;1.00678e-10;2.30098e-09;4.55774e-10;7.07709e-11;2.94552e-10;6.47024e-05;3.48161e-12;1.27357e-10
7.54523e-06;0.940444;7.85444e-08;1.40615e-05;0.000605674;6.17485e-05;5.73187e-05;0.0146268;0.000831691;2.40681e-06;7.82836e-05;1.15656e-05;0.0431879;7.10489e-05
0.000177368;0.0168177;0.00166405;1.99582e-05;1.06728e-05;0.000124802;8.01887e-05;0.00922904;0.00147264;4.60338e-06;0.00111902;0.967466;0.00179001;2.42886e-05
0.000204484;0.137682;6.86761e-06;0.00114718;0.000980619;0.0642493;2.88543e-05;0.0305989;0.0112429;1.45004e-05;0.00528833;0.0340199;0.704418;0.0101176
0.000158579;0.276772;8.01388e-06;1.31289e-05;0.00136765;8.45775e-06;9.74989e-07;0.581885;1.36906e-05;1.19444e-06;7.10998e-06;0.136574;0.00260632;0.000583606
4.1863e-06;0.99728;2.07203e-08;8.93493e-08;3.1054e-07;5.99884e-07;4.06022e-06;0.000380809;3.98292e-08;5.87048e-06;3.35753e-08;5.9371e-05;0.000147039;0.00211754
1.5577e-09;2.47724e-10;0.999997;3.26871e-10;4.91668e-10;3.11562e-10;1.1916e-09;2.03747e-08;4.20648e-11;8.56489e-11;5.71587e-11;3.38365e-06;1.83212e-11;4.09128e-11
0.00036837;0.717321;3.22615e-05;0.00370773;0.000501343;0.00072816;0.00471259;0.0799497;0.0596151;0.000141515;0.0135589;0.0817846;0.021127;0.0164515
1.9878e-05;0.981428;1.62824e-10;3.18996e-05;0.000543727;6.90656e-06;0.00922921;0.00660244;2.58527e-05;0.000431533;0.000213853;6.92738e-05;0.000537034;0.000860377
0.000219818;0.0297512;0.297954;0.00756369;0.0686648;0.00187011;0.000903192;0.00112341;8.19373e-05;0.00159403;0.000553485;0.587212;0.000252014;0.00225648
9.86686e-06;0.00167422;0.997882;1.22152e-06;4.02222e-07;3.26094e-07;0.000174114;1.67404e-06;5.71147e-06;1.37445e-07;3.98642e-05;6.35036e-05;0.000146614;3.8559e-07
4.30557e-06;0.986765;2.03116e-07;7.76929e-07;1.52671e-05;4.24801e-06;1.24581e-06;0.0125714;4.39687e-06;5.64272e-07;1.36178e-06;0.00010118;0.000477742;5.25992e-05
0.00044261;0.678003;3.98984e-07;4.71252e-06;5.47459e-05;2.22488e-06;6.92072e-06;0.00785119;0.000110057;1.19129e-06;1.96424e-05;0.0693995;0.24349;0.000614119
0.000318106;0.326143;1.32808e-07;2.08051e-06;4.6453e-05;2.47684e-05;1.8549e-06;0.284487;3.58488e-05;8.18243e-07;2.09301e-06;0.314807;0.0632391;0.010891
1.7561e-06;0.965877;3.80383e-07;3.95506e-06;3.23684e-07;1.32248e-06;0.0124375;0.00818606;1.05834e-05;0.00032783;2.94107e-06;4.03468e-06;1.90882e-05;0.0131271
1.84162e-10;4.94589e-10;1;5.25541e-09;1.52925e-10;3.76091e-09;5.29855e-08;3.48924e-09;1.96365e-09;3.2506e-09;1.57559e-08;1.0101e-07;2.85953e-12;6.60604e-11
0.000182422;0.946025;0.000860997;1.25921e-05;7.51853e-07;2.39016e-06;0.00010885;0.0390325;7.26035e-05;1.57122e-06;0.000612948;0.00710104;0.00598538;9.50277e-07
2.0094e-07;0.00457036;9.90379e-08;3.52903e-06;2.59981e-05;9.82931e-07;5.82034e-08;0.000810305;2.27003e-06;1.89908e-07;1.68225e-05;0.992659;0.0010088;0.000900964
6.94721e-06;0.570727;1.75506e-07;0.000112977;8.35532e-05;8.16928e-05;5.85267e-06;0.00342272;3.6569e-05;1.57477e-05;6.20569e-05;6.92479e-05;0.42537;5.67418e-06
0.000487905;0.0108382;0.233177;0.000623371;0.000270605;5.15008e-05;1.13815e-06;0.000129695;4.87347e-06;5.96129e-05;4.09227e-06;0.705457;4.29604e-05;0.0488516
0.00113612;0.0647497;4.26624e-08;0.000186213;0.000125218;0.000271548;3.41486e-05;0.784543;0.00828286;2.09473e-05;0.00162746;0.00022894;0.138774;1.94256e-05
0.000115956;0.97838;2.7537e-10;8.0078e-05;1.00086e-05;6.75313e-06;4.45605e-05;0.00269456;0.000629983;7.09799e-05;0.000446719;0.000475451;0.0170161;2.90539e-05
0.00350301;0.969556;0.000850898;0.00183486;0.000870842;1.82103e-05;1.34927e-05;0.00535825;0.000146536;2.80249e-05;6.25398e-05;0.0171746;0.000414962;0.000167958
0.000256627;0.930611;4.5494e-08;1.489e-05;1.74626e-05;2.32067e-05;0.0324078;0.00782116;0.000227256;0.00327868;4.36865e-05;2.53566e-06;0.0186246;0.00667151
4.07862e-09;1.03624e-10;0.999993;1.11056e-09;4.8891e-08;3.78956e-09;4.44381e-09;7.07726e-09;2.96088e-09;5.6919e-10;1.29446e-08;6.98981e-06;2.58904e-11;3.96349e-11
1.62609e-05;0.943169;1.58396e-07;3.28378e-05;0.000252782;2.4278e-05;0.000154381;0.0135799;0.00422381;2.18884e-06;0.00167687;0.000509095;0.0363513;7.04096e-06
4.55352e-05;0.0392906;0.000213725;7.07938e-06;2.77037e-05;7.60546e-05;1.0368e-05;0.0172033;0.000164502;7.92218e-07;9.46172e-05;0.931128;0.0115656;0.000171909
0.000104976;0.0999003;5.1422e-06;0.00182425;0.00291252;0.0339704;7.91286e-06;0.0432958;0.00358281;1.0845e-05;0.000861535;0.0711917;0.718697;0.023635
2.40978e-05;0.942626;7.59072e-08;5.114e-05;5.37919e-05;9.13494e-06;2.09867e-08;0.0233415;6.3332e-06;8.4201e-08;1.61022e-05;0.0316359;0.000465654;0.00176979
0.000100809;0.100071;1.57322e-08;5.77647e-06;1.89884e-05;5.47251e-06;3.52999e-05;0.041701;8.57424e-06;3.33516e-06;4.01765e-05;9.49473e-05;0.855535;0.00237967
0.000208407;0.0012103;5.663e-06;0.000565073;0.00559435;0.000707498;4.32181e-06;0.914263;0.0158014;8.18795e-06;0.000963033;0.0602278;0.00028279;0.00015816
1.56054e-05;0.0014969;2.58162e-08;1.0188e-06;9.13851e-08;3.79369e-06;6.0907e-07;0.000113259;1.85534e-05;3.85986e-07;3.06839e-06;5.70369e-06;0.998341;8.39202e-08
1.84888e-06;3.50669e-05;0.000153097;3.34858e-05;5.03928e-06;1.82324e-07;2.02604e-07;2.04312e-06;1.66586e-05;3.19946e-07;2.84735e-05;0.999719;1.23995e-06;3.77421e-06
6.66986e-05;3.60157e-06;7.88748e-08;5.07973e-07;3.19469e-05;9.14525e-09;1.39362e-07;0.999831;5.57237e-05;5.11856e-08;1.27318e-06;1.14941e-07;8.10787e-06;2.7305e-07
5.30222e-06;0.000159186;3.23346e-08;2.35081e-07;0.000116242;6.36528e-08;7.15025e-06;0.996826;0.00286;3.55735e-07;1.75555e-05;2.2249e-08;7.7074e-06;1.56453e-08
1.71998e-06;3.29826e-06;0.999979;6.06205e-07;1.18219e-05;5.39245e-07;2.27464e-10;5.29285e-08;6.64014e-08;7.52627e-08;1.23402e-07;5.02511e-07;6.9041e-09;2.24731e-06
7.60586e-06;0.989776;2.21453e-06;1.55168e-06;3.16394e-06;1.4278e-06;6.1304e-06;0.00863068;0.00141241;3.04568e-07;7.86161e-05;1.38324e-05;6.43094e-05;2.08305e-06
