3.5847e-06;0.0165172;1.11003e-07;1.60793e-06;4.20057e-07;1.61116e-06;7.4579e-08;0.000877408;2.88338e-06;2.40713e-08;1.29313e-06;8.51921e-05;0.982508;6.80904e-08
6.94833e-06;0.000513108;6.87161e-10;1.00521e-05;0.00159162;8.09261e-06;3.51791e-09;0.0480171;8.35297e-06;2.04902e-06;7.07259e-06;0.949767;5.28157e-05;1.60386e-05
5.88339e-05;0.98115;0.00236206;0.000186608;3.08445e-06;1.37425e-05;0.00605297;3.69727e-05;1.56786e-06;0.00964686;5.83e-05;9.5729e-06;2.2521e-05;0.000396838
9.97728e-09;1.00882e-09;0.999998;3.1876e-09;1.58848e-09;2.25715e-09;7.17748e-07;4.00662e-08;2.27763e-08;2.50517e-09;1.65245e-07;7.46554e-07;1.94858e-12;4.03956e-10
5.36461e-07;0.992658;5.35978e-09;1.04715e-08;3.88089e-10;8.42004e-08;1.2184e-06;4.75612e-07;4.76321e-08;4.14911e-09;7.97986e-07;1.15689e-05;0.00732685;5.82588e-08
1.24838e-05;0.00550197;3.78059e-06;9.27455e-06;0.000674936;0.000138848;4.95848e-07;0.00228516;9.5118e-06;5.72932e-07;2.71837e-05;0.9688;0.0155198;0.00701541
4.45942e-05;0.739653;9.93713e-07;0.00123187;0.00107946;0.00892662;0.000817163;0.0758538;0.000193021;0.000879569;0.00098883;2.84394e-06;0.158148;0.0121802
3.6819e-10;9.11219e-11;1;7.63173e-10;1.33234e-11;4.09801e-11;2.87888e-10;3.30237e-10;4.74483e-11;1.70849e-11;2.89889e-09;4.93989e-08;1.74024e-11;6.629e-13
1.09838e-05;0.00195454;0.000205814;7.32519e-06;4.71433e-06;2.69257e-06;2.01327e-07;0.0005302;2.80291e-05;2.26334e-07;3.60165e-05;0.996821;0.00014518;0.0002536
2.20253e-05;0.0137375;2.31749e-08;4.13696e-08;0.00338235;3.88663e-06;5.70911e-08;0.979702;3.33255e-07;6.17533e-08;6.94377e-07;1.79635e-05;0.000842457;0.00229095
5.11305e-05;0.996354;7.41869e-08;1.56248e-07;7.15359e-05;3.61418e-06;6.21902e-05;0.00151246;6.67162e-07;2.09315e-05;2.72483e-08;3.22811e-05;0.00128215;0.000609046
1.62561e-08;2.99148e-08;0.999987;2.45745e-09;7.60617e-08;3.25512e-08;6.90639e-09;3.23852e-06;2.26806e-09;9.13548e-10;1.38556e-10;9.39879e-06;8.64678e-12;7.41866e-09
8.06256e-05;0.0896097;3.21837e-07;6.95304e-05;0.000209382;2.36199e-05;2.17586e-05;0.903287;0.00126057;2.84511e-07;0.000177103;0.00421132;0.00103978;8.73104e-06
2.51846e-05;0.579792;5.42895e-08;0.000799479;3.08217e-05;4.15615e-06;5.87058e-07;0.413366;0.000161244;1.662e-06;1.76862e-05;0.00395151;0.00173064;0.000119242
0.000462445;0.0320334;6.78839e-06;0.000392173;4.65549e-06;1.78285e-05;1.32024e-06;6.71656e-05;0.0017031;2.20396e-05;0.000808187;0.917343;0.0351434;0.0119942
4.70524e-05;0.986699;8.52614e-09;1.74957e-06;3.30974e-05;1.36579e-06;2.25331e-06;5.18204e-05;3.02694e-07;8.49491e-07;3.32013e-07;0.000915451;0.0104461;0.00180098
8.17134e-05;0.0353526;0.0129694;1.134e-05;0.000485972;7.26854e-05;3.86528e-07;0.626335;3.12834e-05;1.48442e-06;1.81333e-06;0.257708;0.0662736;0.000675238
2.13554e-05;0.00243829;1.94541e-07;0.000276122;0.00338264;0.5105;0.000128453;0.000204927;0.000694678;0.00020912;0.000400726;0.000136844;0.469896;0.0117103
0.000582519;0.00164995;0.986684;3.69002e-05;4.94885e-05;9.26474e-06;7.80145e-06;3.0602e-05;1.89042e-06;1.9398e-06;1.41442e-05;0.0106587;7.46528e-05;0.000197559
1.49041e-05;0.994006;3.97788e-08;7.72976e-06;1.91645e-05;2.46521e-05;2.24158e-05;0.000592526;0.000210951;1.52542e-07;9.18766e-05;8.11938e-05;0.00315172;0.00177696
2.29104e-05;0.977352;0.000175379;4.0014e-07;1.72966e-07;4.24064e-08;1.64162e-06;0.019545;1.67278e-06;1.12583e-07;2.53444e-06;0.00103724;0.00186107;1.75274e-07
7.33554e-07;0.000261609;0.000223552;0.000101992;0.000279308;3.83577e-05;2.11814e-07;0.00992081;1.14688e-05;1.32506e-06;1.47532e-05;0.98616;0.0026316;0.000353851
2.96188e-06;0.997653;2.23884e-07;1.72242e-05;2.7889e-06;7.93644e-07;6.81488e-05;0.000182967;1.15258e-05;1.0871e-05;0.00032532;8.58959e-05;0.00152046;0.000117563
4.43538e-05;0.00996124;2.82088e-07;2.11788e-06;0.0104949;1.29886e-06;5.68277e-06;0.978812;2.62617e-05;0.000130232;3.45114e-06;1.8357e-05;0.000100321;0.000399114
3.56505e-05;0.000319221;0.99892;5.40119e-06;0.000289412;1.94359e-06;1.03164e-07;7.65025e-05;2.89308e-06;8.19e-07;5.80608e-07;0.00030872;2.66725e-05;1.25886e-05
0.000439624;0.0682268;1.14456e-06;1.90532e-06;8.90132e-05;4.20872e-06;0.00025772;0.92662;0.0021737;2.88711e-05;0.00013258;7.73785e-06;0.00197146;4.52274e-05
3.32084e-09;3.24179e-10;1;1.28375e-10;1.77788e-09;5.60053e-11;3.84278e-11;1.16191e-08;1.49334e-09;4.27911e-11;1.82833e-10;5.80933e-08;2.54057e-11;1.36099e-12
7.07e-07;1.52892e-06;0.998516;1.2178e-07;1.14291e-06;4.46437e-08;4.25395e-09;0.000284785;8.2124e-07;1.67798e-08;1.08805e-08;0.00118763;5.57725e-08;6.68928e-06
7.44187e-07;6.27922e-05;7.21918e-06;8.59298e-08;5.41956e-05;6.27714e-05;2.32324e-09;5.95791e-06;2.25041e-08;6.90084e-08;2.66754e-08;0.000156862;4.52522e-08;0.999649
8.51863e-05;4.66101e-05;3.9186e-09;1.88602e-07;3.81524e-05;7.02333e-06;1.54019e-08;0.99895;7.80596e-06;2.94975e-09;6.21366e-06;4.4162e-05;0.000813607;4.16983e-07
5.91443e-05;0.139203;1.91832e-08;1.91602e-07;3.72249e-06;7.23793e-07;1.33008e-08;0.614753;2.62075e-07;1.1686e-07;1.75594e-07;0.000182883;0.245777;1.91462e-05
3.9816e-08;7.00786e-05;1.28196e-05;7.09956e-06;5.75643e-05;3.01953e-07;4.61806e-07;7.86067e-05;7.71732e-07;1.97405e-06;4.47731e-06;0.99974;5.18598e-07;2.50031e-05
2.02458e-07;9.22367e-05;0.999869;2.22777e-06;8.56129e-07;1.09369e-07;1.37651e-05;4.17773e-06;7.65217e-08;6.26156e-07;3.75833e-06;3.40143e-08;1.29326e-05;3.61945e-07
0.00083449;0.959498;4.83509e-06;1.6018e-06;0.000186113;3.58703e-07;3.17121e-05;0.0353047;0.00038209;3.60384e-06;3.62527e-05;0.000275117;0.00325078;0.000190079
0.000136343;0.969834;8.18882e-08;9.89498e-07;6.80017e-05;2.14519e-07;2.06685e-06;0.00176746;0.001535;1.09515e-07;1.12374e-05;0.0205769;0.00604003;2.75607e-05
7.37931e-05;0.963661;1.84537e-08;8.63012e-07;4.79339e-05;1.55994e-07;6.43736e-07;0.00157876;3.40499e-05;1.21278e-06;9.3509e-07;0.00853382;0.0249041;0.00116314
5.92157e-05;0.0395889;2.54335e-06;7.8748e-07;0.000727633;6.6333e-06;1.33584e-07;0.135423;0.00010406;3.52499e-07;5.52716e-07;0.823753;0.000279916;5.31935e-05
2.90166e-05;0.137686;6.85234e-07;1.72741e-05;0.000455589;0.00844757;1.89742e-06;0.000296679;1.55888e-05;1.25391e-05;1.28793e-06;0.000125635;0.851946;0.00096353
0.000725497;0.00132486;0.760397;3.16978e-05;3.78139e-05;0.000189669;5.06026e-07;2.66846e-05;2.58019e-07;2.35189e-06;2.28432e-07;0.235408;0.00083245;0.00102283
6.98483e-05;0.93136;5.89521e-07;1.0531e-05;0.000373649;0.000457157;1.31379e-05;0.0145504;8.63733e-05;4.01566e-07;1.71572e-05;0.000293207;0.0501188;0.0026489
2.35888e-06;0.999233;2.95335e-08;1.17186e-07;4.81549e-09;5.59027e-08;8.80123e-05;8.17779e-06;1.16354e-07;2.62068e-05;6.66177e-08;3.58763e-07;0.0006314;1.00606e-05
3.6156e-09;5.55099e-09;0.999999;8.00548e-09;8.88582e-10;9.64733e-09;5.685e-08;3.17415e-09;5.94497e-09;1.29162e-08;9.38286e-10;1.22396e-06;1.32504e-11;7.12777e-11
5.718e-05;0.168945;7.17795e-08;0.00011181;4.26886e-06;7.67687e-06;2.09505e-05;0.479303;0.00803651;7.99257e-06;0.00598091;0.000538832;0.336985;2.64789e-08
0.000540854;0.202715;0.102872;0.00325956;0.00624132;8.05296e-05;2.03761e-05;0.145589;4.8375e-06;0.000271708;0.000297544;0.523351;0.0130643;0.00169219
9.41329e-08;0.00303973;6.39458e-09;6.62996e-07;9.57704e-09;2.26802e-08;0.99577;1.65322e-08;8.79357e-07;0.00111902;6.53328e-05;3.92552e-08;3.87296e-07;3.37176e-06
2.33247e-09;1.40942e-09;0.999984;1.1313e-07;8.18011e-10;1.42516e-09;1.02682e-05;1.45517e-09;8.41915e-08;6.61611e-08;5.07211e-06;1.68549e-07;2.3803e-12;5.7147e-11
1.62712e-06;0.999847;3.9301e-09;9.21989e-07;1.49726e-07;9.59709e-09;2.14524e-06;6.95825e-05;6.95747e-07;5.62418e-08;6.78928e-06;3.40607e-06;6.72522e-05;1.97668e-08
3.56229e-07;0.999414;4.55637e-09;2.01376e-08;1.06836e-08;1.57141e-09;4.22659e-07;1.22718e-06;5.51907e-09;1.89238e-08;4.76674e-08;2.85796e-05;0.000553863;1.22095e-06
2.03655e-08;8.51675e-05;3.24596e-07;3.5291e-07;5.42669e-06;1.11195e-07;8.36337e-09;1.01818e-05;1.96374e-07;1.81145e-09;8.80926e-07;0.999646;8.28325e-07;0.000250107
1.81772e-06;0.317923;3.66495e-08;1.36123e-06;2.42369e-07;1.05405e-06;4.59301e-06;0.000586343;7.85531e-07;4.38691e-08;4.06664e-06;1.09033e-05;0.681464;1.07826e-06
1.52034e-06;0.000540548;1.44204e-05;1.00385e-06;2.21466e-06;3.04281e-05;6.30273e-08;0.000404787;2.91695e-07;1.78941e-07;2.73971e-07;0.992811;0.00578492;0.000408507
0.000397465;0.463073;0.0002792;0.00429922;0.00301035;0.0927496;0.000124523;0.051311;0.000169231;0.000178261;0.00189393;0.110994;0.263365;0.00815494
0.000160154;0.970171;3.14122e-07;3.49441e-05;0.000100333;6.08509e-05;1.21757e-06;0.0161335;1.5715e-06;1.66679e-06;9.49835e-05;0.00109443;0.00650323;0.0056412
2.32089e-07;0.99967;4.54456e-10;6.6932e-09;1.91937e-09;1.67465e-08;7.71706e-05;3.9508e-07;4.00165e-10;1.3125e-06;6.36932e-09;1.83148e-09;1.80304e-06;0.000249424
2.0468e-11;1.52222e-11;1;5.26989e-12;1.23318e-10;1.44791e-12;4.42215e-11;4.24111e-10;2.52294e-13;2.34014e-12;7.85522e-12;2.05459e-07;4.84465e-14;3.48876e-13
4.44526e-05;0.167783;8.17821e-06;0.000977739;0.000121135;0.000404543;0.0443211;0.216089;0.0407754;0.000565128;0.0476402;1.41372e-05;0.48123;2.52528e-05
2.8914e-05;0.995172;5.42108e-05;0.000247861;1.22393e-06;9.82968e-07;1.20051e-05;0.00160378;3.1241e-06;2.92756e-05;5.80306e-05;0.00224106;0.000544593;2.82708e-06
1.44599e-06;0.994289;6.24214e-09;6.58473e-08;1.34058e-08;4.09408e-08;0.00517267;8.99003e-06;5.09421e-08;0.000175454;2.86344e-07;4.37709e-08;0.000248267;0.000103622
1.21431e-10;1.44247e-09;1;1.73739e-10;1.326e-08;1.82894e-08;5.54448e-08;8.64938e-09;2.78729e-10;7.96908e-08;1.02513e-09;3.26141e-08;8.63392e-12;9.9809e-10
1.01983e-08;3.35551e-07;0.999996;9.89332e-09;9.94123e-09;4.25594e-09;2.8377e-08;2.87388e-06;4.05346e-07;1.86601e-09;1.17704e-07;1.79295e-08;2.08304e-07;4.66991e-10
4.94286e-10;6.92585e-08;0.999896;6.84059e-09;1.0169e-08;2.20751e-09;4.37971e-10;2.4622e-06;5.12022e-10;2.9671e-10;5.1026e-09;9.9413e-05;4.94879e-10;2.14041e-06
4.1187e-09;5.99852e-05;3.32636e-06;2.75382e-07;9.73263e-05;0.000555456;6.81088e-11;3.05295e-05;6.72296e-11;6.68371e-09;4.50018e-09;2.62633e-05;5.71598e-08;0.999227
3.45311e-07;0.0850251;8.09664e-07;5.59717e-07;8.36652e-07;7.03305e-06;7.93871e-09;8.4336e-05;1.12033e-09;2.80024e-09;2.82193e-06;0.000330987;0.914547;1.9619e-07
3.49811e-07;0.0044493;2.85945e-09;4.45503e-07;0.000207092;4.86527e-06;2.27703e-09;0.994296;1.93993e-08;1.09645e-08;1.6774e-06;0.000205798;0.000738158;9.66071e-05
8.42797e-07;0.986832;1.03404e-06;1.04222e-05;1.86945e-06;8.12288e-07;0.00829424;0.000636787;6.43093e-09;0.00385315;8.00556e-06;4.78381e-06;0.000233631;0.000121983
4.80165e-11;5.65685e-13;1;1.00553e-10;3.43196e-10;2.23858e-12;4.94751e-10;1.26218e-10;3.85667e-12;2.61304e-11;3.59713e-10;1.86504e-09;5.5115e-15;7.76378e-14
0.00326855;0.16672;4.87364e-06;0.000371372;0.00665435;6.93553e-06;0.000951994;0.805526;0.00911287;8.17767e-06;0.00418245;0.00200499;0.000986325;0.000200647
0.00076319;0.028406;6.85581e-08;0.000685118;0.000126947;2.03518e-06;3.7365e-05;0.0586582;0.645794;1.37029e-05;0.0891682;0.171306;0.0050311;7.99957e-06
0.000182309;0.960186;6.4148e-09;8.84228e-07;1.74262e-06;1.49123e-08;1.7726e-07;0.0308608;0.000526548;4.29915e-08;0.000850708;0.00119062;0.0062004;1.4134e-07
3.40077e-06;0.0276499;2.41083e-07;2.6218e-07;1.98411e-05;1.5329e-07;0.000235189;4.17595e-07;2.05192e-07;0.000348839;6.65619e-09;6.2768e-05;5.94241e-08;0.971679
6.18249e-06;6.20436e-07;0.993807;8.04828e-07;2.71074e-07;1.02112e-09;0.000240969;3.27266e-05;0.00580846;3.88949e-07;7.41074e-05;2.83887e-05;2.19312e-10;6.26081e-10
0.000283412;0.94114;1.28751e-07;0.000146027;3.75715e-06;8.43877e-07;0.000390026;0.00206266;0.0539803;1.74392e-05;0.00101277;4.73918e-05;0.000812744;0.000102425
4.09504e-07;0.00128297;9.68998e-08;5.02927e-08;2.45962e-08;3.66421e-10;6.48601e-10;2.37329e-05;2.77051e-07;1.51631e-10;1.81758e-07;0.998654;3.77547e-05;5.52945e-09
1.39418e-05;0.968802;1.11079e-05;6.77509e-07;0.00101397;2.09715e-06;3.5362e-08;0.0260046;1.87433e-07;1.59379e-06;3.12992e-09;6.03842e-05;0.00164955;0.00243964
8.59484e-08;2.14153e-06;2.66877e-10;3.2122e-07;2.33221e-08;1.70152e-05;8.6065e-07;2.69512e-07;2.93514e-05;1.05105e-06;1.36558e-06;1.81296e-08;0.999946;1.87469e-06
1.07755e-07;7.39742e-07;0.999997;2.32353e-07;1.09893e-08;5.0186e-09;1.86435e-09;2.58152e-08;3.66485e-09;5.3077e-08;8.16308e-10;1.99075e-06;2.467e-10;2.1389e-07
1.33363e-05;0.991639;4.6166e-06;6.73859e-05;1.50016e-05;1.14476e-05;5.53087e-05;0.00549641;0.00121921;3.24591e-06;0.000243186;1.30887e-05;0.00115739;6.10195e-05
