6.0289e-06;0.99503;0.00425818;0.000102695;1.49743e-06;8.96563e-06;8.17715e-06;0.000115427;2.44802e-07;3.44686e-06;6.35358e-07;0.000286239;0.000111997;6.66151e-05
1.11838e-05;0.992692;2.1678e-10;1.15273e-05;7.87487e-05;1.45577e-06;9.93784e-06;0.0030708;3.67074e-06;2.57394e-06;4.14456e-05;0.000272991;0.003362;0.000441999
0.000310553;0.850412;6.60983e-07;7.18511e-06;0.00027365;1.39106e-05;0.000215326;0.00474485;2.4092e-05;1.83268e-05;6.01248e-05;0.139559;0.00424652;0.000113983
0.00392661;0.0131931;0.0739875;0.00515081;0.380663;0.0823736;3.24185e-06;0.0385465;0.00114805;1.26978e-05;0.000818566;0.362392;0.00902133;0.0287632
0.000586979;0.182326;1.15251e-05;0.00166497;0.000202957;0.00140156;0.000363695;0.0329582;0.158734;5.51359e-06;0.220968;0.359598;0.00882459;0.0323537
2.1501e-05;0.0017192;3.13242e-08;1.53354e-07;3.10115e-06;1.03589e-06;8.27308e-08;0.997514;5.07694e-06;7.0026e-08;2.46948e-06;6.41343e-08;0.000730449;2.5862e-06
7.22123e-07;0.00299759;5.72221e-06;5.96258e-06;1.27878e-05;1.02874e-05;2.16712e-08;6.43458e-05;1.54993e-05;1.34832e-07;2.71428e-05;0.99591;0.000185741;0.000764004
1.41941e-05;0.84972;1.65154e-06;5.8239e-06;3.72737e-05;2.72519e-06;4.68075e-08;0.0359967;2.11554e-06;7.85636e-07;9.34441e-07;0.00486561;0.109316;3.66069e-05
9.49335e-06;0.00333186;1.88037e-07;8.87869e-06;0.0903337;2.00204e-07;1.52158e-08;0.0339083;5.5471e-06;4.6911e-07;1.2177e-05;0.871725;4.09906e-06;0.000659683
3.29977e-06;0.99397;0.0012695;5.37324e-06;6.07993e-06;7.54165e-08;3.9514e-06;3.75464e-06;1.00445e-07;2.96185e-05;4.38983e-08;4.20716e-07;6.30487e-07;0.00470711
0.000791758;0.00680724;2.65175e-06;3.2932e-06;5.9404e-07;2.02168e-07;0.0385414;0.0759742;0.859117;3.06409e-07;0.0145218;6.88917e-07;0.00423825;9.48361e-07
2.91619e-07;4.47493e-05;2.5301e-12;3.49168e-09;9.97474e-07;3.86599e-10;4.11093e-09;0.999915;5.44274e-06;4.16217e-09;2.62622e-08;2.4474e-07;3.3201e-05;6.0394e-10
0.000432066;0.816709;0.0977879;0.0121669;0.00123067;0.0128981;0.000353392;0.00135121;0.000821471;0.00280436;0.00027886;0.0411031;0.00982884;0.00223422
0.000196899;0.189498;2.0211e-05;7.84935e-06;5.40676e-08;1.89643e-06;0.00102342;7.71291e-06;0.000119301;1.49889e-06;0.000486825;0.804416;0.00421738;1.93803e-06
2.09853e-05;0.865825;1.82154e-06;2.84977e-06;3.95764e-05;9.76231e-05;4.74584e-07;0.00142171;4.03566e-06;3.28895e-07;1.49109e-05;0.116812;0.0157325;2.65201e-05
0.000768858;0.212279;3.12698e-05;0.00192334;0.0428052;0.285042;0.000207337;0.0787425;0.00102633;0.000188631;0.000841547;0.00783239;0.0415759;0.326736
1.25082e-05;0.00314678;1.30716e-07;1.01816e-06;1.80508e-07;3.07752e-06;5.86754e-08;4.80431e-05;4.87055e-06;1.61472e-08;5.34122e-06;0.00445527;0.992323;1.45335e-07
1.65658e-06;0.192875;0.00124447;1.69047e-05;1.86997e-06;5.86416e-08;1.29248e-05;9.92901e-07;1.10992e-07;0.000179287;5.37576e-08;6.4798e-05;1.21798e-07;0.805601
0.000237078;0.0630193;4.27821e-06;0.000139232;1.77566e-06;1.48716e-06;0.32305;0.00291673;0.370174;2.48357e-06;0.21175;5.28672e-06;0.0286978;9.51785e-08
5.51609e-05;0.00432519;1.59717e-08;1.75317e-07;7.04545e-06;5.56462e-07;9.00901e-08;0.983353;1.95554e-05;2.43172e-07;4.54794e-06;1.00476e-06;0.0122292;4.39174e-06
3.05378e-07;0.000144962;3.14536e-06;7.77634e-07;1.03076e-05;6.199e-07;8.27353e-09;2.84185e-06;7.36096e-07;3.13888e-08;1.97049e-06;0.999777;2.27855e-06;5.44472e-05
1.13426e-05;0.909757;1.01703e-06;9.23514e-07;5.4431e-06;1.74261e-07;9.61432e-08;0.00121052;3.25413e-07;2.25721e-07;6.31797e-08;0.000262165;0.0887401;1.06776e-05
0.000122983;0.0147651;6.43225e-07;0.00016067;0.623892;5.31208e-06;4.65216e-06;0.0158774;0.000160233;6.32849e-05;3.48036e-05;0.310318;1.74727e-05;0.0345778
0.000698868;0.907853;0.0813413;0.000165085;0.000802994;1.60757e-07;2.53828e-06;0.000179656;8.01052e-05;2.61484e-06;5.72936e-06;0.00831288;7.59309e-05;0.000479172
0.00200126;0.0284115;9.17591e-08;2.75865e-06;3.69598e-05;2.24442e-06;0.000179228;0.54215;0.368945;2.20313e-06;0.00186116;0.00317732;0.053093;0.000136824
2.66274e-05;0.969194;1.09702e-08;3.40309e-07;0.000110655;3.42143e-06;0.000185585;0.0167652;1.87404e-06;2.54413e-05;3.83855e-07;3.28326e-06;0.0135335;0.000149177
3.48165e-08;6.68269e-09;0.999997;2.51873e-08;2.01697e-06;6.35976e-08;1.66158e-09;5.36856e-08;6.52375e-09;7.35379e-10;1.98777e-09;5.00976e-07;5.64478e-09;2.44868e-09
3.53359e-06;0.057933;0.00397986;5.24971e-06;1.00556e-05;1.537e-07;1.78791e-05;3.87125e-05;6.79882e-07;4.34775e-06;5.12763e-08;0.00683749;1.33695e-05;0.931156
3.78498e-05;0.00869268;7.82507e-07;9.78349e-05;0.00797887;5.50633e-05;0.000962588;0.977952;0.00216889;0.000128;0.000357237;0.00136775;7.00305e-05;0.000130938
7.60094e-06;0.00781122;0.969073;0.000216143;9.69324e-05;0.000537468;5.32583e-05;2.17928e-06;7.48654e-07;8.30931e-06;6.85841e-06;0.0217666;1.42863e-05;0.000405367
4.95403e-05;0.793172;8.47612e-08;1.35459e-06;5.22225e-06;0.000140869;1.91007e-05;6.671e-06;5.24307e-06;2.56775e-08;2.23176e-05;0.000487504;0.206082;7.38736e-06
9.30077e-06;0.0152404;1.12772e-06;1.02621e-06;0.000620265;0.000873061;3.95627e-08;0.00993837;3.06388e-06;5.391e-08;3.20198e-07;0.908787;0.0588442;0.00568154
1.55407e-05;0.951038;1.39779e-06;8.2865e-06;0.00306392;8.74381e-05;6.64955e-07;0.0205786;1.72133e-06;2.05258e-07;1.3401e-06;0.00451483;0.00748477;0.0132035
1.52177e-05;0.659855;2.78004e-05;4.48204e-06;8.28332e-05;9.18379e-07;1.24871e-06;0.000317032;1.72612e-06;8.24058e-07;7.09393e-07;0.318729;0.00464383;0.0163196
1.77168e-05;0.296292;2.41807e-06;5.30958e-06;5.05688e-05;5.38261e-05;9.50839e-07;0.00961045;8.39786e-07;1.52556e-06;1.2911e-06;0.65937;0.034543;4.98198e-05
3.68683e-06;0.963104;8.44604e-09;1.92813e-06;3.70394e-06;7.80838e-06;2.07732e-06;0.000814051;3.34557e-07;9.15748e-07;1.00592e-06;0.0261989;0.00976419;9.78104e-05
1.31192e-06;0.995836;4.98324e-08;3.41289e-07;9.53716e-09;6.09175e-06;4.26043e-06;7.10712e-07;1.2435e-08;9.03754e-08;5.94038e-08;0.000607717;0.00353956;3.78781e-06
4.8261e-05;0.0123722;5.70162e-06;0.000128224;9.83999e-05;0.000559452;1.39361e-05;0.00109412;1.60609e-05;3.66473e-06;7.4545e-05;0.954075;0.0310393;0.000470886
8.19309e-05;0.991576;6.23246e-07;8.45667e-05;5.59057e-05;0.000246904;0.000650806;0.00159991;1.37478e-05;2.13337e-05;3.42217e-05;0.000149187;0.00499815;0.000486261
3.83859e-05;0.00159077;8.83608e-08;7.48479e-07;1.11147e-05;1.50442e-05;5.18383e-06;0.00251565;4.42722e-07;9.3362e-08;4.27245e-06;0.963847;0.0317066;0.000264639
8.56655e-07;0.800356;2.89202e-09;3.30072e-07;2.87091e-06;1.20223e-06;0.000317848;4.83002e-05;4.9232e-08;4.58687e-05;5.39555e-09;5.20856e-08;1.45631e-05;0.199212
2.63656e-11;2.04693e-11;1;6.15873e-11;2.03539e-10;1.26251e-10;1.15722e-10;1.82741e-10;9.72562e-13;1.00455e-11;8.228e-12;1.60977e-07;3.01319e-12;3.1949e-12
1.24167e-06;0.00037013;2.08167e-09;2.1939e-07;4.4763e-07;1.27944e-06;2.85426e-07;0.00712848;1.80111e-05;3.7046e-08;2.70194e-05;7.67701e-06;0.992445;5.8914e-07
3.12612e-05;0.00613508;1.79303e-05;8.94595e-05;1.06552e-05;1.49214e-05;1.80223e-05;0.000116029;0.000482232;1.07966e-05;0.000878918;0.988423;0.00365666;0.000115137
5.55956e-05;0.996491;2.47274e-07;1.65561e-05;1.18406e-05;3.30298e-06;3.05373e-05;0.00147034;7.39419e-06;3.2437e-06;2.69861e-05;0.00051495;0.000144056;0.00122452
4.74857e-07;0.996645;3.88756e-08;4.74912e-08;9.54618e-09;4.10497e-09;0.000322788;2.0998e-05;1.58453e-09;1.03828e-05;7.25199e-09;1.80964e-07;1.54479e-07;0.00299939
9.30102e-11;1.40166e-11;0.999992;2.13096e-11;2.68226e-09;3.99548e-10;1.86888e-10;8.2883e-11;1.12495e-12;8.42677e-12;8.92875e-11;8.14052e-06;6.53814e-14;4.11287e-11
9.33209e-07;0.986321;1.15833e-08;3.66537e-07;8.8787e-07;9.23752e-07;0.000440309;0.0124544;6.29739e-06;1.04299e-05;2.67557e-07;1.03461e-09;0.00073492;2.94929e-05
4.36108e-10;3.26816e-09;0.999997;2.2096e-10;2.63572e-10;5.22132e-11;8.57094e-09;3.42581e-10;2.65281e-10;1.82296e-10;4.32712e-10;2.94904e-06;8.74521e-12;7.70281e-12
0.000103748;0.132138;0.000345661;3.15132e-05;0.00383162;0.00041744;5.03445e-05;0.558127;3.79241e-05;5.62802e-06;2.59214e-05;0.000668241;0.00465851;0.299559
0.000402835;0.0599264;5.85051e-05;0.00485674;0.0294576;0.0071931;0.000458044;0.0326516;0.00888317;6.95124e-05;0.024809;0.729672;0.060658;0.0409034
7.02729e-06;0.997737;6.2809e-08;1.77139e-06;3.24104e-07;7.37443e-06;4.91592e-07;0.000505621;2.27966e-07;2.34275e-07;5.65361e-07;0.000221955;0.0012041;0.000313734
3.09208e-07;4.38493e-05;2.10087e-07;1.06609e-08;2.35633e-08;9.47587e-08;5.101e-09;0.00244735;1.90568e-07;4.73813e-09;4.95622e-07;1.06208e-06;0.997506;4.25443e-09
0.000118354;0.0034548;0.00624252;0.0001587;7.86198e-06;3.01286e-05;1.63765e-06;0.00317713;0.00114152;6.77223e-05;0.000399115;0.975317;0.00960546;0.000278613
