6.44654e-05;0.984708;1.2256e-06;2.00465e-05;1.299e-05;1.13285e-06;1.6484e-05;0.0117047;6.12591e-05;1.29208e-06;2.10308e-05;0.000404028;0.00295423;2.9542e-05
1.87474e-05;0.943288;7.24759e-08;9.82831e-06;3.64898e-06;1.63429e-06;4.79589e-08;0.0219338;9.49722e-06;8.36871e-07;2.82904e-05;0.0332738;0.000423659;0.00100849
6.84272e-06;0.0051923;7.43215e-07;4.19079e-07;6.78208e-07;9.67404e-06;0.000148723;5.44645e-08;2.60077e-07;0.000185224;7.04346e-07;0.00036817;6.64337e-07;0.994085
4.74225e-07;2.07905e-07;0.999909;1.33184e-08;2.12508e-06;3.71622e-07;2.01678e-07;2.99591e-05;3.41917e-07;2.23738e-08;2.01642e-07;5.68954e-05;2.41585e-09;1.01042e-09
1.97053e-08;0.999937;1.95636e-08;9.07001e-10;1.07619e-10;2.69589e-09;4.04957e-05;7.47544e-08;3.56778e-10;2.56737e-07;1.61297e-10;2.78839e-09;3.42127e-06;1.8494e-05
3.56396e-14;9.23146e-12;1;1.03731e-12;1.29474e-10;6.09585e-12;9.28629e-14;1.14939e-11;9.68294e-17;1.49132e-13;1.72465e-15;1.4588e-07;1.28898e-16;6.59208e-11
1.00776e-07;0.992726;4.86042e-08;8.74409e-07;2.29962e-06;5.6606e-05;6.47424e-05;0.00654454;1.80428e-08;5.30901e-07;4.84568e-07;7.88826e-10;0.000582074;2.16713e-05
7.18785e-11;4.2947e-09;1;2.07243e-09;1.5914e-11;1.44505e-10;3.22673e-10;9.39326e-09;8.35207e-12;7.79993e-11;1.27097e-09;4.37812e-08;5.47721e-10;2.38564e-12
1.31297e-07;1.65925e-05;0.994712;2.43272e-06;5.4303e-08;4.18499e-06;2.78241e-07;2.7325e-06;6.63337e-08;5.74352e-08;6.04814e-06;0.00520476;3.12624e-05;1.96345e-05
1.0954e-05;0.0349265;3.95532e-05;2.64654e-05;0.00999691;0.0668504;1.24416e-07;0.00358172;5.55867e-06;7.17637e-07;0.00149647;0.00424545;0.0328816;0.845938
8.46741e-06;0.555035;0.000521663;1.4656e-05;7.29695e-05;9.921e-05;3.04011e-08;0.182842;4.62959e-08;7.00947e-07;1.85657e-05;0.228953;0.0282219;0.0042112
2.1298e-08;0.93369;1.23209e-09;1.09765e-06;3.20321e-07;9.87391e-07;5.24228e-07;8.31433e-06;2.79434e-09;1.7615e-06;9.97828e-07;3.96373e-07;7.33382e-05;0.0662226
1.99111e-06;0.0561264;9.10394e-07;4.16897e-06;3.44545e-06;9.71263e-06;0.000175931;0.00433993;9.60395e-07;1.55538e-07;0.000113298;9.06127e-07;0.939222;3.79102e-07
4.92158e-07;0.898021;6.74663e-08;6.84277e-07;1.78704e-05;0.00024627;4.40567e-07;0.0376872;1.95314e-09;6.68924e-05;2.65477e-09;2.56821e-07;0.0633891;0.00057007
2.86309e-10;1.13636e-08;0.999966;7.02926e-09;1.88477e-07;1.63977e-08;1.5122e-10;1.13992e-08;4.33321e-12;8.39739e-10;6.81808e-11;3.34763e-05;2.56606e-10;2.15172e-09
0.000696817;0.0312135;0.119226;0.0132786;0.0125206;0.000740295;0.0111613;0.798022;0.000809844;0.000117096;0.0053543;0.00162387;0.00274599;0.00248942
0.000771961;0.921646;4.65461e-05;0.00034773;0.000147535;0.000195631;0.0004767;0.0444218;0.000132209;4.64234e-05;0.00126688;0.00106969;0.000252569;0.0291789
0.000167415;0.0049861;7.36679e-09;5.26966e-07;3.38092e-06;1.02865e-05;1.00734e-06;0.0393556;3.98526e-05;7.77307e-08;0.000230406;0.000189793;0.955012;3.58805e-06
4.66682e-05;0.0273614;8.47354e-07;4.01068e-06;2.56048e-05;2.50214e-05;2.39669e-09;0.0163602;5.6557e-06;5.72681e-07;2.23492e-06;0.870378;0.0856848;0.000104889
5.18772e-06;0.00656868;1.2519e-08;2.46414e-05;3.33387e-05;0.000158752;2.57888e-08;0.00056072;3.31072e-05;8.57385e-06;1.77159e-05;0.000475146;0.992112;2.06706e-06
4.44035e-05;0.000828819;0.97814;0.000180629;0.000471663;7.44059e-06;3.04286e-07;0.000135017;1.13041e-06;9.73838e-06;3.90893e-05;0.0198757;9.12318e-07;0.000265673
1.53958e-05;0.785133;2.0557e-08;6.38634e-05;2.1085e-05;7.15701e-06;0.197776;0.0004716;0.000145751;0.00401148;0.00129893;6.60826e-08;4.24561e-05;0.0110134
2.2467e-08;3.47322e-08;0.999996;1.20248e-07;3.0893e-09;6.06542e-09;1.08929e-06;5.63721e-09;2.85628e-08;1.95936e-08;2.63552e-06;1.27443e-08;2.45146e-09;1.02947e-10
7.01561e-06;0.915517;8.87531e-09;1.43119e-07;3.7887e-08;6.42888e-08;1.60033e-06;2.7851e-06;2.42083e-07;1.31617e-08;2.01844e-06;0.000151815;0.0843168;5.29949e-08
2.88525e-05;0.289846;1.16124e-07;3.445e-05;0.00448376;0.00059528;2.3408e-08;0.0594312;7.74831e-06;8.92079e-06;1.24008e-06;0.585064;0.00555813;0.0549396
7.14758e-05;0.0333871;1.02415e-06;0.000184325;1.89325e-05;0.0324467;0.000440236;0.000439911;0.00295194;0.000504188;0.000603341;0.000374191;0.928516;6.06858e-05
0.000182408;0.0127518;0.750605;0.000900498;3.19119e-05;0.000724227;0.00280679;3.00042e-05;5.78892e-05;0.00276137;0.000141604;0.228616;7.44124e-05;0.000315599
1.03934e-06;2.84852e-07;0.999951;5.10183e-07;9.32082e-08;4.69911e-07;6.82595e-06;2.25012e-07;4.11506e-06;4.80249e-08;3.38788e-05;1.8376e-06;5.96658e-08;5.29458e-09
1.5216e-05;0.985545;8.62109e-08;4.83278e-07;1.10598e-07;3.17755e-07;0.00898974;9.61232e-05;1.94576e-05;0.000240831;2.56071e-05;5.49879e-07;3.16163e-05;0.00503473
1.23511e-09;9.27346e-10;0.999999;2.05108e-09;3.68885e-08;3.26458e-08;2.95384e-08;2.47876e-09;6.13539e-09;1.2953e-08;2.75812e-08;9.21939e-07;1.88189e-12;7.81252e-10
2.14498e-07;0.998331;9.26282e-09;3.45557e-09;1.41761e-09;3.7501e-10;9.37902e-07;1.5814e-06;1.91831e-08;8.77012e-10;1.19074e-07;2.30533e-07;0.00166561;1.41149e-08
1.79618e-09;1.43988e-05;1.05963e-07;1.29889e-08;6.88213e-08;5.1294e-09;2.2983e-10;3.73434e-06;1.31185e-08;4.38456e-11;1.6527e-08;0.999964;1.73122e-07;1.74633e-05
1.2404e-06;0.504139;1.147e-08;8.00382e-06;1.33873e-07;1.49612e-06;3.52716e-06;0.00550094;3.74859e-06;6.7801e-08;2.09506e-05;9.65262e-06;0.490302;9.25845e-06
1.76372e-06;0.00163363;4.487e-07;4.72624e-06;5.61965e-08;8.56686e-07;2.25027e-09;9.69303e-06;4.92553e-06;1.14226e-08;5.3964e-06;0.994488;0.00383307;1.69168e-05
8.96844e-05;0.466559;8.34594e-08;9.72772e-05;2.25755e-05;6.90585e-05;8.43118e-08;0.00633076;4.32045e-05;1.13174e-06;0.000128197;0.0256365;0.500302;0.000720162
9.39165e-06;0.170758;3.61615e-06;7.59314e-05;0.00250556;7.10481e-06;2.03867e-08;0.418583;1.0202e-06;2.7326e-06;4.51801e-06;0.381557;0.00428633;0.0222057
2.3829e-08;3.11982e-05;2.12919e-08;2.82516e-07;9.69467e-09;6.00212e-05;9.73916e-08;2.23928e-07;1.80554e-07;3.88111e-07;2.05535e-06;6.26935e-10;0.999906;2.11832e-08
1.02592e-06;1.3099e-06;0.99765;2.39497e-06;9.3357e-08;5.0951e-08;2.9857e-08;3.89264e-07;1.95617e-08;3.73613e-07;1.66757e-07;0.00234135;2.473e-08;2.90939e-06
0.00023867;0.574484;3.45519e-05;0.00364691;0.000359484;0.00070054;0.00524741;0.0648383;0.13215;7.24665e-05;0.162924;0.000268577;0.0540109;0.00102503
