1.68327e-05;0.997809;6.20402e-05;5.02924e-05;6.31645e-06;6.82766e-08;6.94833e-07;0.00174755;8.0232e-07;9.31935e-07;1.93587e-06;0.000220284;8.13772e-05;1.83935e-06
1.53202e-06;0.996891;4.73448e-09;3.7917e-07;6.15456e-08;6.54436e-07;4.38409e-05;0.000929851;2.34857e-07;2.20398e-05;1.36437e-07;2.21952e-07;0.00204539;6.47825e-05
1.64237e-11;5.1533e-10;1;1.10458e-10;1.49324e-09;7.92227e-11;9.61982e-12;1.4191e-09;2.94747e-13;1.08396e-11;1.98336e-12;3.33584e-07;6.5789e-13;5.93993e-12
8.77865e-07;0.670612;5.56286e-09;7.08004e-05;1.38447e-05;1.78357e-05;4.87897e-06;0.00117943;4.26268e-05;2.01417e-06;0.000361894;0.000379613;0.327261;5.23778e-05
7.54975e-07;0.0167316;0.983035;5.28566e-06;6.77449e-08;4.37705e-08;2.66218e-05;0.000122555;1.16862e-08;8.34516e-06;2.63184e-07;6.71461e-05;1.39283e-06;1.03406e-06
4.72573e-08;4.27308e-08;0.999995;6.50978e-08;1.12407e-08;7.76635e-09;2.26425e-07;8.15214e-09;1.30202e-07;2.34451e-09;3.97648e-06;2.66843e-07;1.85911e-09;9.35886e-09
1.9394e-06;0.768522;3.13596e-07;1.96411e-06;2.51203e-06;3.07259e-06;6.72007e-08;0.227482;1.09937e-05;3.24515e-07;4.76001e-05;0.00326824;0.000638597;1.97141e-05
3.13667e-05;0.0694918;1.86786e-06;4.98751e-05;0.000305048;0.00864111;2.98046e-06;0.0406444;7.54833e-05;1.70379e-05;0.00029744;0.0130753;0.865855;0.0015111
0.000111512;0.0236211;5.63389e-10;0.00133996;0.000366009;0.0287055;1.70505e-06;0.00191429;0.000383669;4.12602e-05;0.0123369;0.00710151;0.922318;0.00175833
0.0002002;0.0252687;0.955041;0.000110915;6.6596e-05;6.25946e-06;1.65311e-07;0.00139139;2.92268e-07;4.53547e-07;2.03633e-06;0.0174211;0.000176781;0.000314186
0.000111458;0.111286;1.58024e-06;3.44906e-05;0.00044933;0.00312255;4.02074e-06;0.294586;3.62969e-05;2.35183e-06;0.000237038;0.0004482;0.588762;0.000918857
1.48513e-05;0.0018649;1.75888e-08;5.59033e-06;2.10731e-05;2.63264e-05;2.55339e-08;0.31562;2.82443e-06;1.98954e-07;2.5346e-05;0.000236225;0.682163;2.00892e-05
0.000230082;0.0314704;2.06434e-05;0.000104088;1.39755e-05;1.60003e-06;1.45864e-06;0.0132132;0.00024182;7.48473e-06;0.000127404;0.944019;0.0105076;4.16436e-05
2.77075e-05;0.775375;1.29795e-06;0.00234597;0.000104211;1.38474e-05;2.25343e-06;0.190157;0.000542594;8.32757e-06;0.000863659;0.0255804;0.00490859;6.88834e-05
0.00111355;0.0466074;0.000429336;0.00111652;5.05841e-05;0.00116701;2.42949e-05;0.00232352;0.00203535;0.000197974;0.00742911;0.731111;0.197882;0.00851241
0.000192591;0.232499;1.96754e-06;1.0945e-05;0.00116011;4.79503e-05;4.06033e-07;0.00150504;3.63806e-06;1.05415e-06;2.14779e-05;0.750258;0.0114907;0.00280662
0.00139617;0.336112;3.2211e-07;1.88896e-05;0.00322791;8.74454e-05;2.29393e-06;0.59874;0.000132558;6.03285e-06;0.000169363;0.00146151;0.0489705;0.00967549
8.52336e-05;0.0015476;1.26494e-05;4.41194e-05;1.01251e-05;4.70101e-06;1.06955e-05;6.23743e-05;0.00382074;1.4702e-06;0.00652572;0.984702;0.00294128;0.000231384
0.000120673;0.0145596;1.35861e-06;6.542e-05;5.75796e-05;0.000196593;1.63843e-05;0.00938525;0.000452562;9.27061e-06;0.000762635;0.0225346;0.951644;0.000193901
5.06002e-05;0.00717312;4.42339e-06;5.76924e-05;1.37237e-05;7.78642e-05;5.05057e-07;0.000669134;8.93319e-05;1.12162e-05;0.000247748;0.990135;0.000723953;0.000746114
7.36528e-05;0.992669;4.24576e-05;1.49773e-05;1.51927e-06;3.77433e-07;5.00285e-05;0.00165214;2.86364e-05;2.86925e-06;0.00048324;0.00387259;0.00110747;1.1077e-06
3.38561e-06;0.975406;1.53807e-06;2.20348e-05;0.00159232;2.00302e-05;5.23894e-06;0.0218349;2.7638e-07;4.39694e-05;5.46903e-07;2.5302e-05;0.000219907;0.000824821
3.20364e-06;0.000256663;0.00813263;4.06383e-05;9.68497e-05;0.000200896;2.27982e-08;1.22053e-06;9.57744e-08;2.93681e-06;1.35502e-05;0.989687;0.000220028;0.00134469
2.9541e-06;0.916297;8.85919e-10;6.8249e-07;3.48243e-07;3.50741e-07;0.0825366;0.000699155;4.0558e-05;0.000133139;0.000139925;8.04011e-09;2.91271e-05;0.000119852
4.58525e-09;1.81035e-09;0.999999;1.22026e-08;5.34055e-09;2.12138e-09;4.67624e-07;1.38058e-09;2.87892e-09;1.56732e-08;3.84304e-08;7.97838e-07;2.24021e-12;3.9129e-10
1.95352e-06;0.999157;3.53916e-08;3.70353e-08;2.92144e-08;2.2209e-07;4.37436e-06;0.000702674;1.68592e-07;4.41295e-06;2.91298e-08;1.99788e-07;0.000120309;8.32238e-06
1.30821e-11;3.23086e-10;1;9.10434e-12;5.03474e-10;1.55679e-10;1.89367e-11;1.29213e-10;1.70727e-13;1.47031e-11;2.325e-13;4.57904e-07;1.66329e-12;4.3056e-11
1.02553e-06;0.0051745;5.83065e-07;3.3046e-06;4.83287e-07;0.000269822;0.000102312;5.34522e-05;8.61384e-06;5.36658e-06;4.82058e-06;2.66938e-06;0.994291;8.17169e-05
2.12859e-07;0.00017142;0.998134;3.01799e-06;4.18911e-08;7.2057e-08;0.000240887;1.50994e-07;5.04034e-08;3.79584e-05;1.89954e-07;0.00141009;1.27232e-07;1.25552e-06
4.19349e-07;6.33552e-07;0.999848;8.80572e-08;2.34592e-08;2.34268e-08;0.000130869;1.07487e-08;5.35459e-06;9.19469e-08;1.2413e-05;1.76404e-06;9.70128e-11;3.65956e-08
3.16434e-08;0.999875;1.30841e-10;3.62425e-10;4.07188e-11;1.12581e-10;4.18755e-08;2.69571e-07;5.77795e-09;2.20427e-10;1.26722e-08;1.91145e-07;0.000124081;4.50305e-10
1.81242e-07;0.000262157;8.07544e-08;2.22477e-07;5.45929e-06;4.8706e-06;5.40101e-08;8.25294e-06;4.63516e-07;3.36629e-08;3.67422e-07;0.998128;2.66075e-06;0.00158685
1.11617e-05;0.990588;3.90903e-06;1.67517e-06;2.54277e-06;1.05054e-05;2.57675e-06;0.00583105;4.03068e-07;6.24296e-07;9.65954e-07;0.000477013;0.00254529;0.000524699
1.13118e-05;0.00040257;3.16348e-06;9.52726e-06;0.000558019;0.0208468;7.10374e-08;0.00582936;2.98689e-07;1.06817e-06;4.98709e-08;0.898593;0.00497149;0.0687736
9.48861e-07;0.995643;2.53943e-08;2.59219e-07;2.32333e-08;2.16666e-06;0.00025245;0.000303841;2.90673e-07;1.07429e-05;2.58048e-08;4.20343e-08;0.00300441;0.000781709
1.51771e-11;2.82441e-09;1;3.45128e-11;9.15884e-11;2.97505e-10;4.12439e-09;3.73627e-09;4.99187e-12;2.00648e-09;2.23133e-11;1.5667e-09;2.13965e-12;9.80051e-12
8.74314e-09;9.65388e-08;0.999999;9.99663e-09;1.04678e-08;2.4613e-08;1.81695e-08;7.04972e-07;2.86597e-08;1.80808e-09;7.81285e-08;2.80618e-07;1.72075e-07;1.04103e-09
6.30465e-09;3.38526e-07;0.999453;1.43844e-08;6.33839e-09;1.89023e-09;1.48284e-09;3.85201e-06;1.29287e-09;1.29946e-09;9.13549e-09;0.000538168;3.24267e-09;4.95298e-06
8.36345e-10;6.10535e-05;3.67882e-05;5.34159e-09;2.80146e-06;1.02659e-05;1.49976e-11;1.39834e-06;1.08748e-12;1.6937e-09;3.00795e-11;8.71997e-06;1.2353e-08;0.999879
3.58524e-08;0.340362;1.45455e-08;6.22421e-08;5.46898e-07;6.24748e-05;5.01457e-08;0.00211521;6.81989e-10;1.52965e-08;9.0895e-08;5.2664e-08;0.657458;8.49982e-07
1.22607e-08;6.97055e-07;0.999965;9.29042e-08;4.78559e-08;2.16642e-08;2.7735e-09;2.58492e-05;6.26613e-10;9.5252e-10;7.12234e-09;8.52593e-06;4.23942e-07;1.33942e-08
6.32274e-09;9.02055e-06;7.51555e-07;1.59537e-07;1.1346e-07;1.26799e-08;7.49377e-08;1.63053e-05;2.32114e-09;3.545e-08;2.38603e-09;1.37457e-05;2.02442e-07;0.99996
1.9441e-08;2.00569e-06;6.73482e-12;2.25774e-08;0.000188691;2.6361e-07;3.99535e-08;0.999805;7.79368e-07;7.9399e-10;1.10789e-07;4.69488e-09;3.07186e-06;5.23927e-08
2.11216e-09;4.17158e-06;0.999973;3.39155e-07;7.35475e-06;8.14611e-07;1.5677e-09;4.40998e-09;2.30184e-12;2.01388e-08;7.0599e-10;1.11258e-05;2.07304e-08;3.25335e-06
1.3443e-06;0.992381;7.33811e-08;1.29575e-09;9.49799e-09;7.68569e-09;3.22395e-06;1.55656e-06;3.17158e-09;4.49237e-10;5.4539e-08;1.6542e-06;0.00761073;4.21697e-08
3.24856e-08;0.0023879;1.71902e-06;1.24647e-07;5.68157e-05;2.20781e-05;6.17639e-10;0.000599459;4.05216e-09;3.31563e-09;4.32865e-09;0.991854;0.00229367;0.00278444
1.26572e-06;0.961399;8.52851e-07;1.07031e-05;0.000143164;6.86361e-07;5.64619e-07;0.0325347;1.33397e-06;2.19868e-07;8.34312e-07;0.00139832;0.00177399;0.0027343
2.07704e-05;0.782395;1.17248e-05;3.98555e-05;0.000149377;0.000125043;1.85228e-07;0.0220832;3.91289e-06;4.52194e-07;1.08268e-07;0.0794988;0.11354;0.00213158
9.06532e-06;0.0417413;3.68918e-08;4.78711e-06;4.3537e-06;3.43206e-05;1.04793e-07;0.000990145;3.50451e-07;8.55039e-08;1.88599e-06;0.000363828;0.956582;0.000268095
0.0034277;0.0273188;0.0160285;0.140675;0.325905;0.0114431;7.71803e-05;0.124489;0.000166024;0.00057744;0.000502917;0.0260535;0.00984831;0.313487
0.000125625;0.992718;1.56454e-08;4.62945e-06;2.04237e-06;8.88922e-08;2.51917e-06;0.00700937;2.84723e-05;7.2421e-07;2.94489e-05;5.3852e-06;5.05078e-05;2.28155e-05
1.19466e-05;0.00100108;0.000399357;2.68709e-05;0.000149086;6.90702e-06;1.48034e-08;0.000160676;1.04912e-07;1.55431e-06;3.13565e-07;0.997854;1.03446e-05;0.000377516
0.00023387;0.000203675;4.98289e-06;0.000122577;9.18153e-07;0.000129207;0.0177004;0.000372801;0.805395;3.18322e-05;0.0561711;3.83774e-08;0.119634;1.60896e-07
1.00936e-05;0.998548;0.000531711;1.2676e-05;4.99862e-07;1.24209e-06;1.83983e-05;0.000550433;2.96898e-06;2.60424e-06;5.72456e-07;8.36758e-06;0.000256799;5.60149e-05
1.56732e-05;0.0507662;2.55397e-09;4.23993e-05;3.10992e-05;1.01714e-05;6.24542e-06;0.0612569;0.000193372;6.93068e-06;0.000173253;0.000476364;0.887013;8.15511e-06
2.33956e-05;0.999216;1.16208e-05;0.000275492;2.3383e-06;1.33836e-06;8.61009e-06;6.63518e-05;4.90497e-06;7.33354e-06;2.74355e-05;0.000304596;8.2142e-06;4.2499e-05
2.77752e-05;0.971697;3.37643e-06;9.74119e-05;1.27338e-06;6.69332e-07;5.45088e-05;0.00250274;1.42817e-05;4.84319e-07;0.000592783;0.00710399;0.0178578;4.54703e-05
3.80655e-05;0.196075;9.92105e-09;0.00588387;0.00554716;0.000484125;3.06414e-06;0.0775024;0.000196768;1.42635e-05;0.0259795;0.669719;0.0109186;0.00763837
0.00107664;0.253883;1.61002e-06;0.000946487;0.000119018;0.0058996;0.000376794;0.625688;0.000430127;0.000129048;0.00571394;0.0153099;0.0869535;0.00347281
5.33197e-06;0.00199136;7.33656e-11;2.71724e-06;6.76692e-08;1.21805e-06;9.31748e-07;0.000160332;6.01702e-06;4.25756e-08;0.000798225;0.00149039;0.995543;6.109e-07
0.000207125;0.0064532;4.5646e-05;0.000173242;2.41452e-05;5.70365e-05;2.29244e-06;0.000611965;0.00124169;6.90215e-06;0.00745082;0.982374;0.00117416;0.000177538
1.052e-05;0.904308;7.48997e-09;1.25912e-05;3.98162e-07;2.38252e-05;3.72472e-06;4.2452e-05;5.53855e-05;1.14281e-06;0.000230506;0.000238208;0.0950723;1.02275e-06
0.00024757;0.241853;0.0293921;0.00158779;0.000384412;0.000948848;3.70692e-06;0.00160746;1.25511e-05;4.61114e-05;0.000105296;0.319745;0.00200485;0.402061
0.000181628;0.694292;1.0738e-06;0.00213972;0.000768471;0.000173398;2.0938e-06;0.202879;0.00152961;3.19463e-06;0.0574976;0.0201423;0.0140285;0.00636048
0.000603984;0.700045;0.00207434;6.29685e-05;0.000322951;1.59912e-05;5.19502e-07;0.097218;2.30626e-05;5.53157e-05;0.000145028;0.14914;0.0084959;0.041797
5.35363e-07;0.61133;1.39462e-09;1.83761e-06;4.20781e-06;1.97929e-07;2.10552e-05;1.61474e-06;9.9034e-07;6.64377e-05;3.92689e-06;4.7624e-05;2.48035e-06;0.388519
0.000117604;0.0113141;4.16633e-07;0.000137244;2.88275e-06;2.68585e-06;0.204174;0.00065632;0.507824;2.74716e-05;0.2726;6.54462e-08;0.00314271;8.25797e-08
1.28038e-05;0.99951;0.000137856;0.000199546;6.01037e-07;1.23459e-06;1.66884e-05;1.60857e-05;4.73678e-05;4.65577e-06;2.23216e-05;6.02159e-06;1.71478e-05;8.15962e-06
0.000181958;0.00185567;5.01683e-09;6.69857e-06;3.79866e-06;4.97256e-08;2.05949e-06;0.984957;0.0123012;1.20612e-07;0.000617441;1.22917e-06;7.29574e-05;3.60354e-07
9.68259e-07;0.995471;9.90448e-11;1.30886e-06;9.21942e-06;1.69119e-08;3.8399e-09;0.000211327;4.16391e-07;3.15979e-07;4.98046e-07;0.000338344;4.62788e-08;0.00396617
2.38862e-05;0.00230421;0.00647098;0.000310129;0.000170572;0.000102341;1.57418e-06;1.91564e-06;4.07054e-06;2.09364e-06;0.000119414;0.98606;3.92063e-06;0.00442448
2.21859e-05;0.00119204;7.92153e-10;2.20718e-07;6.04111e-07;1.68947e-08;5.54865e-09;0.995505;6.18011e-05;4.03033e-10;0.000118137;0.000231122;0.00286888;8.24091e-09
5.63945e-06;0.292812;5.59111e-09;8.59611e-07;3.5311e-08;3.7619e-08;3.54916e-08;0.00012268;5.64189e-07;1.4624e-08;3.62333e-07;3.9995e-05;0.707017;4.21395e-07
1.83285e-06;0.00351411;9.89118e-08;1.37587e-05;2.57339e-07;3.32189e-07;7.22602e-08;0.000258742;8.39483e-07;2.87805e-07;1.47615e-06;0.995597;3.21741e-05;0.000579161
2.48263e-05;0.817873;6.70111e-07;0.000266207;0.00120135;4.97943e-05;3.70685e-06;0.0921783;4.98486e-06;7.964e-06;1.86469e-05;0.0792889;0.00796837;0.00111304
8.42862e-08;5.83605e-06;7.43273e-10;3.05432e-08;6.91497e-11;1.19957e-06;7.95155e-07;3.34578e-08;2.76521e-07;7.59801e-08;1.87623e-06;1.23489e-09;0.99999;1.29172e-10
1.99669e-08;4.14278e-07;0.999999;3.40578e-08;3.62317e-09;1.4e-09;2.95908e-10;2.46743e-09;1.3834e-10;2.33155e-09;1.98926e-10;8.8268e-07;7.45195e-10;7.34725e-08
1.17749e-05;0.988388;3.09382e-06;5.49653e-05;7.93182e-05;5.17731e-05;7.20555e-05;0.00705244;0.00131042;3.2233e-06;0.00159698;2.31745e-05;0.00101847;0.000333847
