5.50044e-07;0.0171248;3.86566e-10;1.22837e-07;1.95286e-09;2.34067e-07;1.72358e-06;7.63702e-07;3.79194e-07;4.36547e-08;1.16377e-06;1.20232e-06;0.982869;6.57242e-09
3.12197e-05;0.00719246;0.980805;6.4629e-05;3.39676e-05;2.07959e-05;2.96413e-07;0.000675705;1.92335e-06;1.82318e-06;1.58994e-06;0.0099244;3.25919e-05;0.00121381
1.96002e-06;0.992826;1.75929e-07;2.98887e-06;2.23955e-05;2.61566e-07;3.44784e-07;0.00689451;6.65767e-07;2.06912e-07;6.70399e-07;7.89797e-06;1.82435e-05;0.000223923
9.01161e-05;0.00142652;2.44294e-08;2.44952e-05;0.000508253;0.00047673;8.26138e-07;0.97091;0.000543121;5.02459e-06;1.38552e-05;0.0246035;0.00132525;7.17998e-05
0.000217572;0.993626;2.13868e-08;4.29309e-05;5.28842e-05;3.57495e-06;6.09621e-05;0.00062045;0.000353502;1.10176e-05;0.00105149;0.00360224;0.000190308;0.000166622
0.000804979;0.938322;1.97153e-05;0.00022901;0.000213887;3.62722e-05;2.17175e-05;0.0242992;0.000837097;6.508e-06;0.000266467;0.0029296;0.0317822;0.000231553
2.71359e-05;0.982926;4.96285e-08;0.000142037;2.25782e-06;1.20978e-05;0.000761995;0.000132386;7.03688e-06;0.00168644;2.20254e-05;2.25412e-06;1.16344e-05;0.0142669
6.70777e-08;2.05949e-07;0.999945;3.57314e-07;1.22636e-08;2.10256e-07;7.11134e-07;9.73352e-09;2.82822e-08;2.16595e-08;7.32398e-06;4.53866e-05;5.18025e-07;7.90994e-10
6.00175e-06;0.0379648;0.000226961;1.99079e-05;3.31736e-05;0.00116927;6.62106e-05;0.000647574;3.87073e-06;1.23359e-06;0.000894765;0.000737441;0.957421;0.000807925
1.38964e-07;0.000295471;2.77841e-09;1.80554e-07;3.96757e-07;8.92787e-07;3.54214e-09;0.00220801;2.30913e-08;3.33986e-09;6.00947e-06;7.22438e-05;0.997416;2.13398e-07
3.43722e-06;0.000255946;6.23863e-05;4.00181e-06;3.53285e-06;7.8366e-06;3.14382e-08;0.000269945;4.68781e-07;2.63392e-07;4.62721e-06;0.996713;0.00265504;1.99518e-05
3.2791e-07;0.999539;1.19648e-06;4.77173e-08;2.21324e-08;6.82549e-08;1.54543e-07;8.15861e-06;2.37473e-09;5.27473e-08;3.40977e-08;0.000319058;0.000131269;8.38533e-08
8.86212e-07;0.00234331;0.000184892;0.000482651;0.000313756;0.00917613;3.07975e-06;0.000415174;8.19627e-06;8.63361e-06;0.000309964;0.631185;6.33475e-05;0.355505
4.40743e-06;0.998614;1.80741e-05;1.75066e-05;4.16673e-09;3.61732e-08;3.87619e-06;0.000213765;3.0112e-07;1.30037e-07;9.52797e-05;0.000224305;0.000807868;1.47189e-08
4.24005e-07;0.995922;2.40413e-09;1.96164e-05;0.000119561;6.94219e-07;2.41896e-07;0.00267205;2.18299e-07;2.06359e-06;1.60297e-06;0.0012117;1.63916e-05;3.29719e-05
8.11649e-05;0.099131;0.0421679;0.00566351;0.00371264;0.138612;3.63897e-06;0.000226224;1.85846e-06;6.42111e-05;0.00011979;0.671799;0.0279087;0.0105085
0.000168242;0.0032228;2.54307e-08;9.00463e-07;1.72311e-06;1.37179e-06;1.22991e-06;0.798419;1.08235e-05;1.65802e-08;0.000653662;0.00217628;0.195344;5.52504e-07
5.46815e-05;0.0071173;1.69148e-05;7.27739e-06;7.06317e-06;1.32742e-06;6.42524e-08;0.00173994;1.11904e-05;4.42046e-07;4.79777e-05;0.988415;0.00245317;0.000127617
3.2336e-05;0.547296;2.12028e-06;0.000408768;6.5198e-05;0.000126127;1.00405e-06;0.207069;0.000104824;1.82887e-05;0.000109151;0.235885;0.00880481;7.7665e-05
0.000284361;0.514008;0.00169674;1.79151e-05;5.55861e-06;1.47273e-05;7.48754e-06;0.0702176;1.4285e-05;2.82255e-06;0.0010747;0.40498;0.00757123;0.000104873
2.16257e-07;0.533673;5.22628e-08;1.03118e-05;2.99291e-05;1.21154e-06;3.07966e-06;0.000443868;9.84875e-08;4.35793e-06;6.32664e-07;0.0023787;0.00146078;0.461994
6.87994e-05;0.631649;1.07962e-05;2.02947e-05;4.08856e-06;1.72892e-05;0.124498;0.0264535;0.00172255;3.06277e-05;0.0470453;5.78795e-08;0.168479;1.03909e-06
1.21057e-07;4.76779e-07;0.999996;9.3606e-08;2.28547e-08;1.45961e-08;7.59983e-08;2.14228e-06;1.52949e-07;2.04172e-08;5.81444e-07;3.02021e-07;3.74125e-07;1.75498e-09
9.18326e-08;6.03872e-07;0.99975;1.29304e-07;1.4143e-07;1.66265e-08;2.11398e-09;1.34418e-05;7.27012e-08;1.79457e-08;1.62187e-08;0.000229884;6.40583e-09;5.35691e-06
5.87167e-06;0.000557533;0.000210849;1.12949e-06;0.000423281;0.000274409;1.21191e-08;0.000484834;1.87796e-07;8.58209e-07;1.00329e-06;0.00145676;1.19964e-06;0.996582
1.28683e-05;1.50867e-05;8.55008e-10;8.39466e-08;1.65403e-05;1.51021e-06;1.53471e-08;0.999772;3.61116e-06;4.1222e-09;6.77583e-06;1.69853e-06;0.000169545;2.30873e-08
8.26105e-07;0.997875;8.6268e-08;1.11299e-06;6.89877e-08;9.84939e-08;1.61003e-06;0.00205765;6.37307e-09;1.53168e-06;2.79438e-09;1.4723e-09;5.34545e-05;8.1544e-06
4.48019e-09;1.38445e-06;0.999998;2.21932e-08;1.83375e-09;8.08463e-11;1.73782e-08;9.95058e-08;2.49216e-10;1.03945e-09;2.44296e-08;8.88536e-07;1.84529e-08;2.37122e-11
1.26689e-07;1.78385e-05;0.000978168;2.65597e-06;9.24044e-06;2.11975e-07;3.35229e-09;0.000100766;9.2608e-07;7.0807e-09;1.87614e-05;0.998659;3.10582e-08;0.000212512
4.94466e-06;0.989389;5.30456e-06;2.52215e-06;1.15346e-05;3.54292e-05;1.25149e-06;5.37514e-05;4.00127e-06;6.19918e-07;0.000147435;0.000105719;0.010203;3.57394e-05
4.75431e-07;0.998311;9.1338e-08;7.26017e-08;2.87458e-07;1.11246e-06;3.27237e-06;3.26613e-05;1.5763e-09;1.84632e-06;2.04007e-08;9.58794e-05;7.58327e-07;0.00155301
3.36201e-11;1.72675e-11;1;1.26264e-11;3.42943e-08;5.41135e-10;1.55074e-12;1.46796e-07;4.24056e-13;3.18115e-12;1.10596e-12;2.70004e-09;1.34302e-13;1.35343e-10
4.84335e-09;5.57165e-06;7.40663e-09;7.01933e-10;1.74642e-06;6.14039e-08;1.40545e-12;0.999732;5.62561e-10;4.82048e-11;2.35671e-10;0.000258997;1.47491e-06;5.28954e-07
4.12359e-09;0.999525;2.49886e-10;5.04286e-08;5.61029e-07;3.61802e-08;1.35844e-06;4.32985e-05;3.28972e-10;3.69413e-07;4.55262e-09;1.0923e-08;7.95081e-06;0.000421582
6.15117e-06;0.143453;1.99618e-06;9.35565e-05;1.68158e-05;1.69285e-05;0.00335272;0.461746;4.04161e-05;5.74531e-06;0.000173559;9.08881e-07;0.391092;1.41624e-07
5.94627e-07;0.99908;0.000117968;5.14723e-06;1.21262e-06;1.54986e-06;1.1978e-05;0.000734972;5.06231e-10;8.82536e-06;4.84162e-09;5.13395e-07;3.4622e-05;2.77957e-06
4.35082e-09;2.41228e-08;0.999998;1.27848e-08;1.46033e-08;9.20718e-09;1.68483e-08;4.42806e-07;2.30168e-10;2.57445e-09;4.56873e-09;1.51576e-06;1.19762e-08;2.27699e-10
1.36299e-08;1.82043e-06;0.979421;8.78766e-08;2.05447e-07;1.04622e-06;1.04594e-08;8.39054e-07;8.03907e-10;8.17004e-09;2.6673e-08;0.0205432;1.20936e-08;3.19298e-05
5.55053e-09;0.00817073;1.43021e-09;4.51606e-08;1.53021e-05;0.00032511;6.87263e-06;6.41255e-07;2.30799e-09;1.60229e-06;8.45084e-09;3.76306e-12;1.11245e-06;0.991479
1.75229e-09;3.47893e-09;0.999971;1.16166e-09;1.24477e-09;5.01378e-09;1.21376e-09;6.97386e-08;3.2753e-11;1.26401e-11;1.21815e-09;2.86514e-05;1.41577e-10;5.73774e-12
1.70366e-05;0.00994263;2.32636e-07;1.01763e-05;0.000255788;0.000197192;4.39455e-07;0.986388;3.56856e-05;1.26317e-07;2.73273e-05;0.000307679;0.00264678;0.000170871
1.15917e-06;0.983352;7.65312e-07;6.40933e-07;1.21923e-08;2.22263e-07;2.85039e-07;8.23649e-05;3.58528e-08;9.97331e-09;2.55498e-07;0.000569383;0.0159931;3.0689e-08
4.31644e-05;0.109913;3.65636e-05;0.0106314;0.000265562;0.000503075;1.97326e-06;0.00145758;0.00033195;1.54428e-05;0.000580988;0.833825;0.00264479;0.03975
0.000508257;0.919274;3.44988e-05;0.000160881;3.787e-05;1.13617e-05;9.54778e-06;0.0404505;8.39137e-05;1.39299e-05;8.35945e-05;0.00101354;0.0367124;0.00160574
9.49191e-07;0.000146927;5.03283e-07;6.12022e-07;6.87872e-06;1.45499e-07;5.64819e-06;0.999729;1.00401e-05;3.29751e-06;7.53219e-06;3.20984e-06;8.48722e-05;5.04827e-08
4.9175e-07;0.000257285;0.999587;7.73343e-06;2.01642e-06;1.09124e-06;8.88193e-10;2.37086e-06;6.17369e-09;2.88881e-07;2.2821e-07;0.000131328;2.48176e-07;1.03335e-05
1.01795e-05;0.975127;1.10963e-06;1.49451e-05;6.58304e-07;1.64084e-06;0.000587297;0.00588382;0.0129681;1.34359e-06;0.00515737;1.63144e-05;0.000205294;2.44644e-05
