2.21351e-05;0.998145;5.65103e-05;5.65165e-05;3.55909e-06;3.96319e-07;1.52741e-06;0.000917169;1.20628e-06;1.3132e-06;1.96792e-06;0.000569945;0.000220538;1.99081e-06
6.24302e-06;0.000193465;3.54334e-10;2.62701e-08;2.30065e-06;2.26672e-09;9.65555e-08;0.999787;5.62734e-06;2.93867e-08;4.14719e-07;5.24086e-09;2.07704e-06;3.10162e-06
0.000146073;0.956547;2.34085e-05;5.58976e-06;5.38596e-06;1.06845e-07;0.0129666;0.00159585;0.000145504;0.000496159;8.96399e-06;0.000170354;1.0817e-06;0.0278876
2.7626e-08;1.47258e-07;0.999993;1.6683e-08;1.04907e-08;5.71119e-11;2.7946e-07;8.59432e-08;3.2046e-07;2.47487e-10;4.12504e-07;5.59012e-06;1.47686e-09;1.12924e-09
4.21653e-07;0.00396313;5.57818e-08;3.32997e-06;2.68856e-07;5.32298e-06;5.44032e-06;1.40503e-05;4.37518e-06;5.44036e-08;1.33469e-05;3.48531e-06;0.99402;0.00196677
4.51596e-07;0.00283852;2.25287e-05;2.83086e-06;1.518e-05;1.03175e-06;5.17438e-08;0.000155612;1.53754e-07;2.16162e-08;2.81024e-06;0.992071;9.1996e-05;0.00479811
1.17136e-07;0.943579;8.53286e-08;4.8447e-07;7.17912e-06;8.12924e-07;6.82368e-06;6.8692e-05;5.69768e-10;1.80937e-05;3.3092e-09;2.85232e-08;1.90415e-06;0.0563169
1.82725e-09;1.10674e-06;0.999999;2.00895e-08;1.14797e-09;2.79433e-07;9.85499e-09;3.10495e-10;3.17356e-10;5.73476e-10;2.85695e-08;4.38453e-08;5.47753e-08;1.23249e-08
4.81927e-06;0.998988;1.25624e-06;1.83884e-07;1.56933e-08;3.3144e-09;2.01153e-07;0.000284869;5.35848e-07;1.24553e-08;1.5988e-05;0.000100549;0.000603818;4.34942e-08
1.42049e-07;0.998594;1.87979e-09;5.71006e-07;0.000201894;1.21e-08;1.46848e-08;0.00010134;5.15587e-08;1.43885e-06;9.9675e-08;0.000446345;2.74518e-07;0.000653755
1.71082e-05;0.00140653;0.00259613;7.93944e-05;0.000507431;0.000522625;1.28762e-07;8.46275e-05;9.47716e-06;1.30762e-05;2.26031e-05;0.987151;4.39569e-05;0.00754548
1.6059e-05;6.62639e-05;4.21577e-11;2.73557e-08;1.21352e-07;9.23899e-08;1.1256e-07;0.997957;7.2904e-05;2.2992e-09;0.000187819;1.53508e-06;0.00169828;1.68443e-08
4.30593e-05;0.00162598;4.84521e-07;3.69899e-06;6.44853e-06;6.10715e-07;5.09796e-08;0.00392643;1.57065e-05;4.53597e-07;3.89836e-05;0.991895;0.00221599;0.000226866
7.19068e-07;0.00125471;0.998615;1.32226e-06;6.38926e-06;9.16545e-08;7.088e-06;2.0119e-05;6.33798e-08;2.06344e-06;1.04671e-06;8.5014e-05;3.91369e-06;2.74329e-06
1.27295e-07;0.999896;5.811e-07;1.03145e-06;4.61809e-08;5.97458e-08;2.42403e-05;2.35203e-06;2.19589e-08;3.77302e-05;1.63464e-06;6.46339e-06;9.97295e-06;1.94912e-05
1.26855e-07;6.80598e-07;0.999909;2.79328e-08;3.34732e-08;1.10909e-09;2.77063e-05;5.82772e-07;1.37266e-07;2.79283e-08;6.68102e-06;5.53839e-05;1.15057e-09;2.20165e-08
0.00490931;0.0116207;2.3862e-06;3.82069e-05;0.000555018;0.000280144;0.00182113;0.513919;0.0974352;8.58278e-06;0.0291112;0.0103734;0.325889;0.00403653
3.19354e-06;0.952285;7.78508e-09;2.30938e-07;5.7614e-08;7.22337e-08;0.0460183;0.0011995;5.04298e-05;5.07823e-05;8.30109e-06;1.81292e-09;4.31953e-05;0.000340459
7.84192e-10;2.77965e-10;0.999996;3.61054e-09;3.3897e-08;4.87221e-09;1.22558e-08;6.74863e-09;1.62179e-09;2.64177e-09;6.53207e-09;3.57795e-06;8.95261e-13;7.95536e-10
3.40392e-06;0.916761;1.00137e-07;1.88795e-08;1.20816e-05;1.32044e-07;7.06953e-06;0.0831685;1.48864e-07;5.0926e-07;1.76287e-08;8.67229e-07;4.09267e-05;5.00082e-06
3.45778e-05;0.000344273;0.0543752;0.000185376;0.424925;0.000988667;1.25728e-07;0.000287239;4.55424e-07;3.89505e-06;9.7539e-06;0.500454;0.00018615;0.0182049
3.47833e-06;0.99027;3.05437e-11;2.62018e-08;8.8089e-07;5.23735e-09;0.00183938;0.00744265;1.77348e-05;6.99276e-07;1.46368e-06;7.534e-11;1.35722e-05;0.000410225
9.75885e-08;2.55629e-07;0.999991;8.80758e-08;5.42774e-07;3.42661e-11;1.37145e-07;3.57497e-07;2.35525e-06;6.73691e-09;1.35321e-07;4.53343e-06;4.00979e-11;5.40308e-10
9.99495e-05;0.00435056;4.20842e-09;9.21294e-06;2.72219e-05;1.837e-07;3.1022e-05;0.00597982;0.988492;2.16714e-07;0.0008681;3.14803e-05;9.23689e-05;1.78439e-05
0.00126629;0.909017;6.38391e-06;3.29724e-05;0.000382046;4.062e-05;5.25926e-05;0.0247287;0.00396407;1.19697e-05;0.000191859;0.0524774;0.00335441;0.00447356
7.06111e-06;0.0323588;4.11672e-05;1.59522e-07;1.71807e-06;9.25853e-08;1.91906e-08;0.00253711;1.56732e-06;7.97458e-09;1.59516e-07;0.962534;0.00251703;6.96495e-07
2.94602e-05;0.607405;5.76412e-07;0.000606248;0.0063505;0.000617266;2.15603e-05;0.066425;0.00117004;2.56574e-05;3.88742e-05;0.0340839;0.0238212;0.259405
0.00301248;0.242553;4.14767e-06;0.00164415;0.000485653;1.82323e-05;0.000476122;0.00958696;0.0454852;7.62807e-05;0.00956446;0.452992;0.226047;0.00805464
0.00397294;0.0264652;1.85871e-06;0.000144196;0.0142554;8.63996e-07;0.00241389;0.913452;0.0324002;0.000301796;0.00428181;0.00136926;0.000167183;0.000773262
2.59701e-05;0.00283512;0.996555;4.59887e-05;0.000133364;2.32297e-05;4.48995e-06;2.91674e-05;3.18215e-06;1.54773e-05;5.15496e-05;6.14687e-05;0.000199745;1.61716e-05
0.00104345;0.178853;0.000821615;2.86378e-05;0.00496232;0.00128942;7.77491e-07;0.00559169;1.06741e-05;7.00564e-06;1.71449e-05;0.0754151;0.731909;5.07195e-05
0.000336577;0.0227645;6.55406e-07;2.69462e-05;0.000243872;0.000995867;8.15734e-05;0.000521202;0.0107312;1.15586e-05;0.000337593;0.000247543;0.963673;2.78505e-05
0.000243586;0.0265857;0.966738;4.55006e-06;5.99771e-05;6.2382e-06;2.2552e-07;1.01025e-05;1.17593e-06;7.08871e-07;4.07455e-09;0.00058364;7.92273e-06;0.00575852
2.64789e-05;0.00470681;5.94987e-10;3.63012e-08;2.53285e-06;2.14698e-06;1.31048e-07;0.839537;0.000191885;5.90811e-08;1.5431e-06;1.23785e-07;0.155529;1.95751e-06
1.48944e-07;2.34364e-07;0.99998;1.99717e-08;2.79524e-07;7.96356e-09;9.78125e-10;1.52355e-05;7.89187e-08;9.81793e-10;5.00266e-09;4.39525e-06;1.24243e-07;1.43542e-09
6.52521e-08;0.000169217;5.70217e-07;1.05104e-06;1.35998e-06;6.7351e-09;1.35633e-06;0.000523253;6.29957e-07;4.35545e-07;1.03591e-08;2.18204e-05;5.95983e-07;0.99928
3.51575e-07;6.91508e-06;1.82105e-11;1.8571e-07;0.000309088;7.87311e-07;2.8013e-06;0.999503;0.000172836;2.63281e-08;2.16374e-06;2.76888e-08;1.98825e-06;1.04768e-07
9.58211e-09;7.76952e-06;0.999972;9.03135e-08;2.09451e-06;9.60679e-09;2.41097e-11;8.1267e-09;5.89289e-12;6.34011e-10;1.02144e-10;1.77579e-05;5.18614e-09;5.68963e-07
7.41726e-08;0.999662;2.50012e-10;1.7938e-08;1.36049e-08;1.24299e-08;5.98976e-08;5.13435e-05;8.09012e-07;9.15828e-11;4.26572e-07;3.82866e-06;0.00028149;7.88856e-08
1.89539e-07;0.989642;4.36891e-11;7.17394e-07;9.89019e-07;3.08445e-08;2.80727e-08;0.00026206;3.79776e-09;3.56466e-08;7.87673e-09;0.00221823;0.0078703;5.83122e-06
1.3273e-06;0.987419;2.24439e-06;1.6157e-07;0.00020856;5.55551e-07;1.33357e-08;0.00776567;2.01595e-10;4.499e-07;6.52832e-11;0.000179173;0.00233918;0.00208397
2.24166e-07;9.86666e-05;1.50046e-07;3.19643e-06;3.75003e-07;0.00012339;5.41998e-06;3.71859e-06;1.65549e-06;5.20485e-06;1.26851e-06;6.62524e-07;0.999753;3.26205e-06
2.85937e-08;3.6737e-06;0.999985;3.74032e-07;2.41687e-09;2.70296e-07;1.50463e-06;8.77092e-11;9.63785e-11;2.66935e-06;2.38249e-09;5.41092e-06;7.58889e-07;5.68818e-07
1.25159e-07;2.64146e-06;0.997169;8.99086e-08;7.68725e-08;2.58407e-07;0.00280067;8.39523e-07;1.7256e-06;1.98512e-05;4.54293e-06;1.64265e-09;4.86304e-09;7.28808e-08
1.6945e-10;1.76098e-09;1;7.99123e-11;1.21797e-11;3.5032e-12;5.85781e-10;3.06824e-08;1.82369e-09;1.01426e-11;9.33801e-10;6.57256e-09;1.92676e-10;1.51065e-13
1.69397e-06;0.00109399;0.00534467;4.71013e-06;4.87324e-06;1.30136e-06;7.31036e-08;0.000834201;4.03222e-05;2.0622e-07;3.86094e-05;0.989939;1.51261e-05;0.00268102
1.48827e-05;0.107918;6.78829e-06;4.7918e-07;0.00154552;0.000437467;6.31538e-07;0.655322;8.35946e-08;7.68166e-07;1.64492e-06;4.76443e-05;0.233933;0.000771073
8.66544e-08;0.0194987;7.48919e-07;3.12975e-07;9.40607e-05;0.000160923;5.77478e-09;0.0014061;1.55001e-08;1.58715e-08;9.90958e-08;0.968885;0.00134894;0.00860532
2.61791e-06;0.970758;3.36817e-07;8.22222e-06;0.011936;7.93077e-05;2.05095e-07;0.00265689;8.5772e-10;1.021e-06;3.35376e-08;0.00309083;0.00594823;0.00551822
2.11373e-05;0.00213839;2.96966e-08;1.04385e-05;0.0122231;1.194e-06;1.17685e-06;0.984565;5.80445e-06;1.7027e-06;5.0998e-07;0.000945062;7.53096e-05;1.12916e-05
0.00063494;0.847784;0.0524776;0.00233901;0.0119831;0.00436071;2.34326e-05;0.00142476;4.33742e-06;8.76991e-05;1.10445e-05;0.0480055;0.0304355;0.000428452
9.79634e-07;0.999606;1.12853e-11;3.41554e-09;1.6823e-08;2.6306e-08;9.75979e-05;3.70655e-07;2.29632e-10;7.03488e-07;1.49032e-09;1.42126e-08;3.71328e-05;0.000256793
2.07823e-10;9.65138e-11;1;7.25631e-11;2.02577e-09;8.20492e-10;2.18768e-10;4.06171e-10;2.82668e-11;1.65017e-11;1.18422e-11;1.18316e-07;9.85219e-12;2.46797e-12
1.32975e-05;0.00804967;3.55081e-08;2.24306e-05;1.73078e-05;0.0316782;0.000249978;0.000604001;0.00673699;6.3661e-05;0.000197591;1.40086e-05;0.952314;3.86875e-05
6.76266e-05;0.00107647;0.994522;0.000173493;4.48764e-06;3.48334e-06;4.55198e-05;2.00658e-05;1.83833e-06;9.53832e-06;1.39491e-05;0.00393933;7.97429e-05;4.21491e-05
2.58026e-05;0.884486;3.80919e-08;0.000184958;0.000284162;1.45268e-06;0.000551103;0.0883828;0.0039623;2.91711e-06;0.00636552;0.00376173;0.0119903;1.12173e-06
1.70425e-05;0.980748;0.000447769;0.000130746;0.000522962;1.54425e-06;2.49737e-07;0.000114624;6.54114e-08;8.02075e-06;1.96197e-06;0.000450122;0.0169288;0.000628468
3.44101e-05;0.225462;2.79546e-05;2.7911e-06;0.000157461;5.59701e-06;6.27181e-06;0.410994;1.79573e-05;5.27615e-07;4.44615e-05;0.267869;0.0950212;0.000357311
1.89746e-05;0.0133234;1.5319e-05;0.000688533;0.00640764;0.12608;1.68473e-05;0.000379868;0.000608329;0.000489199;0.000863386;0.000628465;0.846418;0.00406203
0.00217092;0.0113626;0.942021;0.00028977;0.000186123;0.000221222;1.16629e-05;0.00018072;3.04889e-05;2.17661e-05;7.65541e-05;0.0400355;0.00272455;0.000666853
1.65242e-05;0.989495;2.90923e-07;2.26625e-05;4.29104e-05;6.93233e-06;4.93182e-05;0.000350908;0.000983655;4.98261e-07;0.000344218;0.000236556;0.00799636;0.000453907
7.94744e-06;0.00515123;4.13963e-08;2.24963e-07;0.000109626;2.70239e-05;1.10692e-06;0.993914;2.4358e-05;2.87904e-06;1.00208e-06;5.08813e-07;0.00073549;2.48175e-05
1.57468e-07;4.13285e-08;0.999995;1.93511e-08;6.61862e-08;1.74699e-09;5.1587e-09;4.93954e-06;5.20118e-08;1.85402e-09;2.10224e-08;2.3635e-07;1.51695e-09;9.37584e-10
4.94186e-07;6.36869e-06;0.000287609;1.71793e-07;2.01688e-06;3.3988e-08;2.96022e-07;7.15073e-05;4.41531e-07;2.20774e-07;9.89315e-09;7.09728e-05;1.38381e-07;0.99956
1.25106e-05;0.000116428;3.42663e-10;2.9055e-07;0.00333674;2.96013e-05;1.61393e-06;0.992319;0.00407953;5.64179e-08;2.65401e-05;6.14694e-06;3.90699e-05;3.21591e-05
2.1864e-06;0.000754835;0.997476;1.19853e-06;0.00066786;2.41945e-06;2.33853e-08;3.65835e-07;5.71011e-10;6.38905e-07;4.23883e-09;0.000886397;1.74901e-05;0.000190488
1.89628e-07;0.997799;3.86571e-10;2.22412e-08;2.29664e-06;2.60297e-09;3.14107e-07;0.00209267;2.18004e-06;4.30014e-10;5.12464e-07;3.97103e-06;9.91357e-05;7.35108e-09
5.93205e-06;0.528506;0.00149253;6.59657e-05;0.0239328;2.35524e-05;1.60657e-09;0.000171981;1.61923e-08;3.63923e-07;3.44043e-08;0.0355761;0.401606;0.00861918
4.8879e-05;0.66608;8.93868e-06;1.32558e-06;0.00175028;8.46632e-05;6.08069e-06;0.0511003;9.57092e-07;4.25897e-07;2.96711e-07;0.128805;0.075408;0.0767045
1.61176e-06;0.0142607;4.03642e-06;6.92919e-05;8.26769e-05;0.168482;1.21559e-06;0.000298646;1.29406e-06;1.56719e-05;6.36644e-07;2.90623e-05;0.790494;0.0262591
4.50652e-05;0.000933789;0.965226;1.63785e-05;3.81401e-05;0.000180733;8.92226e-08;3.99601e-05;8.65058e-09;1.75567e-06;5.76657e-08;0.0297446;6.94162e-05;0.0037039
1.61386e-05;0.97048;6.38821e-07;7.8288e-05;5.43446e-05;0.000562381;1.17175e-05;0.00209327;0.000132506;5.49787e-07;5.66566e-05;0.00103724;0.00810586;0.0173704
1.4843e-05;0.994886;3.01592e-05;3.50228e-06;5.12431e-08;1.49437e-08;4.62627e-07;0.00122235;1.68494e-06;1.0393e-07;1.10483e-05;0.00346491;0.000363903;8.40953e-07
1.1627e-07;0.999217;1.47969e-10;2.23373e-06;0.000220564;3.44011e-08;8.55889e-08;0.00022317;1.28389e-07;1.91577e-06;1.18589e-07;3.21633e-05;1.55287e-06;0.000300543
6.77559e-06;0.00257503;0.00413794;4.79093e-05;0.000151439;0.000365111;1.22072e-07;7.51041e-05;4.60685e-07;5.25229e-06;2.46849e-06;0.988623;0.000235962;0.0037732
2.94168e-05;0.000262433;1.09931e-09;1.08775e-07;3.2865e-07;5.37085e-07;6.19174e-07;0.98206;3.16821e-05;9.51929e-09;0.000143622;9.83649e-06;0.0174612;9.67079e-08
3.02163e-05;0.00115145;2.02716e-06;3.58762e-06;4.51056e-06;6.46687e-07;7.44539e-08;0.00160694;1.08897e-05;5.74334e-07;1.65809e-05;0.992161;0.00489732;0.000113889
1.34536e-06;0.00149917;0.9983;2.16144e-06;5.97627e-06;1.80713e-07;1.13796e-05;2.85885e-05;1.89132e-07;3.14294e-06;1.29467e-06;0.000141009;2.74694e-06;2.28178e-06
3.60921e-07;0.999809;1.27789e-06;2.55472e-06;1.86041e-07;1.99733e-07;1.06996e-05;1.06208e-05;5.41266e-08;3.16442e-05;3.06016e-06;1.89739e-05;0.000103517;8.20383e-06
2.28926e-07;1.42657e-06;0.999912;2.54371e-08;5.76375e-08;1.13683e-09;7.62642e-06;2.69681e-06;6.02224e-08;2.37154e-08;3.70895e-06;7.20181e-05;2.08374e-09;1.03944e-08
0.00344474;0.00844331;4.51484e-06;1.81657e-05;0.00103096;0.000552055;0.00135462;0.779322;0.0387008;1.26759e-05;0.0226179;0.00324184;0.134353;0.00690378
7.39952e-07;0.982011;5.18996e-09;2.20982e-07;7.55271e-08;6.037e-08;0.0163366;0.00134943;3.2523e-05;3.26706e-05;8.26577e-06;7.62168e-10;8.00462e-06;0.000220073
5.07916e-10;5.46358e-10;1;1.65548e-09;8.15078e-09;3.09589e-09;7.90059e-09;6.78599e-08;9.62934e-10;1.87084e-09;5.33844e-09;4.03537e-07;1.64884e-12;2.62952e-10
4.31611e-06;0.0351245;3.89801e-07;1.25365e-06;1.38312e-07;1.66076e-06;1.03465e-06;0.000436182;8.27975e-06;4.93931e-08;2.54835e-06;0.000281063;0.964138;8.59615e-08
3.44454e-05;0.0212936;1.89024e-07;0.000359472;0.00183009;0.00175967;7.29588e-07;0.0195147;0.000424087;3.3033e-05;0.000143265;0.947037;0.00174657;0.00582318
0.000195484;0.985071;4.61847e-07;1.77298e-05;2.84428e-08;1.51742e-06;0.000200427;9.69647e-06;0.000146587;5.45801e-07;0.000351778;0.00314957;0.010855;2.09692e-07
5.32429e-06;0.99731;2.56311e-08;2.4656e-06;4.89608e-06;1.83177e-06;7.36284e-07;0.00151973;8.00439e-06;3.65507e-07;1.17161e-06;0.0008797;5.2555e-05;0.000212989
1.65595e-05;0.388946;8.35087e-08;1.36741e-06;4.77739e-07;1.6568e-05;7.74592e-06;1.67076e-05;2.38314e-06;6.71254e-07;2.637e-06;0.002648;0.608304;3.66795e-05
1.18294e-05;0.809318;8.69319e-06;8.53861e-05;0.000331486;7.41712e-05;3.13651e-06;0.010597;0.000915074;1.76133e-06;0.000374755;0.170657;0.000367262;0.00725441
2.55665e-05;0.145772;1.05447e-05;4.52295e-06;0.55968;1.03484e-05;6.83507e-08;0.291746;1.54415e-05;9.90848e-08;7.02762e-06;0.000317676;0.00171443;0.00069621
8.53264e-05;0.0506977;9.08146e-08;6.48231e-07;0.000481733;0.00018134;6.59715e-08;0.176343;3.14255e-05;6.5874e-07;7.65737e-07;0.479201;0.29222;0.000755897
0.000131039;0.0406609;5.35064e-08;1.06671e-05;6.1356e-05;8.06337e-05;1.14884e-06;0.00419933;0.000404993;8.64375e-07;0.000197138;0.00013558;0.954095;2.17086e-05
0.000269256;0.0107358;1.42483e-06;1.43983e-05;2.46535e-05;3.09059e-05;1.35914e-07;0.00347677;0.000562942;1.58468e-06;0.000209755;0.928192;0.0564183;6.18125e-05
0.00018423;0.740829;7.03e-05;3.26166e-05;0.000573028;8.68823e-05;4.41093e-05;0.175814;0.00051076;6.87046e-06;0.000374081;0.0764624;0.00496665;4.51108e-05
0.000495639;0.586427;1.70932e-05;0.000231863;0.0424489;0.000373249;1.39543e-06;0.0187308;4.56892e-05;3.92953e-05;7.11355e-05;0.0418674;0.282809;0.0264418
0.00676186;0.139214;8.61475e-08;0.00124739;0.000261397;2.45642e-05;0.00145423;0.0166563;0.506445;0.000212924;0.25816;0.0595361;0.00937969;0.000645928
0.0134887;0.181362;1.49319e-06;2.72244e-06;0.000269522;3.81378e-06;9.22707e-06;0.801522;0.000700153;6.7989e-06;8.17533e-05;0.000362969;0.00178925;0.00040041
3.93446e-06;0.0171841;2.87279e-06;4.9419e-06;2.01724e-05;1.44973e-06;4.6828e-07;0.00491377;0.000118731;3.69441e-06;5.55461e-06;0.975929;8.26392e-05;0.00172906
3.62309e-05;0.996809;7.38765e-05;4.22622e-05;0.000150212;9.94485e-06;7.55336e-05;0.00115469;0.000397761;1.0657e-05;7.10581e-06;5.22046e-05;0.000907065;0.000273921
0.000446761;0.00945606;1.19663e-07;0.000101278;0.000491927;1.62269e-05;8.86496e-07;0.985919;0.00175293;1.99293e-05;2.31325e-05;0.000765545;0.00076152;0.000245006
0.001958;0.0732007;1.54415e-09;1.55743e-05;8.40628e-05;9.76131e-06;7.64632e-06;0.00892777;0.0101039;3.63803e-06;0.000508842;0.00110395;0.904042;3.40611e-05
0.000162819;0.0371197;3.80421e-06;5.74447e-07;6.70505e-05;9.8906e-05;1.90235e-06;0.0298815;1.0969e-05;2.41948e-05;3.05157e-07;0.000248233;0.932142;0.000238038
3.08696e-09;1.28354e-08;0.999998;2.60478e-09;9.53743e-09;1.60178e-08;1.60156e-09;1.9195e-08;1.33313e-09;1.89192e-09;4.0631e-10;2.02497e-06;1.69497e-09;3.67322e-10
3.08045e-08;3.49567e-05;0.998907;3.75775e-07;2.73414e-08;1.83142e-07;9.23694e-08;1.23115e-05;2.10599e-08;2.62676e-08;5.19015e-08;0.00102626;3.9739e-07;1.84475e-05
8.52797e-09;0.0431979;1.6599e-08;1.51214e-07;7.9925e-06;4.80598e-05;3.16116e-06;3.23659e-06;9.66062e-10;4.41681e-06;3.75906e-08;6.66374e-10;2.83799e-06;0.956732
9.56066e-11;1.3077e-09;0.99998;4.44378e-10;1.03148e-08;7.03106e-10;6.60433e-11;1.42945e-07;6.43838e-13;1.54059e-11;1.20751e-10;2.02672e-05;1.61543e-11;2.74273e-11
9.78255e-06;0.171414;6.30364e-07;0.000282123;0.00016913;0.00159632;4.47666e-05;0.0283054;0.000141375;9.24501e-06;0.000508689;0.00057138;0.796673;0.000273455
5.04371e-06;0.98751;0.000367361;2.3825e-05;8.84047e-07;1.18178e-05;5.09357e-08;7.87396e-05;1.0059e-08;1.25843e-07;1.07096e-07;0.000100309;0.011897;5.07741e-06
2.46226e-05;0.9106;2.56651e-05;2.22655e-06;1.11884e-06;3.27779e-07;2.37541e-06;0.00635079;3.04342e-07;2.64685e-07;3.49952e-06;0.0374057;0.0455786;4.05647e-06
1.42095e-05;0.426845;2.16399e-06;0.000354324;0.0111025;0.131478;4.74589e-06;0.0180984;3.34326e-06;0.000660331;1.50671e-05;0.0281934;0.172263;0.210965
5.09955e-06;0.990704;4.06658e-08;3.87738e-07;6.16251e-09;8.30776e-08;0.0088273;2.77111e-06;4.52479e-07;6.62049e-05;2.95038e-06;1.09544e-07;0.000354756;3.58243e-05
1.67678e-10;4.38872e-09;1;6.13793e-11;5.52107e-10;4.40594e-10;5.33986e-08;2.82207e-09;2.03944e-11;1.15332e-08;5.68872e-11;6.50992e-09;4.96237e-12;2.6733e-11
4.35902e-08;5.27349e-07;0.999991;6.85414e-08;5.97596e-08;5.71739e-08;9.37137e-08;1.36463e-06;1.11669e-07;3.2855e-08;8.75985e-08;5.55796e-06;4.4403e-07;1.12292e-09
1.15853e-08;3.27528e-07;0.998519;1.7203e-07;1.90028e-07;4.15674e-08;4.48671e-09;3.21496e-05;2.08727e-09;9.98625e-09;9.30736e-09;0.00140528;2.12391e-09;4.28213e-05
4.38028e-10;5.33267e-05;3.94686e-06;1.6822e-08;2.83981e-06;1.91514e-05;1.44297e-11;5.20578e-07;3.50281e-13;1.72579e-09;4.69865e-11;5.14066e-06;6.96009e-09;0.999915
5.3885e-08;0.0165638;3.63326e-09;4.07539e-08;3.64095e-07;8.27831e-05;1.52254e-08;0.00172234;2.07857e-10;9.16184e-09;3.80124e-08;1.14584e-07;0.98163;7.6311e-07
9.45917e-09;3.91331e-07;0.99998;5.96093e-08;3.76529e-08;2.62061e-08;3.71048e-09;1.45818e-05;3.56359e-10;3.49357e-10;4.69315e-09;4.42236e-06;7.6798e-07;4.71814e-09
9.12198e-09;1.21024e-05;2.21819e-06;2.94978e-07;3.2853e-07;5.92356e-09;3.86843e-07;0.000135144;1.1482e-08;7.50654e-08;5.68433e-09;1.71263e-05;2.46879e-07;0.999832
9.32039e-09;2.34998e-06;1.0151e-11;2.37656e-08;1.81118e-05;1.60984e-07;1.26736e-07;0.999977;5.70062e-07;1.3916e-09;3.38927e-08;1.02788e-09;1.44465e-06;1.52927e-08
2.28401e-09;5.59816e-06;0.999977;1.64402e-07;5.59112e-06;6.5786e-08;3.30468e-11;1.95605e-08;7.03673e-13;6.40398e-10;7.4186e-11;1.0576e-05;1.18504e-08;1.17211e-06
7.33267e-09;0.999767;1.04358e-10;5.53182e-09;1.68597e-08;1.43127e-08;2.18388e-08;8.86515e-06;9.35932e-09;1.63119e-11;4.49931e-08;6.09403e-07;0.000223483;8.31395e-08
1.02271e-07;0.989757;1.14508e-11;8.73053e-07;2.17653e-06;3.38196e-08;1.78197e-08;0.000170291;3.8353e-10;3.46067e-08;1.63209e-09;0.00028875;0.00974473;3.55867e-05
1.05321e-06;0.98622;5.48557e-06;1.92542e-07;0.000185338;1.80077e-07;2.05238e-08;0.00999343;6.40414e-11;3.89699e-07;3.86129e-11;0.000239831;0.000699704;0.00265448
7.51016e-07;0.000720141;2.80033e-06;6.1512e-06;1.32656e-06;0.000233392;4.31875e-05;2.55756e-06;1.77752e-06;2.76334e-05;3.2204e-06;1.26459e-05;0.998916;2.82979e-05
1.97333e-07;1.05906e-05;0.998708;1.77569e-05;2.72361e-07;1.42968e-06;0.000356207;3.94124e-11;2.08382e-08;0.000273348;7.08313e-07;0.000629918;9.12893e-08;1.1862e-06
4.94653e-07;2.2345e-07;0.99894;1.50932e-06;1.84017e-07;6.31385e-07;0.000871686;2.16523e-08;2.22684e-05;1.33213e-06;0.000161226;9.91096e-08;3.64158e-09;6.24491e-09
7.18539e-08;0.999978;1.17525e-06;7.12401e-08;4.35554e-09;1.11607e-09;6.07388e-08;7.39712e-06;8.15926e-08;4.37818e-09;6.91249e-08;3.58125e-07;1.26555e-05;6.68386e-10
6.6243e-07;0.1891;4.70592e-10;1.08226e-07;2.66756e-05;1.93164e-08;1.36454e-07;0.810645;5.44121e-07;4.82681e-08;5.54028e-07;2.57663e-05;0.000186655;1.38541e-05
1.48828e-05;0.00499744;0.000167317;8.45678e-05;0.0145228;5.05301e-05;3.67424e-07;0.0441373;4.10122e-06;2.48803e-06;5.2366e-05;0.935559;0.000119354;0.000287767
1.47437e-05;0.995991;3.6635e-07;1.78055e-06;2.73012e-06;2.25255e-06;0.000153268;0.0014732;4.80384e-05;7.65344e-06;1.88128e-05;2.57253e-08;0.00226051;2.59753e-05
5.16592e-10;1.11109e-10;1;7.0871e-10;2.16096e-11;8.82222e-12;3.47545e-10;4.84287e-10;2.88079e-10;4.91972e-12;1.26505e-09;1.19295e-07;2.99245e-12;1.94964e-13
6.43091e-06;0.00634249;1.3162e-05;0.000375495;4.29416e-07;1.82285e-06;9.69465e-07;0.000341578;0.00856808;8.72527e-07;0.00104874;0.981524;6.5463e-05;0.00171068
0.000169672;0.754991;6.63264e-05;5.71995e-05;5.24468e-06;6.80779e-05;3.25847e-06;0.000196103;7.81637e-06;8.23594e-06;9.73594e-05;0.000400184;0.243718;0.000211804
5.70022e-08;0.00114501;3.83351e-10;9.74565e-09;0.000153194;1.06606e-06;3.94346e-11;0.998542;2.86298e-09;1.20561e-08;1.37039e-09;2.11921e-05;1.78544e-06;0.000135215
1.14798e-08;1.52449e-05;0.999593;1.94206e-06;0.000273721;8.50513e-05;6.31249e-12;5.58516e-06;1.09594e-10;6.45311e-08;3.61051e-09;1.16917e-05;2.68765e-06;1.12921e-05
1.5679e-05;0.000472004;1.47585e-05;2.76296e-05;3.19793e-06;5.57715e-05;1.11034e-05;0.000648789;0.000207729;4.96454e-06;0.032284;0.000537417;0.965715;1.93463e-06
