6.20031e-06;0.99745;0.00219312;2.45652e-05;5.82375e-07;1.15119e-07;7.75622e-07;0.000180252;5.22776e-08;6.38723e-07;1.67749e-07;9.89932e-05;3.89615e-05;6.03836e-06
6.34001e-06;0.978458;1.37875e-08;9.11135e-05;3.90235e-05;2.21983e-05;4.04906e-07;0.0167003;5.72188e-05;2.11224e-06;7.46849e-05;0.00162211;0.00159636;0.00132982
0.000238428;0.0057434;3.78937e-05;0.000262087;2.88463e-05;1.54922e-05;7.59001e-06;0.000254803;3.03955e-05;1.38738e-05;0.000450745;0.992732;0.000142333;4.2527e-05
8.21363e-05;0.95251;8.22005e-08;1.91775e-06;8.42343e-08;2.55078e-07;2.70267e-05;4.40051e-06;2.02936e-05;1.68694e-07;2.1688e-05;0.00118419;0.0461469;8.2348e-07
3.37638e-06;0.92972;1.56027e-08;3.74994e-06;5.36939e-06;7.08689e-05;0.000171877;8.00065e-05;1.45467e-07;0.000385107;8.19107e-08;5.24621e-05;9.60963e-05;0.0694107
5.02459e-12;1.3815e-10;0.999999;2.17486e-11;4.7474e-11;3.79745e-10;5.71242e-12;1.37934e-10;4.26465e-14;7.17552e-12;2.69449e-13;4.95539e-07;9.2889e-12;3.62705e-12
2.81541e-06;0.00269282;9.29539e-07;2.25505e-05;2.018e-05;0.193554;0.000137174;5.26868e-05;6.34244e-05;2.35364e-05;0.000224463;5.56159e-06;0.799921;0.00327919
5.58853e-06;0.0004309;0.996556;1.91342e-05;6.56648e-07;0.000106623;0.000339546;1.52924e-06;9.75189e-08;8.17298e-05;1.79655e-06;4.19473e-05;0.00234642;6.75958e-05
6.4068e-09;2.62521e-08;0.999997;9.95986e-09;1.22194e-08;7.13324e-08;2.49592e-06;3.0607e-08;4.75882e-08;5.6981e-08;3.63508e-07;2.07169e-09;8.11117e-10;1.23011e-09
2.02013e-08;1.51542e-07;0.999991;2.91416e-09;1.04895e-09;9.59361e-10;1.51317e-08;8.07136e-06;6.79247e-08;9.00669e-10;1.14519e-07;5.13222e-08;7.67284e-08;6.83661e-12
2.99849e-07;0.000135694;0.275433;3.67583e-07;1.87126e-07;1.20826e-07;2.57956e-08;9.09871e-06;2.99832e-07;2.92655e-08;1.59887e-06;0.724243;2.44968e-06;0.000173471
1.19983e-06;0.184568;1.7684e-06;1.05977e-06;0.00377974;0.0011129;5.76396e-08;0.318643;1.39511e-07;3.95677e-07;7.61529e-07;4.77295e-05;0.361108;0.130736
8.37639e-07;0.10775;4.95893e-07;0.000192066;0.00114835;0.000292042;1.21017e-06;0.0128874;7.33692e-06;1.11602e-05;5.73013e-05;0.86084;0.00468867;0.0121237
1.90533e-06;0.991065;0.00830858;4.20762e-05;5.12755e-05;1.08718e-05;8.30163e-07;3.14219e-05;2.89245e-08;3.13172e-07;3.34314e-08;0.000337829;3.0922e-05;0.000118696
4.20548e-06;0.979284;2.9969e-07;6.77357e-06;7.46163e-07;2.71091e-06;8.17963e-07;0.00654095;6.66634e-06;4.39023e-08;1.35981e-06;0.000129477;0.0140199;2.22003e-06
4.29234e-05;0.317122;1.11863e-08;0.00848704;0.000405914;0.00322042;4.48796e-07;0.414078;7.08096e-05;9.44756e-05;5.85103e-05;0.223578;0.00150322;0.0313379
1.03357e-05;0.988766;1.93175e-08;2.52548e-06;5.78863e-10;1.56825e-07;8.64014e-06;1.91625e-07;7.23112e-07;2.00827e-07;3.24573e-06;0.00537302;0.00583483;3.54972e-07
2.92929e-05;0.493757;4.47147e-05;1.36492e-06;3.10246e-05;9.53343e-07;2.53676e-07;0.0685262;4.5504e-07;2.59349e-07;6.76706e-07;0.371393;0.0662033;1.05857e-05
2.8048e-06;0.00212051;1.37854e-08;8.81732e-05;0.000339026;0.00839231;7.31669e-06;0.000564311;0.000932998;3.60358e-05;5.81689e-05;4.32622e-05;0.986725;0.000689904
7.72227e-05;0.609933;0.385141;0.00053358;8.66476e-06;0.000393571;0.000371634;0.000291076;1.01648e-05;0.000391113;2.47056e-06;0.000155518;0.00164202;0.00104894
3.20819e-09;1.32927e-09;1;6.29916e-09;4.4137e-10;2.08641e-09;6.28481e-09;4.48769e-09;6.63233e-09;2.68275e-10;1.497e-08;2.05833e-08;9.48873e-10;4.20497e-12
2.09644e-05;0.432553;0.00034874;3.12256e-05;8.65676e-06;8.66906e-05;7.99801e-07;0.060695;3.88549e-05;5.20406e-06;1.60204e-05;0.482614;0.000415246;0.0231656
2.64282e-05;0.0966918;6.64069e-08;2.43887e-05;1.76116e-05;1.27508e-05;4.2985e-06;0.0537514;5.43379e-05;1.09968e-06;0.000321995;0.00761383;0.841449;3.09798e-05
4.40088e-06;0.552229;7.8725e-07;2.22368e-07;1.03395e-07;4.55286e-09;1.84002e-08;0.392877;1.93701e-07;1.56692e-08;3.648e-06;0.0517963;0.00308478;3.34277e-06
1.27811e-08;0.186782;5.34466e-10;3.67759e-06;3.18596e-06;1.93942e-07;0.000226085;6.12794e-07;9.08286e-10;0.0001108;2.61407e-08;4.87352e-07;2.68768e-06;0.812871
8.76374e-06;0.00355574;4.36359e-07;7.43208e-05;4.11406e-08;1.46921e-07;0.885972;0.000139343;0.00522434;4.5479e-06;0.10409;4.63297e-08;0.000930122;9.73646e-09
3.22731e-05;0.99881;0.000418494;0.000132658;1.71663e-06;4.25952e-07;1.63051e-05;0.000476706;4.11729e-07;3.66165e-06;3.39141e-06;1.27137e-05;5.43492e-05;3.71099e-05
1.29669e-05;0.788693;4.73383e-09;1.06133e-05;3.33852e-05;1.30341e-05;1.77516e-07;0.206671;8.11824e-06;9.30769e-07;3.92804e-06;0.0040482;0.000395006;0.000109606
0.00176206;0.0756118;8.64889e-09;2.56165e-05;0.00234013;0.00035264;0.00302602;0.889217;0.000127598;6.20034e-05;0.000723924;0.000615843;0.0252721;0.000862996
5.57268e-05;0.00362157;1.02983e-07;1.23808e-05;0.000739341;0.000459623;2.85063e-07;0.000118902;5.28041e-05;3.8571e-07;1.40234e-05;0.96235;0.00141794;0.0311564
3.85711e-05;0.879552;2.00448e-08;2.42502e-06;1.72753e-05;5.38653e-07;3.51224e-06;0.000992486;2.95656e-07;3.94558e-07;1.04084e-06;0.000395946;0.118904;9.23832e-05
5.86611e-05;0.294971;7.16126e-06;0.000256462;0.0401867;0.0211212;5.93606e-07;0.178158;5.31438e-06;3.95309e-05;1.1728e-06;0.241691;0.0485716;0.174931
2.93928e-05;0.975713;3.24689e-06;8.79231e-05;0.000144337;0.000503251;0.000646593;0.00888019;3.75151e-06;0.000344079;3.32941e-05;1.95223e-05;0.00810624;0.00548497
4.00767e-09;1.81282e-09;1;1.68028e-08;8.59221e-10;2.90388e-09;5.40321e-08;4.0311e-10;2.1641e-09;9.35487e-10;8.26725e-08;5.81555e-08;1.36189e-09;5.79712e-11
1.81092e-05;0.00297252;0.959434;9.15313e-05;4.06017e-06;6.64834e-06;1.88888e-05;0.036548;3.19222e-05;4.42421e-06;2.87621e-05;0.000726988;0.000103818;1.01175e-05
3.33722e-07;0.000141855;0.000543125;2.34937e-06;0.000121366;0.000123027;8.04251e-10;0.000148658;5.95259e-09;2.44357e-07;1.02124e-07;0.00212626;2.22129e-07;0.996792
9.79764e-06;0.988545;1.7777e-09;1.07796e-07;4.63861e-07;2.86793e-05;3.44207e-06;0.00328984;5.87234e-08;1.01151e-06;4.2849e-07;3.07399e-08;0.00804643;7.45308e-05
2.69234e-10;3.25413e-09;0.999998;2.70455e-10;2.71082e-10;5.30018e-10;7.02043e-11;5.17154e-09;1.78122e-12;4.62252e-11;1.02982e-11;1.93976e-06;1.54159e-10;8.4865e-12
3.86086e-05;0.0241126;0.00201295;0.00260919;0.00043249;0.00859095;0.000165236;0.15481;0.00099404;5.49873e-05;0.00945255;0.743445;0.0189333;0.0343483
9.04449e-06;0.283319;1.77985e-06;1.61133e-05;9.75893e-05;4.8216e-05;4.79767e-06;0.684737;3.71054e-06;1.62265e-06;0.000810224;0.00460662;0.0263123;3.2208e-05
2.70782e-07;0.999107;8.32546e-09;3.16168e-07;4.96479e-08;7.37296e-09;0.000523546;1.27116e-05;2.27666e-09;0.00020875;9.12071e-08;1.99117e-06;3.34947e-06;0.000142022
6.35111e-11;4.01042e-12;1;9.79615e-12;8.56803e-11;1.68486e-13;1.54036e-10;7.61281e-11;1.57382e-12;3.567e-12;1.55832e-11;1.13887e-08;2.04885e-13;4.63151e-14
0.000298402;0.553865;0.000304548;6.34318e-05;3.29144e-05;6.95046e-05;0.00169815;0.078447;0.00156725;1.73637e-05;0.00023973;0.0131131;0.349455;0.00082797
2.76976e-05;0.00936884;3.31272e-08;2.78522e-06;5.29443e-06;1.02602e-05;3.20021e-06;0.047541;0.000124191;7.58704e-07;0.00011822;2.07749e-05;0.942575;0.000201767
3.40392e-06;0.000649259;8.19543e-06;7.78671e-06;4.68554e-07;8.09462e-07;3.07775e-08;1.80315e-05;6.27028e-06;5.01575e-07;6.4708e-06;0.999112;9.42111e-05;9.28931e-05
4.72984e-06;0.996011;1.10392e-07;4.39548e-06;3.82747e-06;3.17468e-07;7.51874e-06;0.00349494;1.76375e-06;6.64184e-06;2.66086e-06;0.000202399;0.000241604;1.77963e-05
2.05411e-05;0.731331;1.13858e-05;0.000100478;0.000970028;7.00235e-05;1.30385e-06;0.00759553;8.04059e-06;1.46954e-05;1.69357e-05;0.191382;0.0674562;0.00102184
0.000248726;0.439904;5.62023e-05;0.000253845;0.0907504;0.00114414;0.00110744;0.0133014;0.000163596;4.47194e-05;0.00515432;0.00865749;0.0397991;0.399414
0.000274647;0.907675;3.81094e-05;8.26682e-06;8.90353e-05;7.04114e-05;5.54201e-05;0.0101277;8.04774e-06;3.08705e-06;2.84057e-05;0.0471459;0.0297294;0.00474697
0.000101925;0.000590393;8.0366e-08;1.85698e-06;0.000411217;0.000104428;2.94348e-07;0.177538;1.12616e-05;1.05281e-07;2.01998e-05;0.000144912;0.821031;4.42096e-05
6.08718e-05;0.0205;7.75408e-07;1.38868e-05;2.65604e-06;3.3925e-06;4.73162e-08;0.000859119;7.87554e-05;6.34692e-07;7.64286e-06;0.967645;0.0107892;3.78607e-05
2.03534e-05;0.99532;0.00253554;5.78722e-05;6.67023e-06;4.026e-07;1.92911e-06;0.000284095;2.13739e-07;3.34188e-06;4.44666e-07;0.000314049;0.00142916;2.56861e-05
5.21073e-06;0.0213959;3.34228e-09;1.51655e-06;5.93776e-05;3.93081e-08;1.75313e-05;0.97802;1.92141e-05;7.05518e-06;2.54793e-06;4.27615e-05;0.000424744;4.02109e-06
0.000286103;0.00520346;0.928141;0.011402;0.00318594;0.011928;0.000103761;2.62149e-05;0.000115556;0.000208296;0.0018109;0.0300593;7.49929e-05;0.00745458
5.71693e-05;0.416682;2.5866e-09;1.87968e-06;5.6341e-08;5.81068e-08;0.580933;6.54009e-05;6.15093e-05;6.9404e-05;0.00187841;2.15238e-07;0.000218908;3.18626e-05
1.09975e-08;2.89817e-09;0.999999;6.40614e-09;4.60345e-10;1.16199e-10;8.35347e-07;1.41427e-07;1.45442e-07;4.72394e-09;1.10889e-07;5.54131e-08;1.16815e-11;1.64995e-12
0.000845515;0.319675;6.85555e-06;5.94332e-05;1.03296e-05;1.68573e-05;1.06443e-05;0.00737239;0.000766889;3.92234e-06;7.04006e-05;0.639067;0.0320778;1.7267e-05
7.94798e-05;0.236457;0.000157586;5.28521e-07;7.1035e-05;7.28247e-07;1.695e-06;0.0194946;2.49967e-06;3.15776e-07;1.19757e-05;0.291995;0.4517;2.75858e-05
1.54243e-06;0.00120725;8.80053e-08;9.33646e-06;5.08423e-06;0.000369607;3.43957e-05;2.2699e-05;0.000226769;5.12419e-05;2.01747e-05;0.000115327;0.997892;4.45275e-05
8.8436e-05;0.0183828;0.877635;0.00385496;2.72717e-05;0.000262802;0.0652532;1.91579e-05;0.00019278;0.0332224;0.000244571;0.000405891;4.61316e-05;0.000364805
6.37994e-09;1.83331e-09;0.999999;2.41581e-08;1.18622e-09;1.0749e-09;6.61662e-07;1.07617e-09;4.85666e-08;3.26597e-09;4.39085e-07;1.96436e-08;5.71522e-11;9.34366e-12
2.66106e-05;0.786811;1.87481e-07;6.12596e-07;2.14237e-06;3.09467e-07;1.09515e-07;0.208359;3.41849e-05;1.13658e-06;8.26148e-06;0.00201653;0.00273392;6.01637e-06
0.000257845;0.887576;4.94621e-05;2.98394e-05;0.000804645;0.000215621;0.0263425;0.0288313;0.000779468;0.00624978;0.00365306;0.00121564;0.0387659;0.00522918
1.22509e-09;4.2959e-10;1;1.85446e-08;7.14236e-09;6.48185e-10;8.54468e-09;5.78754e-09;3.9133e-09;1.32716e-09;3.0219e-08;2.99623e-07;4.95976e-10;4.25471e-11
7.1312e-05;0.0178677;0.00226552;0.000623588;0.000115871;6.6037e-06;2.35874e-05;0.0199317;0.00867575;2.31501e-05;0.0077202;0.941283;0.000594372;0.000797369
1.75551e-05;0.986265;4.21472e-08;4.77785e-06;7.6262e-06;2.4821e-05;0.0069233;0.00350388;2.36843e-05;0.00106636;4.64559e-06;7.01292e-10;0.000119347;0.00203903
1.1275e-08;1.30239e-08;0.99985;3.42374e-09;2.01816e-08;4.94976e-10;7.69301e-10;1.27477e-09;3.90001e-10;1.33622e-10;8.60884e-11;0.000150314;2.01376e-11;4.09807e-10
1.385e-05;0.005127;1.0374e-05;2.76735e-07;2.72818e-05;4.44159e-09;1.44519e-07;0.99421;1.22099e-06;3.06663e-09;5.65313e-08;0.000597739;1.16501e-05;5.90646e-08
4.41958e-08;6.80441e-05;5.66078e-08;1.99493e-08;0.000157449;1.96116e-07;3.53515e-08;0.999754;2.19396e-08;1.16156e-07;2.42038e-10;4.66019e-08;1.88744e-05;7.16635e-07
1.58349e-07;8.29959e-05;0.999884;1.32831e-06;3.23699e-06;7.37975e-07;1.46193e-10;3.43788e-07;8.5236e-10;3.99246e-08;8.41125e-09;2.29944e-05;7.29382e-07;3.90634e-06
3.12167e-06;0.979076;9.45373e-07;3.33385e-06;1.49495e-06;1.15577e-06;2.40235e-05;0.0199747;0.000493121;2.25784e-07;0.000166304;3.91119e-05;0.000196455;1.97067e-05
