5.54006e-05;0.988731;5.81855e-07;2.30769e-05;1.28771e-05;1.00216e-06;1.67086e-05;0.00834166;7.14123e-05;1.16568e-06;2.61686e-05;0.000321831;0.00235942;3.73343e-05
1.72043e-05;0.934334;3.59746e-08;8.70273e-06;5.23515e-06;8.01568e-07;3.11738e-08;0.0358841;1.12398e-05;4.14723e-07;3.53488e-05;0.0288108;0.000318906;0.000572892
8.34631e-06;0.00552785;1.04623e-06;4.92254e-07;1.23346e-06;1.18834e-05;0.00016451;1.55561e-07;3.16293e-07;0.000141473;9.36306e-07;0.000412939;1.43335e-06;0.993727
2.24688e-07;1.11969e-07;0.999952;9.1495e-09;2.13821e-06;1.39369e-07;1.4435e-07;3.38028e-05;1.67179e-07;1.18298e-08;1.26879e-07;1.11151e-05;1.34781e-09;7.7111e-10
2.15472e-08;0.999953;1.92217e-08;1.3922e-09;2.96828e-10;3.09855e-09;4.24518e-06;6.08762e-07;1.33355e-09;7.20229e-08;6.71473e-10;8.14891e-09;2.1562e-05;2.08168e-05
8.82646e-14;3.58869e-11;0.999999;3.85347e-12;6.20565e-10;4.44551e-12;4.37101e-13;1.16646e-10;7.02666e-16;7.30714e-13;6.28105e-15;7.39044e-07;6.64785e-16;1.29677e-10
3.92398e-06;0.914502;7.10395e-06;0.000310548;0.000197198;9.22625e-05;0.0525075;0.0291722;2.16187e-05;5.1493e-05;0.000740413;4.24075e-06;0.00209316;0.000296078
3.06957e-08;6.40456e-05;0.999928;1.9364e-06;8.48985e-09;8.69307e-08;2.94921e-06;1.43095e-07;3.82228e-09;1.2101e-07;7.28259e-07;1.56402e-06;7.81814e-07;1.59045e-07
6.23471e-05;0.798338;0.00538467;0.000564228;6.25526e-05;0.000853284;0.000141052;0.0932596;1.40751e-05;3.71311e-05;0.00143961;0.010336;0.087965;0.00154275
3.04358e-05;0.0107829;2.43658e-05;0.00233217;0.00132783;0.62499;8.28581e-07;0.00559779;3.69812e-05;0.000281366;0.00086866;0.000852042;0.16367;0.189204
9.44403e-05;0.000699896;0.855518;9.09453e-06;0.000168636;6.88207e-05;4.50518e-08;0.00356108;1.68768e-08;1.32972e-06;1.05139e-06;0.123017;3.08112e-05;0.0168295
0.00352665;0.158608;0.000518701;8.9345e-05;0.00230647;0.00271501;0.386073;0.246678;0.00367953;0.00298749;0.0031747;1.06591e-06;0.181473;0.00817035
1.31788e-08;1.45991e-09;1;1.7497e-08;4.04314e-09;4.80824e-09;1.58155e-08;1.3081e-08;2.9278e-08;6.00725e-10;1.14311e-08;1.02622e-07;9.86959e-11;1.38129e-10
0.000147271;0.0246939;1.29689e-05;0.000138523;0.000280049;1.39947e-05;2.85397e-07;0.790876;0.00807567;1.26952e-06;0.000125964;0.174532;0.00078244;0.000320043
6.10141e-05;0.0225129;3.71109e-05;9.21604e-06;6.97899e-05;0.000107313;1.25941e-08;0.00102586;4.3749e-06;9.86382e-07;2.16198e-06;0.00086569;0.975262;4.14135e-05
1.24478e-07;0.000159124;7.52927e-08;2.25774e-07;1.26291e-06;1.50041e-06;1.98616e-09;2.00604e-06;6.61016e-09;1.28625e-08;2.34626e-08;0.999456;6.06946e-05;0.000319026
2.36538e-06;0.481931;1.83804e-07;1.27761e-06;0.000195892;3.72635e-06;1.20357e-07;0.49042;7.1738e-08;2.4241e-07;5.32722e-08;6.79449e-06;0.0273949;4.3606e-05
1.7851e-07;1.12506e-06;2.41618e-09;5.08834e-07;7.32402e-08;5.10344e-05;3.10426e-07;4.25476e-06;4.0258e-06;1.70057e-06;5.12791e-07;3.2303e-08;0.999936;2.38164e-07
6.03242e-07;5.42242e-06;0.999993;1.44618e-07;2.05387e-08;7.93017e-09;4.54616e-09;5.45981e-07;4.50592e-09;4.05531e-08;1.15108e-09;3.1046e-07;4.55027e-10;5.13434e-08
2.68259e-05;0.963111;4.72056e-06;0.000102937;3.71438e-05;2.95217e-05;4.79462e-05;0.0224316;0.00179482;4.44805e-06;0.000437046;4.15963e-05;0.0118749;5.51028e-05
