4.73947e-07;1.44457e-05;8.37993e-12;2.57087e-10;7.64644e-08;4.13678e-10;2.52526e-09;0.999982;9.17223e-08;2.12347e-10;4.43348e-09;1.98027e-08;2.79578e-06;2.83695e-09
7.77424e-06;0.000300811;4.83767e-06;0.000152835;0.50629;2.53156e-05;3.54519e-06;0.0192095;2.96942e-05;7.2019e-05;1.47385e-05;0.170063;6.15954e-07;0.303825
7.09738e-05;0.0324888;0.96078;0.000648349;6.26906e-06;2.01866e-05;4.16322e-05;2.38413e-05;5.30106e-05;8.34941e-06;0.000408573;0.000204065;0.0051956;4.99799e-05
9.32049e-05;0.719244;8.54658e-05;6.53377e-05;3.58192e-05;1.93727e-05;5.94942e-07;0.00665198;2.94889e-05;7.90978e-07;9.44242e-05;0.216296;0.0572628;0.000121713
0.000491117;0.873763;1.74498e-05;0.000259579;0.011266;0.000204517;4.19024e-05;0.0781755;8.95904e-05;8.60969e-06;0.000279762;0.00104006;0.0140607;0.0203024
0.000101622;0.510722;1.41811e-05;6.3974e-06;7.70659e-06;3.55037e-07;4.14428e-06;0.00142154;1.6862e-05;3.47037e-07;5.31616e-05;0.484417;0.00299374;0.00024159
0.000172933;0.877213;7.69593e-07;3.24115e-06;5.01277e-06;6.09948e-06;0.00423422;0.095817;0.00033426;0.000131701;0.00057112;7.97994e-05;0.0213384;9.24445e-05
9.98246e-10;6.66885e-10;0.999996;1.34208e-09;2.01831e-10;1.06303e-09;4.01949e-09;4.48633e-08;1.8404e-09;1.38905e-10;4.20362e-09;3.94499e-06;3.05629e-11;1.74614e-11
0.00189711;0.286183;0.00496213;0.000308433;0.0003229;0.000141485;9.02896e-06;0.455219;0.00228632;2.50517e-05;0.00747879;0.120863;0.118788;0.00151576
3.58029e-06;0.550486;7.86352e-06;5.31298e-06;6.43637e-05;6.11141e-07;5.24478e-08;0.000145538;8.70493e-06;7.27369e-07;8.98852e-05;0.445317;5.34262e-05;0.00381764
1.40682e-08;0.997267;1.37917e-11;1.65729e-08;1.20315e-08;3.71638e-09;2.06391e-05;4.31112e-09;1.0964e-09;1.20073e-06;1.22037e-08;8.16806e-09;3.53394e-07;0.00271089
0.000261171;0.0202849;0.000213963;0.000137082;5.06836e-06;6.07827e-06;0.104381;0.000345204;0.536371;3.65124e-06;0.210795;0.113863;0.0133022;3.06578e-05
6.90207e-05;0.543358;2.82498e-07;1.10529e-05;2.44654e-05;1.68039e-05;1.13102e-06;0.00316594;4.47133e-05;3.69496e-07;7.86686e-06;0.00298578;0.450257;5.70464e-05
0.000100308;0.0358233;5.18434e-05;5.90406e-06;0.000268684;9.21123e-06;6.06633e-08;0.0035506;2.10179e-05;9.70078e-07;3.83318e-06;0.939161;0.0209118;9.18742e-05
8.63445e-05;0.535135;9.4866e-08;0.000316584;0.00494048;0.000691706;8.79969e-07;0.401494;0.000117856;4.55307e-06;9.40336e-05;0.0456697;0.00999311;0.0014551
0.000174676;0.152109;3.18993e-07;2.42997e-05;0.000274675;0.000831664;0.000108188;0.072474;1.58033e-06;7.01319e-06;0.00015207;0.138994;0.634591;0.000256664
5.77332e-06;0.000350893;8.06465e-09;1.25264e-07;5.98285e-06;2.18656e-06;1.98791e-08;0.00448794;1.34846e-07;5.17406e-09;1.26003e-06;0.000762454;0.994383;5.45216e-07
1.61429e-05;0.00202382;6.05796e-07;3.55301e-05;8.46553e-06;5.28992e-06;1.5695e-06;2.74995e-05;0.000128573;2.95136e-06;8.56678e-05;0.993756;0.00384767;6.07565e-05
5.40678e-05;0.994834;0.000692816;0.00168021;1.38344e-05;8.41965e-06;0.000190405;0.000542591;0.000155685;6.12084e-05;0.000279354;0.000894855;0.000590318;2.14002e-06
3.93589e-05;0.678052;1.82808e-09;9.74182e-05;1.28515e-06;1.92138e-05;8.90672e-05;2.29156e-05;0.00011779;8.94818e-06;0.00047403;0.0158431;0.305213;2.18701e-05
0.000104005;0.358467;0.23907;0.000807854;0.000815926;2.77939e-06;0.000131087;0.00014716;3.08328e-06;0.000136833;8.29533e-05;0.27345;3.27949e-05;0.126749
2.88132e-05;0.857586;1.0507e-08;2.21764e-05;0.000490146;2.34079e-06;7.52932e-05;0.12703;0.000366538;2.07224e-06;0.000264707;1.93941e-05;0.0139345;0.000177842
2.99102e-05;0.566552;0.177111;0.000357851;0.00140039;2.32981e-06;8.09218e-07;0.00175698;9.51432e-06;1.2465e-06;6.49884e-05;0.241264;0.0102602;0.00118871
0.000524474;0.670896;1.29363e-06;0.000161333;0.000623271;0.000625669;0.000210171;0.00506644;0.000445594;3.32351e-06;0.00345783;0.0436413;0.249257;0.0250865
0.000206254;0.101034;8.62366e-05;3.38378e-07;0.000437209;8.10541e-05;3.02873e-07;0.880073;1.33314e-07;1.55798e-07;1.29027e-06;0.00643422;0.00921803;0.00242759
8.8213e-06;0.106406;4.50348e-05;5.20462e-05;0.00381411;0.0158423;3.47806e-06;0.00111458;1.88625e-05;1.57641e-06;4.1931e-05;0.726719;0.00281694;0.143116
1.4473e-06;0.00451014;2.48803e-09;4.14219e-07;4.04154e-06;2.93412e-06;3.03015e-07;0.0011967;1.66232e-07;7.02225e-08;2.5615e-06;0.000186983;0.994092;2.61791e-06
0.000258653;0.000119214;0.00105218;0.00276267;0.727142;0.00327997;2.94007e-06;0.00281955;4.65715e-06;5.04671e-05;7.72212e-06;0.000356335;0.000238518;0.261905
0.00079192;0.995311;4.33996e-08;8.8911e-07;4.28503e-06;8.17789e-08;2.74436e-06;0.00353905;0.00014956;9.22884e-07;1.36079e-05;7.79449e-06;8.27565e-05;9.50025e-05
2.23605e-05;0.0011057;9.12771e-05;9.06107e-06;0.000259984;2.90627e-06;2.35532e-08;3.39389e-05;9.96859e-07;1.66685e-06;3.55412e-08;0.997466;8.50555e-06;0.000997643
2.04648e-05;2.71569e-05;3.27819e-09;9.3515e-07;1.16897e-07;1.07642e-07;0.000225108;4.47808e-05;0.998183;2.7784e-07;0.00141669;8.25264e-11;8.1705e-05;4.00909e-09
4.2852e-05;0.99869;1.35809e-05;1.63739e-05;7.62949e-08;2.15753e-07;3.15104e-06;0.000875277;0.000123008;3.46224e-07;2.18131e-06;1.34924e-05;0.000217378;2.30875e-06
1.82558e-05;0.901571;1.34203e-07;0.000114294;4.7958e-05;7.14079e-05;2.58188e-07;0.0937772;0.000135663;4.46899e-06;2.26314e-05;0.00085864;0.00319017;0.000187547
0.000631846;0.978182;3.26865e-08;3.04258e-05;5.80612e-05;1.16667e-05;0.00309417;0.00983853;8.61551e-05;6.89952e-05;0.000880782;7.24752e-05;0.00560769;0.00143726
1.77666e-07;2.61992e-07;0.999982;2.25543e-07;2.49009e-08;1.58749e-08;8.16535e-07;3.45182e-08;9.7219e-08;1.24776e-08;4.11192e-07;1.54932e-05;8.15509e-09;2.2944e-10
2.6992e-05;0.596644;0.000139684;8.10163e-06;1.32589e-06;9.64663e-09;2.95591e-06;0.379171;8.51865e-06;9.7098e-08;6.82117e-05;0.0238393;8.94452e-05;1.07676e-07
3.74594e-05;0.241046;0.00232287;0.0589929;0.00146971;0.000153275;0.000951437;0.0678591;0.00129533;0.000161722;0.00731335;0.50297;0.0524973;0.0629294
8.08091e-06;0.00161671;5.81722e-08;0.169363;8.26054e-06;3.38987e-05;0.000427094;0.000130099;0.0144552;0.000680595;0.811214;0.00178555;3.48563e-05;0.000242229
0.00178869;0.985157;9.12016e-07;0.000306862;2.52462e-08;8.15896e-09;0.00168096;0.00133426;4.94478e-05;5.62327e-06;0.00821144;0.00073921;0.000724905;4.27876e-07
8.67445e-08;3.85621e-05;2.0759e-08;8.79551e-08;4.70196e-05;1.9167e-08;6.93894e-10;0.999849;4.06263e-08;1.67263e-07;3.08296e-09;1.88523e-08;6.45183e-05;8.83528e-07
4.93134e-08;1.57125e-05;0.999946;1.01164e-05;6.82048e-08;1.2499e-07;2.62281e-08;1.11825e-08;7.34928e-08;3.00608e-06;1.27804e-07;2.34871e-05;5.55032e-09;8.22603e-07
0.000757221;0.000227698;3.28656e-05;2.09117e-05;4.33733e-07;6.64266e-07;0.0010625;0.00052918;0.296629;1.03532e-05;0.700586;1.44402e-06;0.000141916;7.38531e-08
