2.64889e-06;0.993185;1.18989e-05;3.48725e-06;7.25389e-07;2.09034e-06;0.00194216;2.85941e-07;6.89917e-09;0.00474993;1.05037e-06;4.72034e-07;2.58234e-05;7.44766e-05
3.63957e-09;1.11664e-08;0.999998;2.40391e-10;4.54113e-10;6.60866e-10;1.59229e-07;1.83973e-09;1.63361e-10;5.29498e-10;2.30609e-09;1.6168e-06;1.49193e-12;3.41158e-10
2.50473e-06;0.99908;2.41162e-09;5.47236e-09;8.61037e-08;2.32691e-07;4.91574e-06;6.70469e-05;3.03123e-08;2.46749e-08;1.2818e-07;5.3176e-07;0.000844969;3.33233e-08
9.92022e-07;8.02483e-05;0.000243371;1.50671e-06;9.30285e-05;0.989782;5.13992e-09;4.62303e-06;4.32101e-08;7.76241e-07;4.26943e-08;0.00162926;0.000788083;0.00737605
3.73443e-06;0.9989;1.74782e-08;3.34481e-08;3.34201e-08;3.98854e-07;0.000268961;0.00038955;3.89112e-08;2.8388e-06;6.7961e-08;2.72169e-06;1.46081e-05;0.000416634
6.44966e-09;1.44918e-07;0.999993;3.70618e-08;3.12216e-09;2.63098e-07;5.91447e-06;2.87532e-07;4.93659e-08;3.21702e-07;2.19717e-08;3.78814e-08;2.21256e-10;3.40989e-08
1.39422e-07;6.09863e-07;0.998913;3.46767e-07;2.48766e-08;3.82522e-08;1.04198e-07;0.00107894;9.32801e-07;6.04503e-09;8.56749e-07;3.17949e-06;1.43432e-06;4.32313e-09
4.7877e-09;1.6139e-05;8.69522e-05;4.4998e-07;1.10533e-07;3.87308e-08;4.058e-07;7.8389e-06;1.8875e-08;1.10497e-07;9.48011e-08;3.04805e-05;1.91185e-07;0.999857
1.45778e-08;4.88048e-06;1.06436e-10;1.20632e-07;0.00120378;2.34741e-05;6.51965e-08;0.998763;8.21248e-07;8.62154e-09;2.0837e-07;2.38051e-09;2.92394e-06;3.5176e-07
7.12822e-10;1.12435e-06;0.999977;8.0521e-08;9.12952e-06;1.08519e-06;4.21803e-12;6.35839e-09;5.94163e-13;5.17032e-10;1.97268e-10;9.81622e-06;4.61362e-08;1.23945e-06
3.38798e-08;0.998326;1.13146e-08;2.88085e-07;3.59024e-07;1.61828e-07;8.33645e-06;7.38518e-05;3.23323e-07;6.04306e-09;3.96847e-06;1.62185e-06;0.00158498;1.17754e-07
1.81588e-09;6.38609e-06;0.999991;9.08822e-08;2.5774e-08;8.05262e-08;4.99494e-08;2.45807e-09;1.93431e-10;1.86256e-09;6.49557e-09;5.49103e-07;1.44936e-06;3.23794e-07
4.99464e-09;0.996766;4.19177e-10;2.44129e-10;4.4648e-08;3.15632e-09;1.7722e-09;0.00305641;1.60194e-11;4.50901e-10;8.10132e-12;1.13934e-06;0.000175914;6.42154e-07
4.66413e-08;0.00178292;6.69307e-09;4.60384e-07;8.51976e-07;0.000938673;1.28607e-07;3.00803e-05;2.51141e-07;1.14563e-06;2.19306e-07;1.14622e-05;0.995199;0.00203496
4.03945e-08;8.02292e-05;0.99974;1.00733e-06;6.91202e-08;2.13989e-07;1.9343e-06;1.86716e-08;7.86809e-10;3.13099e-05;4.04351e-09;0.000141359;1.50539e-07;3.14253e-06
3.42619e-07;5.12576e-07;0.99997;6.91229e-08;3.84744e-07;3.26988e-08;2.43125e-05;5.46531e-08;4.75851e-07;4.92993e-08;3.60833e-06;2.85553e-07;6.43415e-10;1.28804e-08
2.30985e-07;2.43834e-05;5.51006e-10;3.62429e-10;9.36206e-08;1.84565e-09;1.95585e-09;0.999973;9.37296e-07;4.25177e-10;9.6578e-09;9.91064e-07;1.32691e-07;3.99221e-09
1.69869e-07;2.22308e-05;3.06241e-08;2.46673e-07;6.85685e-05;4.42643e-05;1.56951e-09;8.32045e-05;1.06739e-07;1.33356e-07;3.51755e-07;0.000350595;7.02433e-06;0.999423
1.45274e-06;0.998413;1.48979e-08;3.27506e-08;2.41518e-09;4.15203e-08;0.000107375;0.000144885;2.55088e-08;1.44326e-05;2.52989e-08;3.91997e-10;0.000322474;0.000995948
1.52136e-11;5.80285e-10;1;5.08916e-11;2.05433e-09;3.50293e-09;5.45e-09;4.26989e-09;1.96163e-11;1.1359e-08;4.19366e-11;3.9971e-09;2.33456e-13;2.63052e-09
1.70797e-08;2.06167e-06;0.999992;1.29807e-07;1.20932e-09;6.39301e-09;8.41808e-07;3.68812e-06;2.75028e-07;5.2324e-09;2.92205e-07;1.30333e-07;1.17741e-07;4.37247e-10
9.06014e-08;0.00252463;0.000931742;6.28445e-06;1.2379e-07;2.02585e-07;5.98603e-08;0.000228638;4.04674e-06;7.75384e-08;3.46431e-05;0.996106;1.13441e-06;0.000162329
3.59611e-07;0.0727227;2.94286e-06;8.95411e-06;1.10851e-06;4.89001e-05;1.96187e-07;0.000329142;1.05599e-07;3.00654e-07;1.00986e-05;0.000328865;0.926543;3.42502e-06
8.47036e-08;0.0394265;6.42363e-06;4.24481e-06;0.00179953;6.62291e-05;3.3959e-10;0.00124387;7.18538e-11;3.56209e-08;2.3384e-08;0.925788;0.000373822;0.0312909
2.43054e-07;0.0125847;3.04466e-08;5.52733e-06;0.0165576;0.00212374;1.05948e-09;0.926301;9.29799e-09;2.03688e-07;2.84841e-07;0.000144386;0.0247176;0.0175646
9.18311e-08;0.0005117;1.0405e-08;1.65442e-07;7.22399e-07;8.84587e-05;2.96688e-09;1.91103e-05;1.39453e-09;1.77613e-08;5.42851e-07;8.17279e-07;0.999378;4.18611e-08
2.50367e-05;0.00447497;0.994974;2.91075e-05;0.000171094;4.78439e-05;2.11425e-07;0.000109414;2.67752e-09;8.31992e-07;6.50126e-08;3.183e-05;1.66037e-05;0.000119013
2.35502e-06;0.878094;3.78994e-07;4.10054e-06;1.23613e-05;0.000130009;8.4753e-06;0.00134826;1.27938e-06;7.26424e-08;1.5603e-05;0.000276425;0.120086;2.12246e-05
8.11957e-06;0.875205;2.27863e-06;4.58579e-05;0.00235777;0.000150786;1.74242e-07;0.0150241;1.42837e-06;3.75055e-06;5.56042e-06;0.0958518;0.0106729;0.000670235
9.11355e-05;0.00267504;0.0142245;0.000163273;0.0167904;0.000130705;4.22886e-06;0.168179;7.5525e-05;1.16312e-05;0.000219708;0.79126;0.00612299;5.20155e-05
0.000794879;0.391847;0.000295142;0.00422161;7.98297e-05;0.000167083;0.0282345;0.0189771;0.168782;0.000121914;0.189184;0.00578751;0.191477;3.13486e-05
0.000303439;0.972869;4.30337e-08;8.00618e-06;8.47585e-07;9.69316e-07;2.0107e-05;0.000409164;0.000341946;5.98499e-07;9.50097e-05;0.00146071;0.0244122;7.80424e-05
4.3145e-07;0.997964;1.94283e-09;2.04186e-07;8.37624e-09;3.23799e-09;0.000273341;4.18208e-06;5.11069e-08;7.80822e-05;1.96577e-08;1.23062e-07;4.76752e-07;0.0016791
7.92598e-09;1.30627e-10;0.99999;2.07744e-09;9.62243e-09;4.57641e-10;7.13265e-08;3.44326e-08;2.97378e-08;1.28319e-09;2.8753e-08;1.03686e-05;2.43201e-13;6.70978e-11
7.86536e-07;0.910118;2.70017e-07;4.64909e-07;4.52524e-08;1.09545e-07;3.24487e-07;1.33075e-06;5.71496e-08;6.8659e-08;9.89785e-08;3.11652e-08;0.0898783;6.59503e-08
7.49376e-06;0.0103811;1.37846e-07;3.53607e-07;1.08218e-06;4.42959e-07;1.97732e-07;0.000108141;1.73375e-06;4.42672e-08;4.86199e-07;0.988109;0.0010106;0.00037956
5.14716e-06;0.377948;2.11268e-05;3.64394e-06;0.00175665;0.000443262;2.51215e-07;0.574701;8.44224e-08;9.54964e-07;1.57417e-07;1.56633e-05;0.0404803;0.00462397
3.25174e-08;1.73346e-05;6.02312e-09;2.22339e-08;9.17242e-08;0.000122016;7.33404e-09;1.45196e-06;4.52859e-08;3.27727e-08;1.11179e-08;1.39398e-06;0.999853;4.26866e-06
5.90243e-07;3.4418e-05;0.999827;7.76371e-07;5.2808e-08;1.57843e-05;3.67397e-06;1.10856e-08;1.37776e-09;6.39472e-06;3.08458e-09;2.06895e-06;7.43358e-05;3.43693e-05
1.91814e-08;1.88793e-07;0.999964;3.16872e-09;2.42371e-08;6.72606e-09;3.46738e-05;1.94126e-07;5.90327e-08;5.8845e-07;5.18308e-08;3.78125e-10;1.54493e-10;1.48829e-09
1.32852e-09;8.38751e-09;1;2.90706e-10;3.28785e-10;7.58507e-11;2.97075e-09;1.75811e-07;1.44755e-08;6.66259e-11;1.24294e-09;4.7522e-08;2.82713e-10;1.71122e-12
1.68201e-06;0.00218684;0.00176482;1.84091e-06;4.701e-06;9.47948e-07;2.67234e-08;0.00183175;5.02326e-05;1.0767e-07;1.68148e-05;0.99097;4.39163e-06;0.00316542
8.39939e-06;0.865503;3.89308e-05;4.27742e-06;6.82809e-05;0.000488846;3.88213e-06;0.00139228;9.8892e-07;6.34251e-06;2.74368e-06;0.00148427;0.130224;0.000773946
2.62628e-07;0.00319105;2.75066e-07;1.70105e-07;6.5831e-05;1.24243e-05;1.70952e-09;0.00238087;1.35018e-07;1.36729e-08;1.00395e-06;0.993337;0.000983281;2.79096e-05
2.44547e-05;0.0732558;0.00955167;1.40674e-05;0.219027;0.000515434;7.6783e-08;0.652634;1.08022e-07;1.55579e-06;2.34776e-07;0.00270764;0.0168094;0.0254587
2.23406e-05;0.391082;1.04572e-05;7.27128e-07;0.000165047;0.000304811;1.38258e-05;0.522793;3.67106e-07;9.07718e-06;1.07171e-07;2.86842e-07;0.0854042;0.000193508
4.28811e-10;5.45166e-10;1;1.6559e-10;4.95325e-11;4.67541e-11;1.49287e-11;4.12971e-09;3.6474e-12;1.36431e-11;7.19565e-12;8.83992e-09;3.642e-10;1.9693e-13
1.12591e-06;7.07092e-05;0.000257793;1.54076e-06;1.6599e-05;6.82259e-07;3.45675e-09;0.00240832;8.42622e-07;1.34965e-07;1.62442e-07;0.997203;3.99791e-06;3.50447e-05
1.42147e-05;0.937891;1.49138e-05;5.61342e-07;4.30493e-05;0.000213651;2.84711e-07;0.00878003;1.84849e-07;3.4913e-07;6.72645e-07;0.00113612;0.0518278;7.68593e-05
2.54413e-05;0.821171;9.98921e-08;6.58998e-05;0.00315449;0.00172343;0.0032135;0.00163685;5.2284e-06;0.0183592;7.86125e-07;9.26944e-05;0.000144688;0.150407
1.27101e-10;1.13042e-10;1;2.58022e-11;6.77409e-10;3.59815e-10;2.38268e-11;1.09873e-08;1.8105e-11;1.52268e-12;7.19572e-13;5.84219e-09;1.20997e-11;8.97956e-14
9.07907e-06;0.235434;2.71118e-06;4.32222e-06;1.86862e-05;6.30002e-05;8.30994e-08;0.742702;4.63804e-05;3.97599e-07;6.45258e-07;0.00312145;0.0185727;2.46923e-05
6.60161e-06;0.897997;1.23389e-06;9.29636e-06;0.000186704;0.000397733;5.01425e-08;0.0735163;1.61992e-06;1.99502e-06;4.6361e-07;0.0234135;0.00287089;0.00159646
0.000143179;0.129878;0.000261383;1.75878e-05;1.72057e-05;1.82478e-06;4.31586e-05;0.0125706;1.38618e-06;7.64672e-06;5.35699e-05;0.852809;0.00416941;2.52736e-05
0.00176712;0.602835;2.955e-05;0.000269652;0.000359651;9.3679e-05;0.000769102;0.0170333;0.000790752;0.000115984;0.00187966;0.178419;0.194839;0.000798493
3.23716e-06;0.998229;8.87785e-10;3.25697e-08;7.65788e-10;1.4307e-10;0.00173758;8.62581e-06;1.43025e-06;1.32783e-05;4.8048e-07;1.83717e-08;5.56536e-06;1.16777e-06
5.25843e-10;3.12477e-11;0.999978;2.34758e-10;2.96626e-08;8.17048e-12;3.40848e-10;3.11246e-08;1.31904e-09;1.97617e-10;5.87853e-10;2.16105e-05;3.78025e-12;5.65736e-12
0.000201504;0.0100879;4.27296e-07;1.95624e-05;0.000203987;1.95883e-05;5.69898e-05;0.966963;0.00811703;1.68337e-05;6.60335e-05;5.81646e-05;0.0140752;0.000114042
0.000102699;0.00030604;1.24692e-07;2.40177e-06;1.11278e-05;1.78625e-06;2.65272e-07;0.95977;0.00154007;2.60712e-07;4.99427e-05;0.000104362;0.0380971;1.36102e-05
0.000291007;0.0247221;1.2506e-07;2.05617e-05;4.04811e-05;3.57322e-06;3.63706e-08;0.0333073;0.00019533;1.3447e-06;3.0565e-05;0.925852;0.00431191;0.0112237
3.21037e-06;0.998194;9.31136e-07;2.88217e-07;3.3942e-07;1.06715e-08;4.67645e-07;0.000196732;1.0599e-07;3.8927e-07;1.94239e-07;0.000171301;0.00142333;8.48761e-06
5.57786e-06;0.933883;3.58521e-09;1.07407e-05;2.33456e-07;4.12451e-06;0.0635033;2.28655e-05;0.000283566;0.00200568;8.461e-06;3.53026e-07;0.000106534;0.000165519
1.35667e-10;1.16991e-10;1;3.03794e-08;1.0774e-09;1.07999e-09;2.79684e-07;7.05209e-10;1.01105e-09;1.54814e-08;3.7692e-08;9.96062e-08;6.88656e-14;4.02875e-11
7.36558e-06;0.997051;2.82657e-08;2.08696e-05;7.97251e-07;2.26512e-07;1.71559e-05;0.00222143;2.37601e-06;2.44366e-07;0.000165608;1.70914e-06;0.000511453;1.01541e-07
5.99269e-06;4.05081e-05;4.62735e-11;7.23823e-08;1.9716e-07;2.2431e-08;1.15507e-07;0.999633;2.03235e-05;1.9064e-08;9.10448e-06;6.70838e-08;0.00029031;5.14719e-07
5.90096e-06;0.00179859;4.39062e-07;9.14308e-05;0.000718025;1.80993e-05;4.01473e-08;0.000439964;3.64033e-05;3.72508e-07;0.000407117;0.975487;0.000108123;0.0208887
2.41048e-05;0.63886;1.93498e-06;3.25757e-05;2.16008e-06;9.05942e-08;3.24226e-06;0.339287;0.000524269;4.2563e-07;0.000651749;4.04433e-05;0.0205441;2.82653e-05
4.33616e-07;0.00123738;3.29484e-06;1.13487e-05;1.03841e-06;1.73045e-07;1.01706e-08;1.04921e-05;5.95214e-06;3.6055e-08;1.80667e-05;0.998646;1.64003e-05;4.93351e-05
4.28065e-05;0.5132;1.50322e-06;0.000191452;2.25103e-06;2.62718e-05;1.18229e-05;0.00158624;0.000601872;5.51104e-06;0.00406699;0.0331089;0.447045;0.000109458
2.55947e-05;0.0581522;8.31604e-07;3.20545e-05;7.70939e-06;1.3928e-05;2.42955e-07;0.0014655;8.48653e-05;2.81002e-06;0.000715796;0.927964;0.00991131;0.00162266
5.25961e-06;0.17749;1.36725e-06;4.20808e-07;3.98568e-05;1.9082e-07;6.05544e-06;0.821711;3.46103e-06;1.16615e-06;4.87398e-05;8.19292e-06;0.00068227;1.21341e-06
9.19373e-06;0.0780387;0.850026;0.000285271;0.00166231;2.97087e-05;2.51325e-07;0.000353966;2.58871e-07;7.2783e-06;2.48249e-05;0.066964;0.00245105;0.000146763
6.14259e-07;0.906965;1.35644e-10;5.9168e-07;1.25832e-07;1.99914e-08;0.000112897;3.55854e-06;2.28462e-06;2.20787e-06;2.76094e-05;1.14887e-06;9.33414e-07;0.0928829
0.00102108;0.00229864;7.08775e-06;2.49953e-05;1.93441e-06;3.05084e-06;0.263953;0.0099773;0.237874;3.96312e-06;0.480709;0.000343049;0.00378357;1.16604e-07
0.000657625;0.947127;1.61885e-06;1.47491e-05;2.41786e-05;3.89882e-06;2.04129e-05;0.0422452;0.00013416;1.13634e-05;2.46407e-06;0.00271149;0.00693187;0.000113887
5.32118e-05;0.914082;7.78986e-07;7.15913e-05;5.73741e-05;7.01303e-05;3.49191e-05;0.000985154;0.0020898;3.66062e-05;0.000462011;0.00289551;0.0784593;0.000701562
0.000446049;0.0596367;0.016436;0.0054293;0.00199807;5.88695e-05;6.44696e-05;0.00012514;9.12763e-05;0.000374853;0.000261981;0.887744;0.00159775;0.0257361
0.0112894;0.412364;2.59495e-07;0.000970942;0.0211105;6.86736e-06;0.0115997;0.144761;0.23465;0.000301503;0.144053;0.00104119;0.0124592;0.0053932
8.31842e-05;0.123997;0.00413453;0.000118153;4.57826e-05;3.95352e-05;1.17823e-05;0.000395742;3.18173e-05;1.21856e-05;0.000100222;8.03924e-05;0.870918;3.21278e-05
1.41907e-05;0.311979;2.1285e-05;1.00049e-07;4.69988e-07;1.41777e-07;3.85475e-06;0.000342409;1.21501e-07;5.98884e-08;3.65119e-06;0.682758;0.00486659;1.00634e-05
7.1858e-08;0.000122253;1.52569e-10;2.33082e-07;0.00915559;1.8993e-06;9.20673e-08;0.990694;7.12408e-06;4.80368e-08;9.14925e-07;1.13389e-05;2.07341e-06;4.32172e-06
0.000172849;0.0737596;0.88333;0.000337179;0.0005245;0.00186342;4.16836e-07;0.00127163;9.87596e-07;7.34332e-06;2.88091e-06;0.0202166;0.0182357;0.000276935
1.68967e-06;0.0140287;2.30938e-10;6.08539e-08;2.03587e-06;4.88268e-07;1.17364e-08;0.000729783;1.05656e-07;1.59603e-08;1.20906e-06;0.000313779;0.98491;1.1961e-05
3.88113e-05;0.138062;0.000288166;4.45397e-06;0.000228339;0.000299808;2.19592e-06;0.00873591;1.27025e-06;0.000118481;2.81586e-07;0.00866878;0.841756;0.00179495
3.29382e-08;8.99127e-08;0.999994;1.02357e-07;2.01797e-07;5.57549e-07;3.30475e-08;1.60627e-07;5.61925e-08;1.88922e-08;8.93209e-08;4.75623e-06;6.03239e-08;2.0419e-08
1.69234e-07;4.97831e-05;0.996309;1.42698e-06;1.04333e-07;1.31804e-07;8.36625e-07;0.00140683;4.42015e-07;6.33413e-08;2.33661e-06;0.00222285;1.88719e-06;4.31685e-06
5.51828e-09;0.000115003;3.23768e-05;1.32026e-07;1.3827e-05;0.000235386;4.28118e-10;5.4698e-06;2.36247e-11;3.61001e-08;2.49885e-09;1.27891e-05;1.52696e-07;0.999585
5.63235e-07;0.00211456;8.16048e-08;2.76007e-07;2.12192e-06;3.7886e-06;1.55408e-08;0.000530369;6.5692e-09;4.82304e-09;7.98162e-06;0.000466962;0.996873;1.77898e-07
6.59986e-06;0.0286276;4.03461e-07;9.49062e-07;1.13878e-05;2.91522e-06;5.62809e-08;0.966471;1.85727e-08;2.9189e-07;1.74327e-07;2.76869e-05;0.00473356;0.000117116
3.69722e-08;0.000259358;1.02759e-05;1.62662e-05;2.59042e-06;5.65363e-06;4.84837e-07;1.57969e-05;8.12609e-08;6.3652e-07;1.26477e-05;0.999549;4.65134e-05;8.07433e-05
1.38034e-05;0.962521;5.20981e-06;1.07502e-05;8.27038e-05;1.92325e-06;1.77678e-05;0.026774;5.31858e-07;5.89523e-06;4.0189e-05;0.000203669;0.0101849;0.000137432
0.000848685;0.000551589;0.00529839;2.29375e-05;0.000719288;9.75288e-06;5.5453e-05;0.00213521;0.000454054;8.01655e-06;0.00180062;0.980148;0.00765338;0.000294923
0.00224596;0.00353589;7.65935e-08;3.61784e-05;0.00441915;0.00162763;3.58639e-05;0.976644;0.0042362;3.98518e-05;0.000185953;8.38466e-05;0.00568744;0.00122211
0.000130834;0.0013023;1.29392e-07;5.06725e-07;8.54335e-06;3.47883e-07;5.89664e-08;0.99494;0.000113686;6.83164e-08;2.32603e-06;3.40998e-05;0.00346704;1.65766e-07
0.00021852;0.0107761;2.84826e-09;1.88945e-07;7.0176e-06;6.8314e-07;9.37058e-07;0.9878;0.000175147;1.98375e-07;1.51311e-06;4.43314e-06;0.000970325;4.45211e-05
1.33659e-06;0.000241128;7.80121e-06;4.52385e-06;0.00173186;2.27228e-06;1.32192e-08;0.000238044;1.48079e-07;5.02051e-07;3.30721e-07;0.989576;1.23111e-06;0.00819459
1.19613e-07;0.99988;6.87655e-10;8.68293e-09;2.37788e-10;4.05353e-10;9.05909e-05;4.90067e-07;2.67685e-08;2.07125e-07;1.52446e-08;1.94647e-12;2.0787e-06;2.60914e-05
1.26926e-11;2.35214e-10;0.999989;2.49511e-10;3.62936e-10;1.13691e-10;1.39446e-10;1.13177e-10;4.43908e-12;4.93051e-11;1.06024e-11;1.14341e-05;2.74685e-13;3.17001e-09
9.68524e-06;0.97509;2.38943e-08;0.000681175;2.31124e-06;5.64282e-06;0.00141884;0.00295133;0.00462678;3.58879e-06;0.00835743;2.68577e-05;0.00682297;3.74515e-06
1.5181e-07;6.65408e-05;1.35602e-11;6.72688e-10;1.78679e-08;1.09603e-10;4.98739e-09;0.999932;1.4564e-08;5.7186e-10;1.13914e-08;3.00072e-08;1.6066e-06;2.39625e-08
6.92218e-07;0.00120753;7.89784e-06;1.43303e-05;0.00162854;0.000123179;7.36327e-06;0.00108156;1.88214e-07;0.000141215;9.11424e-07;1.02603e-05;3.82037e-05;0.995738
7.3079e-10;1.12041e-08;1;1.37672e-09;6.68482e-11;1.37446e-11;5.05667e-10;1.45637e-09;3.92901e-10;1.64918e-11;5.88076e-09;8.74242e-10;1.16725e-09;3.03151e-11
8.95988e-08;5.3719e-05;0.999317;1.08137e-06;1.37404e-06;8.55649e-09;2.18102e-08;0.000468944;1.24995e-07;6.52083e-09;3.86415e-07;0.000134357;5.8833e-07;2.20904e-05
3.24627e-09;3.33997e-05;3.46707e-07;2.82077e-08;1.97832e-06;1.1529e-06;5.31007e-12;8.26848e-06;3.0167e-11;1.10941e-09;2.67889e-10;0.000230493;1.85302e-08;0.999724
9.64452e-08;0.997386;2.25055e-10;9.12929e-07;2.07644e-07;2.77575e-07;1.1528e-08;0.000574425;4.57434e-08;2.59076e-09;2.38503e-06;3.69799e-06;0.00203144;4.8099e-07
4.04766e-08;0.999693;5.72296e-10;1.90622e-06;4.40197e-10;7.59717e-10;2.91579e-08;7.60455e-05;3.98713e-08;2.29855e-09;7.23135e-07;7.26748e-05;0.000155752;9.80883e-08
5.55487e-08;0.00521435;5.81033e-09;5.65555e-05;0.000212407;2.26067e-07;8.53248e-09;0.994065;6.13756e-09;4.23329e-07;5.1763e-07;0.000315594;2.71278e-06;0.000132277
7.42164e-07;0.000354591;0.971801;0.0119498;2.20573e-06;0.000155354;1.15765e-06;5.74435e-08;1.51924e-07;9.24223e-06;0.000521335;0.0139764;1.96041e-05;0.00120813
2.47422e-05;0.000538111;1.10016e-09;5.0696e-05;4.73631e-09;1.48654e-07;1.5851e-05;8.97526e-06;0.0011603;2.62061e-07;0.997781;3.6071e-05;0.000383513;1.24029e-07
0.000391211;0.949624;6.17365e-06;0.000150436;2.65979e-06;2.22941e-07;3.26179e-05;0.0406364;1.31242e-05;5.23815e-06;0.00119869;0.00339247;0.00430817;0.00023889
1.76753e-07;9.18026e-06;4.98759e-12;6.56935e-07;0.000102189;4.45014e-07;1.21343e-07;0.999781;1.08892e-07;5.14379e-06;1.05165e-06;2.01085e-07;2.25033e-05;7.69756e-05
1.59953e-08;1.46692e-06;0.999992;5.17353e-06;1.47481e-08;2.52793e-07;3.38081e-08;4.90055e-09;9.87413e-09;3.2904e-07;1.25269e-06;2.20754e-08;6.90428e-10;3.47531e-08
0.000394743;0.000274551;0.000170966;7.9356e-05;1.93703e-06;3.87829e-05;0.000569725;0.000254933;0.021828;4.27922e-05;0.975552;2.39935e-05;0.000765558;2.22957e-06
