7.20027e-06;0.999283;2.30287e-05;2.37096e-05;2.53985e-06;1.49216e-07;4.12245e-07;0.000470937;3.24575e-07;5.98758e-07;4.24561e-07;0.00014985;3.4358e-05;3.22265e-06
6.28604e-06;0.000313184;5.81598e-11;2.26817e-08;4.24044e-07;6.93996e-09;1.79835e-07;0.999656;1.29285e-05;5.45399e-08;6.70699e-07;1.49348e-08;3.88269e-06;6.50072e-06
0.00231421;0.698701;0.000280073;0.000186893;4.68302e-05;9.54829e-06;0.097318;0.154075;0.0253116;0.00438303;0.00116519;0.00827808;6.75063e-05;0.00786316
3.97602e-08;9.98519e-07;0.999997;1.5979e-08;3.39128e-09;3.04059e-10;2.14353e-07;5.08074e-07;1.27505e-07;1.13476e-09;2.7946e-07;9.97849e-07;7.61576e-09;6.21245e-11
9.11967e-07;0.855176;2.29252e-06;3.17284e-05;4.40275e-07;3.22094e-07;5.06756e-06;0.000415146;1.78681e-05;8.16049e-08;0.000122916;0.115172;0.0290324;2.29206e-05
4.51705e-06;0.0694065;0.00100468;3.46255e-05;0.00275794;0.000192254;3.03742e-08;0.914531;3.90384e-07;4.68903e-05;8.76759e-07;0.00765754;0.00106303;0.00329926
1.20251e-06;0.00453168;1.27489e-06;4.72147e-06;3.9343e-07;6.67398e-05;1.26678e-06;1.40367e-05;3.08997e-06;5.28793e-06;0.000134395;0.00100326;0.994233;1.09849e-07
9.54327e-07;0.00126625;0.997672;4.38069e-05;1.53843e-06;1.47047e-05;7.31189e-06;1.40908e-06;4.08289e-08;0.000107988;1.02911e-06;0.000849246;4.77443e-06;2.92022e-05
1.88165e-06;1.95106e-06;0.999736;1.94889e-06;7.17883e-07;3.3195e-06;1.49668e-05;2.45105e-06;3.1636e-06;4.88012e-07;0.000218651;1.34413e-05;3.25114e-07;4.63919e-07
3.54796e-06;0.997898;7.90563e-08;9.60356e-08;4.84648e-08;2.10639e-07;0.00120257;2.59354e-05;4.95787e-07;0.000109568;6.20521e-06;1.75983e-06;0.000316951;0.000434795
3.53658e-09;3.67853e-09;0.999985;2.72781e-09;1.07482e-07;1.78811e-07;9.78869e-08;5.23414e-09;1.13048e-08;3.00504e-08;2.1718e-07;1.46136e-05;1.58746e-11;7.62733e-09
7.27176e-07;0.460406;1.50651e-07;8.94254e-08;6.714e-09;3.2748e-07;4.20049e-05;4.66518e-06;3.19645e-07;5.53967e-08;3.36714e-06;3.26888e-06;0.539539;5.42405e-08
1.06803e-06;0.0278543;0.000108386;1.82572e-05;5.66721e-05;0.000109848;1.45428e-06;0.0034542;1.81471e-06;1.67349e-06;1.71024e-05;0.967146;0.000243504;0.000986277
1.73604e-05;0.763876;0.000106348;0.000136066;0.00302781;9.32905e-05;1.82952e-05;0.227226;5.62623e-06;4.75104e-06;1.69203e-05;0.000209808;0.0010623;0.00419905
3.85458e-06;0.951662;1.2349e-08;5.74413e-05;1.41739e-06;6.32456e-06;7.95334e-08;0.000238579;2.35848e-05;6.71234e-07;6.62629e-06;0.0457974;0.00166335;0.00053843
7.7894e-05;4.3059e-05;6.17949e-08;4.2973e-07;2.50716e-07;6.69338e-08;1.20401e-07;0.998612;0.0012398;2.12559e-08;2.18912e-05;8.66328e-07;1.99405e-06;1.47414e-06
5.81124e-07;0.997797;4.63078e-08;4.35191e-08;1.23921e-08;1.78943e-09;2.19678e-08;5.13034e-07;1.04834e-09;7.76133e-07;1.01182e-09;1.04993e-07;5.24854e-09;0.00220124
4.07351e-08;4.25699e-07;0.999999;1.17332e-09;5.52621e-09;3.56138e-08;1.98147e-07;2.55905e-07;5.4666e-09;1.06503e-08;9.62198e-09;9.56134e-09;2.40377e-08;1.16363e-08
1.89262e-09;2.10544e-10;1;9.70278e-11;3.9101e-11;8.49006e-12;9.47909e-11;4.93951e-08;1.2183e-09;3.66411e-11;6.68068e-10;2.2537e-10;2.762e-10;1.53381e-13
2.91223e-06;0.00047516;0.994449;1.18803e-07;1.406e-06;1.16851e-08;1.75002e-08;0.00171377;2.16939e-06;9.10951e-08;6.48218e-08;0.00334662;5.3674e-08;8.38437e-06
2.38813e-06;0.0034454;0.000106515;4.06601e-06;0.00872484;0.0127921;4.67492e-07;1.68068e-05;6.56281e-07;6.57719e-06;3.69214e-07;0.000156635;6.75005e-05;0.974676
5.72222e-05;0.0161679;1.65114e-06;2.72111e-05;0.0224903;0.00994724;6.06238e-07;0.00445962;5.66108e-05;2.03884e-06;1.88553e-05;0.00599228;0.940721;5.72046e-05
0.000197364;0.0119584;0.983301;8.44779e-06;0.000448177;1.29057e-06;1.25041e-08;0.00395106;5.19763e-07;5.98968e-07;2.70156e-09;8.88853e-05;9.43797e-06;3.45386e-05
3.02102e-05;0.00823323;5.94876e-05;6.94954e-06;5.92323e-05;2.20582e-06;4.63234e-08;0.989698;4.43351e-05;1.28831e-07;1.18444e-07;0.000197636;0.00166356;5.25226e-06
4.98443e-06;0.988173;1.06935e-06;1.68108e-06;9.11897e-05;3.73103e-06;1.03323e-08;0.00136011;1.39954e-08;2.61347e-07;6.94206e-09;0.00224839;0.0079186;0.000197373
7.69948e-07;0.990893;6.74127e-11;2.33463e-06;3.85368e-07;9.89859e-08;6.38209e-05;3.60463e-05;8.45912e-07;8.27805e-05;4.92241e-08;5.75379e-05;1.28058e-05;0.00884969
3.19544e-07;6.83644e-05;0.999909;9.77376e-07;3.38701e-07;4.0944e-06;9.41912e-06;4.61776e-07;6.70169e-08;2.34666e-08;7.19071e-08;4.89925e-06;2.11792e-06;2.54704e-08
2.2023e-06;0.974323;6.04766e-09;3.3074e-08;1.44244e-07;1.53979e-07;1.97808e-07;5.36306e-05;1.28317e-07;6.863e-09;2.66713e-08;5.23298e-05;0.0255683;1.6908e-07
3.08455e-05;0.122014;4.59852e-08;7.71196e-07;0.000920049;3.70929e-06;3.28797e-06;0.197018;5.47795e-05;1.10987e-06;2.68676e-06;0.679238;0.000700285;1.20708e-05
9.62846e-05;0.431141;0.465914;0.000393091;0.00859786;0.00180015;2.88059e-07;0.000935295;8.14771e-06;2.09953e-06;3.65731e-06;0.0401039;0.0458467;0.00515732
1.38381e-05;0.861521;1.1733e-07;9.05181e-06;1.55749e-05;0.000106708;5.39734e-05;0.0551349;0.000614951;3.64571e-07;7.17366e-05;0.000500455;0.060851;0.0211068
3.03439e-06;0.0144261;1.46414e-07;1.61084e-06;1.42029e-06;4.39598e-07;6.03516e-08;0.180183;4.99124e-07;3.96433e-08;3.57477e-06;0.000861167;0.804517;1.60077e-06
3.2325e-07;0.000132788;1.49224e-06;3.95087e-07;5.28637e-08;2.21355e-08;2.03164e-10;2.82742e-05;1.96526e-07;6.08443e-09;1.08197e-07;0.999181;0.000633372;2.15565e-05
0.000145984;0.829564;5.99925e-07;0.00301318;0.000901983;0.000600678;0.000643123;0.0212919;0.00207442;0.000176042;0.00243806;0.00789451;0.12592;0.00533546
4.66645e-05;0.0931697;4.69647e-08;1.03819e-05;0.000121519;4.88288e-08;1.76956e-05;0.897705;1.57095e-05;5.23895e-06;5.06387e-05;0.00845384;9.95319e-06;0.000393268
1.31489e-05;0.0223579;0.963918;0.000437044;0.000928818;0.000101345;4.07507e-06;7.34651e-05;4.46665e-06;5.62394e-06;2.91888e-05;0.00720216;0.0011777;0.00374673
0.00187323;0.763081;5.74775e-07;0.000200716;4.00049e-05;0.000159976;0.00362403;0.00261785;0.0327341;8.81773e-06;0.107724;0.00202121;0.0847231;0.00119077
0.000331743;0.00415924;1.17261e-07;4.77515e-08;0.000237993;4.24261e-06;8.88021e-08;0.993192;1.21173e-05;1.32115e-07;1.63394e-07;0.000490253;0.00109902;0.000472517
1.0571e-05;0.996655;7.56185e-07;1.9799e-06;1.44893e-05;6.45018e-06;0.000175641;0.00193092;0.000282277;1.57902e-05;2.48855e-06;0.000249499;0.000226596;0.000427778
8.66377e-09;3.41195e-08;0.999999;2.10506e-09;4.69148e-10;1.39605e-10;2.40359e-09;5.81862e-08;1.15487e-07;3.1487e-10;8.16413e-09;1.11135e-06;2.24393e-09;3.60617e-12
1.95519e-05;0.00560484;0.979742;2.46009e-06;1.0467e-05;5.45518e-07;4.41233e-08;0.00716492;4.61826e-05;1.11639e-06;1.09473e-06;0.00736579;1.55978e-05;2.55872e-05
0.000140331;0.019924;3.24632e-05;7.68883e-05;0.0729515;0.152893;3.55117e-06;0.000188204;0.00615237;4.22556e-05;0.00287784;0.000237571;0.00616913;0.738311
0.00414417;0.508491;5.48447e-05;1.87607e-05;0.000808286;6.38465e-05;1.05882e-05;0.0284561;0.0023675;2.68086e-05;5.70134e-05;0.406608;0.0475844;0.00130866
0.000212512;0.326098;1.56364e-05;7.01817e-06;0.000115054;5.58003e-06;5.60649e-07;0.654524;0.0025552;3.01472e-07;4.34491e-05;0.00362145;0.0128;9.61508e-07
1.9327e-05;0.0225185;4.63942e-08;8.89451e-06;0.000309826;7.13734e-06;1.02907e-08;0.967021;6.34462e-06;2.43737e-06;6.84971e-07;9.84241e-05;0.00845168;0.00155595
0.000118911;0.0987073;3.66044e-06;5.22526e-05;0.00011259;0.000127566;0.000246866;0.00121785;2.66102e-05;0.0018391;4.62052e-05;0.000238712;0.000283102;0.896979
1.30587e-06;1.45785e-06;0.999887;2.9273e-07;5.04671e-08;1.2186e-08;2.07474e-05;2.27946e-06;2.78039e-07;3.94422e-07;1.90664e-06;8.45222e-05;7.06763e-08;1.80035e-09
0.000157856;0.744242;3.34723e-05;7.04377e-06;3.86821e-07;2.0911e-08;4.78317e-05;0.0103132;8.90693e-05;4.77999e-07;0.000190696;0.219807;0.0251094;1.07674e-06
8.29099e-06;0.431285;4.40656e-07;0.000121453;0.0176461;0.000266562;2.13412e-06;0.513138;8.80642e-06;5.27253e-05;4.58312e-06;0.0204302;0.00156456;0.0154721
3.26082e-05;0.0625122;8.88595e-06;0.000157122;9.68096e-06;0.000341515;0.00073319;3.97196e-05;7.04741e-05;0.000789988;0.000338707;0.0014474;0.933399;0.000119635
8.82315e-05;0.00920626;0.825799;0.000639587;1.78076e-05;5.38413e-05;0.113166;7.29365e-07;4.52493e-05;0.0177089;0.000406817;0.0327583;7.6934e-05;3.1904e-05
2.64417e-07;4.06542e-08;0.999878;2.14769e-07;5.47918e-09;5.38139e-09;8.96771e-05;9.08345e-09;7.23651e-06;6.36044e-08;2.44795e-05;4.78403e-07;2.04277e-10;3.52757e-10
1.85558e-06;0.000267519;1.15664e-09;4.70209e-09;7.76853e-07;1.1461e-08;3.27086e-09;0.999659;1.72837e-06;2.35427e-09;1.16089e-07;1.11294e-06;6.70649e-05;1.11037e-06
4.99598e-06;0.938097;0.00014439;4.49265e-06;4.88905e-05;9.13207e-05;6.01498e-05;0.0220229;4.65506e-06;4.96588e-05;4.39352e-06;0.000867572;0.00123249;0.0373671
7.90391e-11;2.56129e-10;1;2.43329e-10;1.23095e-11;1.30556e-11;6.7647e-11;3.00064e-09;1.07425e-10;1.47825e-11;5.22589e-10;1.71375e-08;1.46355e-10;7.92068e-14
2.22226e-06;0.00339633;0.000753999;2.28533e-06;9.58978e-06;2.4607e-07;2.50172e-08;0.00945758;3.15757e-05;1.26338e-07;7.04398e-06;0.986307;6.84955e-06;2.52497e-05
0.00012582;0.969362;1.30746e-06;6.55353e-06;4.94377e-05;1.58974e-05;2.99915e-05;0.0106699;0.00110983;8.33747e-07;0.00206152;0.000364589;0.0161213;8.08009e-05
0.000545895;0.0145348;7.93295e-07;0.000129099;0.957697;0.000568033;1.57248e-05;0.0230711;0.00102404;4.58507e-05;7.64483e-06;0.000627458;2.16026e-06;0.00173063
0.000104299;0.985853;2.74928e-05;2.68464e-06;5.37901e-05;1.53761e-06;1.1345e-07;0.002995;8.07571e-07;3.57847e-07;8.14882e-08;6.13785e-05;0.0108959;3.3072e-06
1.98538e-06;0.00133624;4.20876e-08;6.22328e-07;1.08546e-06;4.95348e-06;7.6521e-09;0.000100518;2.35668e-07;3.512e-08;1.44161e-07;0.00398948;0.994564;1.11573e-06
0.000372611;0.0306371;0.762613;0.000235393;0.0107112;9.8861e-05;2.36701e-06;0.00128257;5.59414e-07;3.82463e-05;6.37767e-07;0.0247486;0.000282925;0.168976
6.73629e-07;0.000635465;2.36314e-11;3.57105e-07;1.27928e-08;8.29171e-07;1.54447e-06;8.89096e-07;1.9102e-05;6.51475e-08;9.28192e-06;1.49553e-07;0.999332;7.35784e-08
2.35403e-05;0.00375354;0.993847;1.82923e-05;2.73504e-06;3.67069e-06;1.28461e-07;5.94917e-06;2.30821e-07;1.13821e-06;4.03036e-08;0.000261632;2.27558e-07;0.0020816
3.75707e-06;0.983408;3.51446e-08;9.66045e-06;8.77387e-05;5.91901e-05;5.16105e-06;0.00155256;7.52634e-06;2.25799e-07;9.83029e-06;0.000814315;0.0120285;0.00201403
6.14103e-06;0.978003;1.00712e-06;3.72308e-05;4.89142e-05;0.00014014;1.25516e-06;0.000322618;2.74299e-06;1.709e-05;2.0981e-06;0.0126218;0.00396315;0.00483229
2.91211e-05;0.0102229;3.01888e-05;9.45187e-05;0.0543077;0.0616634;2.64704e-06;0.0012895;3.69657e-06;5.31473e-05;1.65726e-05;0.180273;0.000554025;0.69146
1.03604e-07;0.997511;1.1583e-10;3.22034e-08;5.88422e-09;1.88342e-08;0.00234006;0.000104823;6.11227e-07;6.95475e-06;3.95618e-07;1.78327e-10;3.01009e-05;5.70545e-06
2.92865e-10;5.62378e-10;1;6.54342e-10;4.86574e-10;2.82875e-10;7.45252e-08;1.28669e-11;1.47499e-10;3.93407e-09;2.85467e-09;1.47734e-07;5.15033e-14;3.90512e-11
9.50937e-06;0.0143282;0.985003;1.20263e-06;1.99998e-05;1.05959e-06;3.78914e-05;0.000295983;1.7256e-06;1.33629e-06;2.00969e-06;3.24838e-05;0.000253033;1.2326e-05
4.35009e-05;0.799822;2.18362e-07;1.73537e-06;4.11177e-05;1.38983e-05;9.84803e-07;0.120474;3.50127e-05;1.82004e-06;3.45653e-06;0.0626186;0.0157049;0.00123916
4.29623e-05;0.242408;1.03559e-06;8.09221e-05;1.4655e-05;3.59982e-05;0.649347;6.76745e-05;0.00111067;0.0221024;0.000450884;2.50708e-06;6.70653e-05;0.0842681
3.50044e-09;1.32112e-10;1;3.68457e-10;3.20559e-10;4.21936e-11;5.28266e-08;1.03677e-08;1.7996e-08;1.14765e-09;2.1371e-08;3.31728e-08;1.11677e-12;4.06821e-13
1.30551e-05;0.991795;6.04115e-09;1.41936e-07;9.94254e-06;5.6111e-08;0.00437461;0.00295073;2.3311e-05;0.000476102;6.88063e-07;6.10541e-07;1.98675e-06;0.000354231
8.90625e-10;2.02108e-08;0.999981;6.43462e-11;3.79708e-10;6.44295e-12;1.26201e-08;2.09319e-08;7.40144e-10;4.06688e-10;2.96485e-10;1.94546e-05;3.41737e-11;5.28498e-12
8.40745e-06;0.0054642;3.66962e-06;2.39451e-06;0.000568409;3.00655e-06;7.48053e-07;0.0995585;4.75607e-06;2.60406e-07;5.7876e-06;0.883408;0.000806571;0.0101651
0.000153729;0.765889;2.12783e-07;7.0368e-06;0.000213388;5.48343e-05;0.000248458;0.0583147;0.00043894;7.41346e-06;0.000142434;0.00173239;0.170381;0.00241721
8.45323e-05;0.0181016;0.000142392;8.17156e-06;0.000136973;4.78531e-05;5.90787e-05;0.00924017;3.37993e-05;3.46512e-06;1.70091e-05;0.962014;7.05832e-05;0.0100409
2.13373e-06;0.979746;1.67593e-09;7.24015e-07;1.0616e-06;1.01446e-07;0.0174646;0.00254805;1.97749e-05;9.80109e-05;1.32639e-06;1.90302e-09;1.47012e-05;0.000103603
2.31374e-10;1.53899e-11;1;1.68415e-10;2.42527e-10;1.77412e-11;7.0178e-10;8.21883e-11;1.22682e-10;4.08444e-11;2.19426e-10;9.17354e-08;1.29897e-13;5.83935e-13
2.2211e-05;0.893962;3.49582e-07;7.59136e-08;3.69258e-07;1.94146e-08;9.89989e-08;0.104928;2.14323e-05;1.75252e-07;4.90179e-07;7.94163e-05;0.000984128;7.30373e-07
7.58584e-05;0.976966;0.000159215;6.84447e-07;6.74653e-05;1.28973e-05;0.000587456;0.0100504;0.000181231;0.000181757;2.15297e-05;0.00115938;0.0104302;0.000105938
6.2264e-09;1.87967e-09;0.999993;1.15342e-08;5.12928e-08;4.27589e-09;7.55754e-09;2.10152e-08;5.7463e-08;4.47172e-09;1.07211e-08;6.37933e-06;1.22786e-08;3.90214e-10
2.06351e-05;0.000592229;0.984883;4.52765e-05;1.35967e-05;5.1338e-07;4.91269e-05;0.00257447;0.000674445;3.59267e-06;4.10905e-05;0.0110613;4.29202e-06;3.67162e-05
6.86012e-06;0.0699234;6.87324e-09;1.41627e-06;9.54086e-05;0.000177286;4.43306e-05;0.000167351;1.65523e-05;0.000103374;1.30582e-06;2.88346e-09;3.02169e-06;0.92946
5.87738e-08;1.20185e-08;0.999828;2.00697e-09;1.43376e-07;1.68632e-08;3.51181e-10;1.8175e-08;1.66245e-10;3.44336e-10;2.23624e-11;0.000171951;2.6614e-10;2.98909e-08
0.000145462;0.00235937;2.32543e-06;2.25943e-06;0.00245079;3.56529e-07;5.11783e-08;0.993883;2.58537e-05;1.61472e-08;3.92389e-07;0.000772026;0.000343841;1.39649e-05
1.81508e-06;6.56871e-05;6.83318e-07;1.84415e-07;0.00043609;1.16295e-05;3.46833e-07;0.999286;2.55808e-06;1.15581e-06;2.14726e-08;9.34787e-07;0.000188655;4.19656e-06
1.1232e-06;0.000654482;0.999173;1.25441e-05;6.30197e-05;2.64593e-05;3.11295e-09;7.05792e-06;8.36442e-09;3.54558e-07;1.74488e-07;3.12541e-05;4.4921e-06;2.61578e-05
1.13782e-05;0.924025;1.71818e-05;5.91449e-05;1.50151e-05;3.12416e-05;0.000285926;0.067199;0.000838813;2.14709e-06;0.00445851;0.00202649;0.000566253;0.000463495
