1.93513e-05;0.996487;1.87394e-06;3.6318e-05;2.24478e-05;2.24444e-07;7.05404e-06;0.00287631;1.33485e-06;3.74258e-06;1.47604e-06;0.000494178;4.65212e-05;1.81911e-06
6.00244e-05;0.955877;8.85313e-05;0.000138823;5.23828e-05;5.69964e-06;1.10962e-05;0.000414191;1.19546e-05;3.32684e-05;0.000103221;0.000432675;0.0427461;2.52019e-05
6.80635e-05;0.0230812;2.07917e-06;5.33577e-06;9.06433e-05;3.58828e-05;9.22843e-07;0.00419808;0.000112032;1.56992e-07;0.00093153;0.967909;0.00315316;0.000412009
9.02966e-05;0.972393;1.17256e-05;3.62744e-06;0.000131542;5.36175e-06;1.90155e-06;0.0103008;5.83033e-06;3.11227e-07;7.08503e-05;0.00760595;0.00935122;2.76368e-05
1.592e-06;0.000591132;9.24887e-09;3.77653e-07;7.81029e-07;1.8422e-06;4.27443e-07;5.82773e-06;4.3864e-06;1.62576e-07;4.21596e-06;0.000202037;0.999183;3.73472e-06
1.28063e-06;0.000171461;0.99753;1.67401e-06;3.08785e-06;1.49489e-06;2.22672e-08;3.1766e-06;1.33801e-08;1.54709e-07;5.93799e-09;0.000272628;1.94052e-06;0.00201322
2.29131e-06;0.997693;5.55755e-08;6.34976e-07;1.13365e-06;5.32887e-07;4.88433e-06;0.00108963;4.70312e-06;5.88394e-08;3.499e-06;5.78654e-07;0.00114889;5.02114e-05
1.10729e-05;0.00815962;0.00408574;3.28966e-05;2.56853e-05;7.30378e-07;8.57546e-08;0.987072;5.83739e-07;2.79378e-06;2.73323e-07;0.000519081;3.91096e-05;5.00024e-05
4.33899e-05;0.378525;0.00480719;0.000135486;0.000293657;0.000447163;3.42128e-07;0.0146191;1.11839e-06;6.97592e-05;6.41718e-07;0.07366;6.04413e-05;0.527337
0.000566391;0.125065;3.68333e-08;2.73414e-06;8.95658e-05;0.00225715;0.00029867;0.673909;5.12403e-05;1.08924e-05;6.75428e-05;4.33353e-08;0.197454;0.000227334
2.95242e-09;1.20625e-08;1;2.09103e-09;1.34149e-10;3.03021e-10;1.68325e-09;4.07096e-09;1.76095e-10;3.66201e-10;1.73531e-10;4.0439e-07;1.18325e-09;1.64514e-11
3.89241e-05;0.0506265;0.417537;0.000121851;1.1158e-05;4.91279e-05;1.61599e-05;0.0069534;7.09365e-05;1.72534e-05;4.63882e-05;0.523866;0.000330514;0.000315054
4.29823e-06;0.966372;1.79005e-05;1.49973e-06;0.000436826;0.000704439;1.49906e-06;0.000283714;1.79659e-07;1.20931e-06;9.16153e-06;0.000410289;0.0168265;0.0149305
3.56259e-06;0.912301;7.31947e-09;2.40115e-06;3.20492e-05;7.80609e-05;0.00476679;0.0144261;6.75051e-06;3.05006e-05;7.65638e-05;1.97028e-06;0.00451362;0.0637601
1.5562e-08;1.99624e-08;0.999997;3.30186e-08;1.35422e-06;1.51368e-08;4.18815e-08;3.01635e-07;1.36848e-09;8.438e-09;3.20539e-09;1.5385e-06;6.22595e-11;7.48463e-09
0.000472526;0.0618206;3.66348e-05;1.49842e-05;0.000374705;0.000588412;5.59455e-05;0.874617;0.000412062;1.81838e-06;2.58248e-05;0.000608329;0.0606613;0.000310152
1.00831e-06;0.0832937;9.04977e-08;3.11107e-07;7.82376e-07;4.16368e-05;2.04055e-08;0.0407621;2.45437e-07;4.6239e-08;7.28221e-08;0.000745321;0.875138;1.67523e-05
9.89621e-07;0.000533735;1.65492e-07;1.27395e-05;0.0023077;5.97707e-05;4.95256e-08;0.000675775;3.74786e-07;2.92521e-06;1.70775e-06;0.987777;0.000128041;0.00849927
2.8967e-05;0.846853;5.60949e-07;1.59421e-06;7.91039e-08;3.73623e-07;0.151108;1.23235e-05;8.95281e-07;0.00130948;3.83685e-05;2.03622e-05;0.000179581;0.000446898
9.22874e-10;3.41055e-11;0.999999;3.31909e-10;4.55046e-10;2.85868e-09;3.55308e-09;1.00189e-10;6.10075e-11;1.54558e-10;1.12228e-09;1.16378e-06;9.6535e-12;9.7973e-12
0.00013146;0.75764;3.10354e-06;0.000148969;0.000775099;0.00187503;0.000330316;0.104716;0.00494044;1.40765e-05;0.00192303;0.00317429;0.114298;0.0100303
3.73369e-05;0.0070781;4.10961e-08;9.84373e-06;3.69387e-05;1.08451e-06;2.85256e-06;0.102791;0.00027349;2.30075e-06;0.000616239;0.00127157;0.887878;1.42846e-06
3.50452e-05;0.998871;3.2417e-05;0.000167811;2.63167e-06;5.75551e-07;1.31222e-06;3.2546e-05;6.5481e-06;1.50088e-06;2.61795e-06;0.000268626;1.95753e-05;0.000558127
8.00624e-07;0.991886;2.45539e-08;3.12702e-06;4.46385e-07;8.77682e-07;1.65407e-07;0.00719451;7.49349e-07;1.80123e-07;4.40287e-07;0.000255689;0.00051334;0.000143332
3.62715e-05;0.000434326;2.76396e-08;3.50864e-05;2.89416e-05;2.47973e-05;4.31523e-06;0.0446828;0.000151588;4.56272e-07;0.00642165;0.00801649;0.940157;6.1572e-06
0.000509726;0.0090776;2.2973e-06;3.84338e-05;5.07583e-05;2.05638e-06;1.05832e-07;0.735607;0.000231306;5.42178e-07;0.000683641;0.250528;0.00246401;0.000804242
1.65886e-05;0.868028;1.81889e-06;4.9636e-06;8.50184e-06;5.07503e-06;0.00449775;0.000196418;8.78334e-07;0.00234453;7.82115e-06;1.88952e-06;0.000214493;0.124672
1.56034e-08;9.06798e-08;0.999952;8.97935e-08;2.16342e-07;1.92914e-08;5.34922e-07;1.36978e-07;5.13324e-08;4.03118e-08;1.87819e-06;4.44688e-05;1.54656e-11;4.7635e-09
1.59734e-06;0.998742;4.29024e-06;3.40245e-05;8.87586e-08;3.30751e-08;9.58182e-06;6.22749e-07;1.03724e-06;7.09669e-07;0.000155526;2.17495e-07;0.00104866;2.0175e-06
1.27083e-07;0.000609644;1.07408e-09;1.62058e-07;6.19674e-08;2.29821e-08;1.78695e-09;3.08007e-05;3.75299e-07;2.59609e-10;1.43214e-05;0.999264;5.84451e-05;2.18992e-05
1.0233e-07;0.994237;9.25824e-09;1.50993e-07;3.07692e-06;2.73951e-06;6.95269e-09;0.00147591;6.69235e-10;8.22461e-09;3.64314e-08;0.000330986;0.00380692;0.000142704
6.76571e-07;8.48273e-05;6.67218e-08;2.94078e-07;2.8987e-06;0.000888558;2.5201e-09;0.00404231;9.08111e-09;5.9585e-08;6.69461e-07;1.16207e-05;0.994956;1.21965e-05
1.16664e-07;7.97387e-06;0.999988;2.67059e-07;2.13887e-08;1.18832e-07;4.19324e-09;1.80107e-07;1.02719e-10;9.4475e-09;5.94354e-09;1.69093e-06;1.04838e-06;4.10057e-07
1.01233e-06;0.995823;4.40525e-06;1.32841e-05;1.06979e-05;2.4585e-05;2.34337e-06;0.00130565;6.6012e-06;4.72455e-07;0.000114503;1.44823e-05;0.00219126;0.000487167
