2.52973e-05;0.99553;1.86964e-07;7.69082e-06;3.97038e-06;2.99477e-07;1.41613e-05;0.00337248;1.4977e-05;1.121e-06;5.72759e-06;2.71344e-05;0.000941486;5.52956e-05
7.69315e-05;0.363291;1.97248e-05;7.02082e-05;3.74032e-05;1.20675e-06;6.39188e-07;0.515116;6.43365e-05;2.46968e-06;0.000206905;0.120124;0.000393207;0.000596203
3.87407e-06;0.204354;6.19256e-09;1.38466e-07;4.61255e-07;2.08717e-06;4.72703e-06;2.22292e-06;7.9813e-08;2.24656e-05;1.81798e-07;6.35439e-05;9.18039e-06;0.795537
7.45637e-10;3.10599e-09;0.999999;1.28169e-10;3.3547e-07;1.10408e-09;6.66317e-11;2.21007e-07;1.32333e-10;1.5297e-10;1.95662e-10;7.98287e-07;6.97617e-12;7.85243e-11
3.3257e-06;0.934911;1.35302e-05;8.40295e-05;0.000197453;8.64523e-05;1.61384e-05;0.00757068;0.000225508;2.34095e-05;8.4e-05;0.00277038;0.0520578;0.00195681
5.52396e-07;0.995142;3.04706e-08;1.49134e-05;2.94617e-06;0.000111902;2.20991e-05;1.06571e-05;7.30255e-07;3.42734e-06;2.79377e-06;4.26311e-05;0.00462815;1.74447e-05
1.19643e-05;0.0976648;0.0216093;6.86513e-05;1.18333e-05;6.39633e-05;9.39247e-07;8.90844e-05;2.70718e-08;1.80013e-06;1.20114e-07;0.877225;0.00190208;0.00135021
5.20302e-05;0.0611004;7.55114e-07;1.04633e-05;6.40403e-05;0.000299904;2.30671e-06;0.00656352;7.68116e-06;2.44233e-07;0.000255008;0.00153825;0.929979;0.000126271
0.00038297;0.118556;5.31269e-06;0.000370523;0.000645968;0.000702775;7.10661e-06;0.123549;0.000379054;1.2846e-05;0.000109286;0.0429223;0.708356;0.00400138
0.000694554;0.0531697;6.27345e-05;0.0501373;0.0033755;0.00324311;1.10273e-05;0.203782;0.00167153;0.000553758;0.0187989;0.645422;0.00274642;0.0163324
9.33192e-06;0.98213;7.04926e-10;2.45559e-06;7.56292e-08;6.48955e-08;0.00129125;2.76193e-06;3.6711e-06;7.34418e-05;4.2159e-05;8.51704e-08;3.4129e-07;0.0164443
0.000993964;0.00373137;0.00182033;5.86846e-05;3.85203e-06;1.6494e-06;0.304421;0.00237369;0.0871668;5.06805e-06;0.589658;0.000332961;0.00943293;1.09666e-07
4.49897e-06;0.950878;1.61867e-08;1.13064e-06;3.01669e-05;5.96866e-08;1.27113e-05;0.0483058;2.74402e-05;3.99034e-06;6.88391e-06;5.35563e-06;4.83442e-05;0.000675108
4.25162e-05;0.00487998;0.0198259;0.000486447;0.950981;7.8043e-06;1.02932e-07;0.00937021;3.03899e-06;8.73299e-06;1.48556e-05;0.00334955;3.9586e-05;0.01099
4.0329e-05;0.0296473;2.57533e-07;2.20293e-06;2.98479e-06;2.13208e-08;1.42166e-06;0.00125247;0.000931992;3.52277e-07;0.000274876;0.967506;0.000318328;2.20443e-05
0.000680546;0.223248;4.35661e-07;0.000460451;0.000610518;0.00139941;0.000219811;0.0839411;0.0569294;4.00633e-05;0.0610257;0.329903;0.241366;0.000175233
1.7994e-05;0.0803082;2.69868e-05;1.80586e-05;2.38138e-05;0.000351694;4.80834e-08;0.00276664;7.37442e-07;4.2117e-07;1.09109e-06;4.46071e-05;0.916436;3.33478e-06
0.000111488;0.183947;1.49383e-05;0.000474922;0.00101103;0.0299378;1.90788e-05;0.000696949;0.000303862;8.64388e-05;0.00068344;0.00515183;0.767975;0.00958657
1.50346e-05;0.0392796;0.589406;5.59795e-05;6.48649e-05;6.5864e-05;1.10771e-06;9.23555e-06;2.04486e-08;1.909e-06;4.07724e-07;0.0155864;3.78645e-05;0.355476
1.13751e-05;0.0426535;1.30938e-09;7.95151e-07;2.74245e-06;1.67665e-05;7.44687e-06;0.0128638;1.51992e-05;4.63737e-07;0.00029205;6.35337e-07;0.944111;2.38332e-05
3.43663e-07;1.0457e-06;0.99996;3.28022e-07;2.6711e-07;5.71944e-08;2.25191e-08;1.91201e-05;1.98342e-07;5.92866e-09;4.07823e-07;1.74812e-05;1.0519e-06;3.78816e-08
1.151e-07;0.000204888;1.45691e-06;2.64342e-06;1.13242e-06;2.54291e-08;3.64507e-06;0.000298007;8.3853e-07;7.95602e-07;3.69649e-07;3.40441e-05;1.86763e-06;0.99945
1.48228e-07;2.41677e-06;4.93935e-11;1.19555e-07;0.000492134;1.57521e-06;6.05557e-07;0.999473;2.77492e-05;1.6298e-08;1.40446e-06;1.25387e-08;7.19051e-07;8.61675e-08
5.06435e-09;2.6485e-06;0.999974;1.22877e-07;4.6216e-06;2.50629e-08;1.81608e-11;1.28919e-08;3.5064e-12;6.51458e-10;2.01003e-10;1.7727e-05;4.13018e-09;4.91456e-07
2.88833e-08;0.999628;2.38093e-10;1.24847e-08;1.30142e-08;1.06451e-08;3.87665e-08;2.82308e-05;1.8352e-07;4.89929e-11;4.78588e-07;2.02923e-06;0.000341018;2.90834e-08
2.69315e-07;0.979369;3.47563e-11;1.42248e-06;1.58265e-06;4.39085e-08;4.74371e-08;0.000520416;6.57057e-09;4.85828e-08;2.36891e-08;0.000870902;0.0192279;7.83246e-06
2.31243e-06;0.94558;5.50294e-06;3.54025e-07;0.000253066;1.74116e-07;2.25746e-08;0.0501077;5.45786e-10;3.61582e-07;2.19068e-10;0.00124412;0.000750821;0.00205502
2.46921e-06;0.00210849;1.32921e-06;4.29629e-05;6.3338e-06;0.000189126;4.18619e-05;6.00853e-05;2.12367e-05;3.68735e-05;4.70549e-05;0.000184304;0.997158;0.000100206
1.00839e-06;0.000269216;0.998787;6.03167e-05;1.41859e-07;9.22069e-07;0.000337353;2.07449e-09;9.13614e-08;0.000179308;2.58781e-06;0.000358044;2.23069e-07;4.04678e-06
1.35163e-05;1.71136e-06;0.992246;2.21421e-05;2.64896e-06;3.84905e-06;0.00535545;1.14515e-06;0.000227095;5.36102e-06;0.00211416;1.94849e-06;3.85378e-06;9.41842e-07
1.39544e-06;0.997569;1.8728e-05;1.58844e-06;6.47875e-07;3.20246e-09;6.81239e-07;0.00169657;4.80129e-07;7.44564e-08;3.58812e-07;2.35736e-05;0.000686419;3.48083e-07
8.02296e-08;0.31479;3.97376e-11;9.54044e-08;5.12753e-07;3.47776e-09;3.88964e-07;0.684446;3.76238e-07;2.61589e-07;2.06187e-08;4.74278e-07;0.000761219;1.75583e-07
1.2898e-05;0.00139955;0.981147;0.00172116;0.00138546;0.00128209;1.84962e-06;5.60329e-05;1.303e-06;1.92925e-05;4.73006e-05;0.0125377;4.18846e-06;0.000383907
3.10821e-05;0.993233;1.42589e-09;6.66836e-06;8.94881e-07;4.26246e-06;4.38912e-05;0.00197366;1.46741e-05;9.88854e-07;0.00126824;0.000228226;0.00317552;1.93794e-05
4.29302e-06;0.99899;1.72376e-07;4.19009e-08;4.13538e-09;5.44548e-09;2.19844e-06;2.15342e-05;5.44278e-08;1.31754e-08;1.52688e-06;2.74955e-06;0.000976835;8.1783e-08
1.11228e-05;0.997364;1.40892e-09;1.78764e-07;8.52829e-08;1.14039e-06;0.000483029;0.00149607;4.16668e-06;9.84854e-06;6.04183e-08;3.99005e-08;0.000336494;0.000293191
7.67043e-12;3.35861e-11;1;9.58016e-11;7.04463e-10;1.64362e-10;9.15923e-10;1.18271e-09;1.3977e-12;3.76686e-10;5.31548e-12;5.06052e-09;1.08808e-14;3.42719e-11
5.96105e-06;3.52497e-05;0.942667;7.82118e-06;1.67124e-05;2.88617e-06;2.53285e-06;0.0571728;1.16946e-05;6.17948e-08;5.69575e-05;1.56684e-06;1.90874e-05;1.16101e-07
3.94288e-07;0.000405963;5.88163e-05;3.2547e-06;3.82153e-07;1.5319e-07;2.08329e-06;0.000174449;7.69031e-07;6.09776e-07;1.33546e-05;0.00571122;3.80161e-05;0.993591
1.0639e-06;0.000449589;2.62084e-12;5.3563e-07;0.00644641;2.35207e-06;1.14252e-06;0.991854;0.000598711;1.29267e-08;0.000623865;1.98269e-06;1.70522e-06;1.88527e-05
1.89452e-08;1.90167e-05;0.999763;1.19805e-07;9.17332e-05;6.63107e-07;1.96389e-10;5.79263e-07;1.01056e-11;5.01267e-09;1.42694e-09;0.000108416;3.53919e-07;1.61444e-05
1.41772e-07;0.00561254;2.0365e-11;2.98869e-10;4.47341e-08;2.48785e-09;5.84111e-08;0.000135632;1.82865e-09;1.79802e-10;6.46527e-08;6.17544e-09;0.99425;1.74564e-06
1.67375e-09;3.72679e-06;6.32295e-07;1.62897e-07;1.56914e-05;7.27465e-07;1.99189e-12;2.45897e-07;1.00409e-08;1.66864e-10;4.32446e-09;0.996891;6.51723e-06;0.00308138
7.07731e-07;0.00389607;1.59364e-09;8.50006e-07;1.34049e-07;6.6089e-07;6.71211e-08;0.000433266;2.79202e-06;1.02494e-08;4.58207e-06;2.52024e-05;0.995633;2.15086e-06
3.37835e-07;0.000572989;4.61842e-06;2.81186e-07;6.64481e-07;3.45175e-07;2.94735e-10;6.75738e-05;6.44952e-08;6.76885e-09;1.48839e-07;0.998754;0.000587079;1.19967e-05
2.19729e-05;0.0843008;6.96293e-06;3.65159e-05;0.00557219;0.00047182;4.12474e-06;0.884567;6.09025e-06;2.52137e-06;3.09947e-05;0.0219733;0.000262281;0.00274302
0.00299669;0.0621627;5.49374e-07;0.000511177;0.000534401;1.01196e-05;8.86076e-05;0.856795;0.0030256;2.77514e-06;0.0194352;0.0244301;0.0299077;9.9695e-05
1.98884e-05;0.997601;1.25167e-08;7.34515e-07;3.29796e-08;3.10405e-09;6.9878e-07;7.4932e-06;3.47719e-07;9.6986e-08;8.21023e-08;0.00062563;0.00158787;0.000156559
2.18062e-05;0.0671439;2.65587e-05;1.21169e-05;0.000163304;2.8204e-05;2.1486e-06;0.10852;1.95079e-05;2.09283e-06;3.43441e-06;0.815866;0.000466772;0.00772375
1.03141e-07;2.08568e-05;1.48658e-08;3.13148e-07;1.30746e-08;4.08944e-05;2.53624e-06;2.33022e-07;1.55517e-06;1.14205e-06;5.15202e-06;4.9889e-09;0.999927;8.57965e-09
3.83843e-07;5.14369e-06;0.999978;2.43657e-06;3.22809e-07;1.80074e-07;3.42123e-08;1.39365e-07;1.37919e-08;2.13375e-07;1.34618e-08;1.23374e-05;1.52528e-07;6.62015e-07
3.31428e-05;0.976513;7.24388e-06;0.000325973;0.000122137;0.000188749;0.000377471;0.00560967;0.0076028;1.4689e-05;0.00328421;1.64984e-05;0.00508042;0.000823776
