1.52839e-05;0.111884;3.78121e-08;5.70609e-06;2.05864e-06;2.83036e-05;2.60372e-07;0.00631742;1.0667e-05;2.44799e-07;5.30539e-06;0.000813181;0.880704;0.000213573
1.43663e-06;0.00109033;7.00368e-07;1.05201e-06;5.80496e-06;1.6897e-05;1.88044e-05;3.15428e-07;8.57414e-08;5.08057e-05;1.65541e-07;5.66968e-09;2.2828e-06;0.998811
5.71407e-08;3.19698e-07;0.999997;1.34605e-08;4.35917e-09;3.99537e-10;2.73255e-07;1.09093e-06;3.80226e-08;8.4121e-09;1.13747e-07;9.95436e-07;7.71388e-08;4.21465e-11
3.13768e-05;0.0883791;8.06329e-06;0.000107562;7.06368e-05;3.33154e-05;0.000138388;0.0215085;0.000670367;3.41589e-05;0.00311643;0.877036;0.0081747;0.000691494
9.07863e-06;0.464901;4.31216e-07;5.01982e-05;0.00322369;0.00031696;1.82614e-06;0.482388;9.19505e-06;1.04662e-05;5.98705e-05;0.00302606;0.0445799;0.00142366
0.000253327;0.369183;1.97963e-05;0.000144985;5.20339e-06;2.94514e-05;0.00775977;0.0570744;0.000170085;0.000679243;0.00376589;0.00429288;0.556591;3.00954e-05
1.05946e-10;8.99945e-11;1;9.74906e-11;5.52898e-12;1.95106e-12;4.16015e-11;7.47067e-11;5.07882e-12;5.16519e-12;6.82233e-11;7.42251e-09;3.06257e-12;1.87847e-13
1.17079e-05;0.00650601;0.00114017;1.95762e-05;2.82904e-05;1.65542e-05;6.7438e-07;0.00344803;0.000133476;1.61917e-06;5.32098e-05;0.988394;0.000146177;0.00010074
1.1555e-05;0.968652;1.50574e-05;2.29853e-06;0.000288286;0.000255708;7.05991e-07;0.0022741;1.15968e-05;9.91054e-07;2.04783e-05;0.00053917;0.0272975;0.000630763
0.000252768;0.186819;1.413e-05;2.42074e-05;0.0195279;0.0027201;1.07426e-06;0.0063218;6.34817e-06;2.47092e-06;4.00663e-05;0.607791;0.162877;0.0136027
0.000204809;0.877015;3.12686e-06;1.68204e-05;0.00211204;8.14092e-05;8.89237e-07;0.0485694;1.39736e-05;8.13624e-07;5.10995e-06;0.0024874;0.0684293;0.00105971
5.33483e-06;0.932483;3.16576e-08;8.47875e-07;0.000284244;8.48411e-07;2.36785e-08;0.0307562;8.18859e-09;5.47352e-08;3.89882e-09;0.00184413;0.0344255;0.000200055
3.41471e-06;0.0148522;1.04718e-06;0.000333117;0.000354808;4.02887e-06;9.08533e-06;0.000226317;1.88842e-06;6.60241e-06;5.05413e-07;0.014283;0.000347341;0.969577
0.000405264;0.536961;7.26141e-07;0.000206803;0.000422896;2.84108e-06;0.000602926;0.129574;0.000176058;9.97599e-05;0.000125403;0.320089;0.0111455;0.00018696
0.000177786;0.0123019;0.497057;0.000142385;0.000617807;3.34325e-05;4.74119e-06;0.000552275;4.39399e-06;2.54138e-06;1.21725e-05;0.48818;0.00066229;0.000250797
4.67484e-05;0.183379;1.7629e-07;0.000265147;0.0072681;0.000387098;0.00130256;0.71233;0.0367768;1.46836e-05;0.032575;0.0194829;0.00586364;0.000307532
0.000147047;0.945544;0.0202531;0.000312456;0.00758932;0.000367077;2.58177e-06;0.0010674;1.14374e-06;1.25797e-05;6.23124e-06;0.000449537;0.022578;0.00166902
2.42185e-05;0.565857;9.84411e-07;6.1418e-06;0.000269385;4.49447e-05;1.19832e-07;0.124746;9.04271e-05;2.07518e-08;0.000138721;0.265788;0.0406201;0.00241429
2.5776e-05;0.518237;8.99298e-06;7.80233e-05;0.00221708;0.000330041;3.78517e-07;0.0115891;1.30099e-05;1.58054e-06;3.25902e-06;0.0420526;0.423105;0.00233847
0.000566542;0.217038;1.36302e-05;0.000387281;0.0224323;0.00176114;2.91333e-06;0.620892;0.000525209;4.23577e-05;6.79923e-05;0.0766894;0.055657;0.00392412
0.00141572;0.673441;2.52057e-05;0.000411389;0.000485766;0.00302827;7.52185e-05;0.0116626;0.014863;4.88156e-05;0.000636365;0.00883838;0.280708;0.0043605
0.000652188;0.000353617;2.15316e-07;2.11565e-06;3.36896e-06;1.50344e-07;1.4598e-06;0.995484;0.00340667;2.93603e-07;3.94774e-05;1.22567e-05;4.20355e-05;1.84176e-06
5.4319e-05;0.991487;1.90132e-08;6.66032e-06;0.000423619;1.12281e-07;2.09995e-07;0.000770049;2.38364e-05;3.42862e-05;4.11726e-07;0.00154409;4.49978e-07;0.00565475
0.000123717;0.000121934;0.00106466;3.3109e-05;0.000979217;0.0012438;3.24172e-07;5.4163e-05;0.000186575;1.60451e-05;1.20869e-05;0.995591;0.00025616;0.000317181
7.64841e-05;0.984816;2.10445e-09;2.50346e-07;3.57161e-05;2.34253e-05;0.000147751;0.0107137;4.88564e-05;4.0321e-06;9.18336e-06;6.31195e-08;0.00409442;3.05281e-05
4.35354e-08;2.74129e-08;0.999999;3.53574e-09;5.59958e-09;5.11436e-09;9.00387e-10;5.18366e-08;9.35469e-09;4.68819e-10;1.77459e-09;9.09555e-07;4.68993e-09;1.0179e-10
2.11837e-06;0.000558499;0.0022607;1.45723e-05;4.37394e-06;3.07885e-06;1.74645e-07;0.000436759;5.24688e-05;6.5374e-07;7.19688e-06;0.996625;1.19894e-05;2.24584e-05
7.19471e-06;0.981147;7.0187e-05;6.59101e-06;0.000292931;0.000117194;3.73595e-06;0.0007361;3.19543e-06;1.0691e-06;7.64957e-05;0.000678434;0.0166484;0.000211722
3.59047e-05;0.08439;1.89681e-06;1.49313e-05;0.0230592;0.00411126;2.1476e-07;0.0256244;1.6899e-06;1.04011e-06;1.37993e-05;0.760051;0.101085;0.00161053
0.000188769;0.958695;7.60522e-06;0.000193507;0.00981541;0.000274667;1.0042e-05;0.0102526;0.000269273;1.16713e-05;0.000236852;0.00115326;0.0184449;0.000446768
8.82394e-07;0.998843;4.13069e-08;1.10609e-07;1.55778e-07;1.83424e-07;8.9743e-07;0.000790086;3.51488e-08;1.01057e-06;4.2024e-09;2.44382e-07;0.000343879;1.95997e-05
3.57628e-08;1.7568e-07;0.991752;3.45186e-07;1.39304e-07;1.99402e-08;2.15977e-08;2.06357e-06;6.79947e-09;6.94494e-08;2.82279e-08;0.00824512;2.45823e-09;3.55939e-09
8.78203e-06;0.00596223;2.41053e-07;7.10898e-06;0.00162446;1.13576e-06;1.49376e-05;0.992123;1.86955e-06;2.36853e-06;2.30078e-05;2.48704e-05;3.29162e-06;0.000202982
1.37406e-06;0.000976098;2.86088e-09;6.24015e-07;3.6377e-08;2.37824e-08;0.997882;1.31137e-06;1.44337e-05;0.00107423;4.34303e-05;6.96355e-09;5.20279e-06;1.20841e-06
1.94796e-09;6.6694e-10;0.999999;5.11521e-09;2.27951e-10;2.43268e-09;9.07866e-07;1.00344e-10;6.4176e-09;5.17677e-09;4.69215e-08;7.38781e-10;2.99429e-11;1.88824e-12
7.07375e-07;0.999821;4.94521e-05;1.02101e-07;2.10469e-07;2.67259e-08;2.42403e-07;3.96657e-05;6.61777e-09;1.12897e-08;3.86416e-09;1.08729e-05;7.23003e-05;5.51741e-06
3.76121e-07;0.0298613;8.8043e-10;8.6496e-07;6.58512e-07;4.76968e-08;7.91193e-08;0.0141171;2.56337e-06;5.14992e-08;7.22433e-07;1.16827e-05;0.956004;1.36961e-07
0.000210329;0.936305;0.000153532;0.01057;3.401e-06;1.92484e-06;5.65393e-05;0.000396322;0.000630607;5.67355e-05;0.00085584;0.0506051;6.40119e-05;9.0907e-05
0.000286111;0.981941;3.972e-07;0.000218392;2.07545e-07;1.85095e-07;0.00114688;0.00201504;9.06732e-05;2.91928e-06;0.00361819;0.00152641;0.00912719;2.60026e-05
1.90606e-07;0.00227545;5.17056e-09;3.81574e-06;0.000179167;9.51041e-07;4.69531e-08;0.996597;1.5448e-07;1.0146e-06;1.52926e-06;6.50535e-05;1.45015e-05;0.000861289
2.56728e-07;3.03837e-05;0.999796;8.14383e-05;2.8898e-05;1.85354e-05;4.33108e-09;1.39367e-05;2.89657e-08;2.44808e-06;4.67751e-06;1.50103e-05;1.01555e-06;7.07463e-06
2.04188e-05;0.00190128;3.53614e-06;9.59016e-05;2.58247e-07;6.45995e-06;0.000425252;2.96121e-05;0.00512485;1.32027e-05;0.985546;6.9723e-05;0.00676172;2.03624e-06
