4.28486e-05;0.562547;2.77843e-06;9.05331e-06;3.91428e-06;0.000178013;5.0355e-05;0.0368651;1.6735e-05;1.47904e-06;3.81434e-05;0.000109188;0.400029;0.000106284
1.56445e-05;0.0615265;1.20029e-06;0.000363389;0.010423;0.000903087;2.74175e-07;0.000447967;3.39427e-06;3.45057e-06;2.07384e-05;0.00995695;0.853746;0.0625889
8.47464e-06;0.138922;3.34668e-08;2.06769e-05;0.00496147;2.96471e-07;5.15966e-06;0.855288;3.88983e-05;2.59683e-05;1.10459e-05;0.000567558;2.00119e-05;0.000130783
2.7427e-05;0.0340103;0.886551;0.000349153;0.0200876;0.00937231;3.48422e-07;0.000510316;3.36649e-07;8.65234e-06;1.47556e-06;0.0414914;0.00083315;0.00675665
0.000230399;0.00157592;9.72865e-08;1.0243e-06;1.88798e-05;2.22909e-05;6.57205e-07;0.568155;8.49174e-05;5.61493e-08;0.000356021;3.87884e-05;0.429504;1.20295e-05
1.47436e-05;0.00153549;2.22965e-07;5.92596e-07;6.53198e-07;1.9085e-07;8.27576e-09;0.00106656;5.81019e-06;5.19178e-08;2.70515e-06;0.994894;0.00246367;1.53919e-05
5.31054e-07;0.000263503;0.999577;6.92076e-07;1.6261e-05;3.21696e-07;1.54164e-06;3.31503e-06;3.72024e-08;1.11062e-06;6.08278e-07;0.000129642;7.77657e-07;4.68245e-06
4.30358e-08;0.999985;3.55228e-08;1.36539e-07;4.02444e-09;7.4717e-09;2.20831e-06;1.44026e-06;5.68678e-09;3.42186e-06;3.06584e-07;3.89364e-07;5.902e-06;1.53637e-06
1.00229e-07;3.96485e-07;0.999965;9.10337e-09;4.53544e-08;7.21514e-10;1.44807e-06;2.49052e-06;3.81074e-08;1.39836e-08;1.80914e-06;2.85915e-05;2.03112e-09;1.39232e-08
0.00158503;0.00379542;2.5873e-06;9.86092e-06;0.000838771;0.000360313;0.000158611;0.851012;0.0158392;4.61232e-06;0.00615436;0.0088474;0.109601;0.00179025
1.51891e-06;0.94348;8.8237e-08;5.37821e-07;8.25067e-08;5.89644e-07;0.0555546;0.00033531;4.98891e-05;0.00020479;1.24716e-05;5.59893e-09;8.9998e-05;0.000270088
1.17642e-09;2.42486e-09;1;1.43229e-08;4.10062e-09;8.64994e-09;4.56167e-08;1.30313e-08;2.83848e-09;1.79723e-08;4.5413e-08;4.60901e-07;1.00736e-11;1.59368e-09
4.82303e-08;0.000673075;6.37448e-12;1.70752e-09;1.59466e-06;2.92331e-10;3.55108e-09;0.999321;4.51559e-08;2.06139e-09;5.44576e-09;1.28608e-07;3.83095e-06;5.37203e-09
1.6969e-07;0.00285317;0.996681;4.60547e-06;1.76363e-05;1.55369e-05;3.90501e-06;3.62573e-06;3.68484e-09;0.000154576;2.5371e-07;1.07929e-05;0.000240901;1.36255e-05
1.63116e-08;7.41977e-10;1;2.70611e-10;3.91887e-09;6.22519e-10;3.11159e-09;5.05701e-08;2.67059e-09;4.85904e-11;7.43118e-09;8.67887e-08;5.74338e-11;4.23278e-12
1.10287e-05;0.00326966;0.0286296;5.79837e-07;7.6523e-06;9.06363e-07;1.02042e-06;2.72387e-05;6.24322e-05;3.54464e-07;1.2586e-05;0.967698;1.83096e-05;0.000260987
6.39103e-06;8.56536e-05;0.998947;2.66898e-08;0.000572272;0.00010042;1.63762e-07;2.97548e-05;2.32867e-07;2.70739e-08;3.2746e-07;1.38601e-05;4.36821e-05;0.000200434
1.54536e-05;0.97299;2.30134e-09;9.71704e-09;2.47103e-05;2.31169e-07;0.000135509;0.00312354;1.18847e-06;1.41463e-05;1.30599e-09;3.56679e-08;1.36446e-05;0.023682
8.95914e-10;1.91189e-09;0.999999;3.72601e-11;1.76733e-08;2.47635e-11;4.28735e-10;9.10009e-07;1.82714e-10;6.89962e-11;7.02104e-13;1.96828e-07;6.65778e-13;1.18926e-10
4.09299e-06;0.00733822;1.46787e-07;3.43913e-06;1.11948e-05;2.63142e-06;7.73918e-07;0.991445;0.000259171;1.76173e-06;4.40113e-07;4.36977e-05;0.000884413;4.77786e-06
3.96104e-06;0.9969;0.000398148;9.78393e-05;5.53592e-06;1.55285e-06;4.29703e-07;0.00215479;2.26047e-07;3.29629e-06;2.90887e-07;0.000124082;0.000226434;8.35183e-05
6.62218e-07;0.0127149;8.54022e-10;4.37093e-07;2.40803e-05;4.85203e-10;1.29593e-06;0.987239;1.27201e-06;6.92406e-07;1.03348e-06;1.04505e-05;4.92836e-06;1.322e-06
4.004e-06;0.00133548;0.995186;8.79993e-05;0.000446424;4.57352e-05;2.81108e-05;2.68454e-06;1.1495e-07;5.17021e-05;5.05503e-05;0.00192531;0.000128158;0.000707778
0.000791172;0.993953;1.10973e-06;1.90738e-07;1.56237e-05;1.07217e-05;0.000503421;0.000166025;1.9935e-05;1.999e-06;3.42534e-05;0.00137971;0.00310761;1.51359e-05
2.08012e-05;0.0300002;1.50692e-06;2.03404e-06;8.93441e-05;4.23563e-05;4.22816e-07;0.000926692;0.000379176;1.34764e-07;4.88312e-05;0.968085;0.000211803;0.000191578
8.1949e-05;0.0126594;1.27768e-07;3.98265e-07;4.89361e-06;3.31487e-07;4.87897e-07;0.00148593;0.00018015;1.85256e-08;9.68608e-06;0.00872787;0.976848;8.37911e-07
9.35157e-05;0.00214864;4.41316e-06;2.84757e-07;0.000140252;7.40069e-05;2.44802e-07;0.992621;0.000824604;1.7264e-07;4.37906e-06;0.000317798;0.00326392;0.00050728
1.40488e-06;5.60671e-05;4.78812e-09;5.53781e-08;1.04447e-05;1.6505e-06;6.54657e-10;0.998325;1.44646e-06;6.21072e-09;1.16909e-07;2.33349e-06;0.00159847;3.18686e-06
4.93854e-05;0.00549357;1.92882e-06;3.62003e-05;1.00858e-05;2.78245e-06;1.67946e-07;0.00118619;8.63364e-05;1.24417e-06;5.66741e-05;0.987413;0.00447074;0.00119184
3.98968e-06;0.997469;4.4894e-06;2.63102e-06;2.65012e-07;2.16328e-08;1.5772e-06;0.000406497;1.67486e-06;1.19468e-07;7.26515e-06;0.00188893;0.000213041;5.06382e-07
3.18504e-06;0.0198515;3.07245e-09;4.35538e-05;3.65339e-05;7.23078e-07;0.00139563;5.55769e-05;1.7251e-06;0.000783701;5.32449e-06;0.00127882;1.26995e-06;0.976542
2.18423e-05;0.0070779;0.984246;3.19313e-05;3.83371e-06;5.87061e-07;0.00834415;0.000151666;7.12692e-06;5.3523e-06;9.68495e-05;2.55784e-06;6.28026e-06;4.23257e-06
3.43628e-05;0.911159;0.00167612;7.77659e-05;8.0709e-05;4.4942e-07;1.26006e-06;0.00128638;5.93371e-06;3.46968e-07;1.75991e-05;0.0201409;0.0654994;2.01235e-05
9.08065e-05;0.89915;2.56235e-08;6.8403e-06;0.000225478;1.22797e-05;8.17915e-05;0.00259445;0.000232334;1.17574e-06;0.000115425;0.0578176;0.0250547;0.014617
1.32396e-05;0.935323;1.38721e-06;1.62516e-06;0.000261661;4.63148e-06;2.29508e-05;0.0627314;1.74063e-06;1.89695e-06;9.37216e-07;0.000161709;9.48627e-05;0.00137919
0.000777329;0.00999901;0.0829133;0.000138441;0.226447;0.00227224;3.03736e-07;0.0147921;1.79015e-05;1.70184e-06;7.34761e-06;0.0391739;0.000123384;0.623336
0.000112504;0.953655;8.80686e-06;1.34573e-05;0.000243555;0.000106964;3.21848e-05;0.00858987;0.000504802;3.12165e-07;0.000671459;0.000885622;0.00717781;0.027998
5.43946e-05;0.970808;5.08712e-07;1.28192e-05;3.90114e-05;8.6694e-05;1.11892e-06;0.00398237;6.26106e-06;4.22494e-06;9.25544e-06;0.00618791;0.00403079;0.014777
2.72828e-06;0.000120114;1.03315e-09;1.06913e-08;1.38989e-07;9.99638e-08;5.33577e-09;0.000909747;1.07494e-06;7.73257e-10;1.22763e-06;1.21198e-05;0.998953;2.45896e-08
7.07531e-06;0.000888929;3.38862e-07;4.65304e-07;1.14328e-06;6.2928e-07;3.82883e-08;0.00046232;1.89866e-05;1.47423e-07;1.75936e-06;0.997778;0.000790244;4.96955e-05
3.04745e-07;0.999683;3.22722e-08;4.88404e-09;5.4814e-09;1.58469e-08;5.22271e-08;8.86007e-06;1.83339e-09;1.63037e-08;1.81089e-09;0.000118691;0.00018849;4.48636e-08
1.95758e-07;0.00137888;9.09594e-06;2.15821e-05;0.00016433;0.00169829;4.16984e-07;0.000310755;2.39198e-07;1.27861e-06;1.58053e-06;0.0950364;4.7425e-05;0.90133
5.53033e-07;0.0245603;5.34895e-08;5.13381e-07;6.55824e-08;2.00722e-06;3.6555e-06;0.00223476;6.08896e-08;1.84321e-07;2.79773e-06;3.31939e-07;0.973194;3.63254e-07
2.76524e-08;8.71083e-07;0.999964;2.94096e-07;5.06782e-09;8.18968e-08;7.36508e-08;1.19615e-07;1.49573e-08;5.91188e-09;4.7081e-08;3.38474e-05;2.29684e-07;8.26706e-10
5.65054e-06;0.0524655;2.40065e-05;0.000271476;1.75242e-05;5.76189e-06;3.84675e-06;0.0180681;8.70417e-05;1.50491e-06;0.000499105;0.927639;0.000331749;0.000579878
2.13738e-06;0.99355;3.32346e-06;1.9862e-05;9.54938e-06;1.00279e-05;1.2505e-06;0.00131406;2.02632e-06;1.44888e-07;0.000190929;0.000497673;0.00438047;1.84638e-05
1.15099e-05;0.00826278;2.76867e-05;0.0130249;0.0240289;0.761144;3.30328e-05;0.00118176;2.43698e-05;0.000568847;9.50376e-05;0.000650535;0.000142514;0.190804
3.70702e-05;0.927777;5.33477e-08;6.58469e-06;5.79106e-07;5.48209e-05;4.37708e-06;3.54886e-05;4.35754e-06;2.25727e-07;6.0663e-05;0.00164313;0.0703753;3.61028e-07
6.78668e-05;0.963407;0.014628;7.42029e-05;2.18971e-05;1.62774e-05;1.50522e-06;0.000184729;1.9931e-07;3.34483e-06;9.839e-07;0.00816655;0.000469378;0.0129586
1.91377e-06;0.98382;9.17697e-10;1.9048e-05;7.36755e-06;5.49561e-06;8.06023e-08;0.0124593;1.08085e-06;8.04574e-08;7.11408e-07;2.4411e-05;0.00114745;0.00251292
0.000232724;0.00386168;7.68839e-07;0.000133568;0.00395682;2.22437e-05;1.73835e-06;0.082588;0.000139875;7.74685e-05;7.90286e-05;0.902795;9.9817e-05;0.00601165
7.8001e-05;0.804906;0.00323509;0.000122544;0.00350014;0.0038996;8.52398e-07;0.000192556;2.1958e-07;2.0993e-05;5.54502e-06;0.0267352;0.157222;8.09747e-05
0.000174509;0.537539;5.50761e-10;6.45385e-05;9.46181e-05;9.28285e-05;0.000156037;0.000717162;0.000380963;1.16158e-05;0.00483587;0.09236;0.355184;0.0083887
0.00352443;0.679057;7.96101e-05;0.00199996;0.02854;0.0063719;2.71255e-05;0.088426;0.00168743;0.000115102;0.00174452;0.0685361;0.110334;0.00955642
0.00349895;0.461294;0.000138522;0.00013267;0.0282908;0.000602804;1.5263e-05;0.0355385;0.000820476;9.88019e-06;0.000466843;0.248325;0.190539;0.0303269
1.40649e-05;0.992204;6.84008e-07;2.67917e-05;4.56481e-05;6.32473e-05;1.17099e-05;0.000246202;3.23709e-05;3.24035e-05;0.000117295;0.00397339;0.00184266;0.00138924
0.000102616;0.00111847;1.95226e-05;0.000218552;0.782147;0.0993071;3.05369e-05;0.000513665;0.000615778;0.000270757;0.000365799;0.00772713;0.000453455;0.107109
2.64945e-05;0.998063;1.64764e-09;1.83535e-07;1.58749e-06;8.72811e-08;4.11057e-07;0.0004418;6.64358e-06;8.35796e-08;8.70756e-06;5.7918e-06;0.00144435;1.30444e-06
8.06763e-06;0.995001;1.87528e-07;3.87322e-08;1.18566e-07;2.15843e-07;1.84711e-07;9.25572e-06;1.04358e-08;8.57336e-08;4.65062e-09;0.00491073;6.01454e-05;9.50871e-06
2.08348e-06;0.00629561;8.49887e-05;4.78881e-05;0.000109156;0.0133025;2.29934e-06;0.00115254;2.79114e-06;3.36698e-06;4.28743e-06;0.323283;0.00249682;0.653212
1.24749e-05;0.00964968;7.68169e-08;1.12493e-05;2.93527e-06;6.05412e-06;5.04008e-06;0.00278099;3.89778e-05;2.7754e-07;0.000712223;0.000156215;0.986623;5.02207e-07
6.6858e-07;0.999249;6.88699e-08;1.031e-07;1.51218e-09;4.36737e-09;1.72775e-08;2.35784e-05;3.26352e-07;4.33084e-09;2.24259e-07;0.000549799;0.000175887;7.53693e-09
5.9325e-07;0.98972;4.53255e-09;0.000143249;1.74155e-05;9.00757e-06;0.000594615;9.20319e-06;1.82641e-07;0.00331218;9.73967e-07;5.62004e-06;8.9648e-06;0.00617799
3.90724e-07;1.59669e-05;0.999945;2.63885e-06;2.81883e-08;2.27592e-06;9.984e-06;1.02436e-07;3.46694e-07;3.49618e-08;1.59013e-05;5.26821e-06;1.82631e-06;6.86008e-10
6.96151e-06;0.00732792;1.01341e-11;1.36368e-07;4.91644e-06;5.99367e-06;2.15752e-07;0.000501785;3.44221e-07;6.1116e-08;3.80805e-06;1.30977e-06;0.992146;3.22843e-07
0.000657734;9.17278e-05;0.000190327;0.00386837;0.959547;0.00177291;8.42385e-07;0.000223468;8.97512e-05;9.44708e-05;3.54467e-06;0.000376425;2.07843e-05;0.0330626
0.000585394;0.995337;8.36519e-10;3.73012e-07;5.67596e-07;3.27194e-09;3.361e-07;0.00273102;0.0013364;1.26603e-07;3.4087e-06;6.88926e-08;4.1559e-06;1.00899e-06
0.000355772;0.00333826;2.4465e-05;9.93031e-05;0.0024124;7.06473e-07;2.05251e-07;0.000893302;3.96451e-05;4.33289e-06;4.06731e-07;0.989628;7.22543e-06;0.00319612
1.9419e-05;2.25832e-06;5.79718e-08;2.07892e-06;1.582e-08;4.08446e-09;0.000243459;3.40485e-06;0.998958;4.57943e-08;0.000769666;3.57675e-09;1.34689e-06;1.08124e-08
2.37638e-05;0.994606;6.32342e-10;1.57367e-05;2.83888e-06;3.07405e-06;1.13164e-06;0.000770951;0.000419759;7.93116e-07;1.17739e-06;9.19665e-05;0.00353854;0.000524489
7.0154e-07;3.92998e-05;6.72478e-12;2.36173e-07;1.66938e-05;2.63821e-07;1.51156e-09;0.999838;1.88348e-06;7.59552e-08;1.80362e-07;2.53071e-06;9.50521e-05;4.96896e-06
6.57551e-07;0.000483104;0.999484;1.63511e-05;1.62309e-06;2.26851e-07;8.38759e-08;1.09836e-06;2.55455e-07;9.99543e-07;6.88597e-07;2.33564e-06;3.37604e-07;7.68972e-06
7.98887e-05;0.000915254;2.95589e-05;0.000126749;4.48426e-06;0.000220794;0.00299949;0.000109168;0.0611064;4.32119e-05;0.932111;0.000108947;0.00210091;4.41017e-05
