1.36631e-06;0.994442;8.93148e-09;4.79332e-07;9.20556e-09;3.87865e-08;1.71013e-06;9.06397e-07;6.69064e-07;7.81404e-09;1.54955e-06;0.00055654;0.00499496;7.73146e-08
3.72931e-06;0.986237;2.25746e-09;3.2685e-05;2.32085e-05;2.54093e-05;3.57383e-08;0.0033087;8.51631e-06;5.51654e-07;7.53098e-07;0.0028865;0.000670094;0.00680273
2.55338e-05;0.000196795;6.08007e-07;4.98769e-05;8.66401e-06;5.65873e-06;8.11757e-07;1.18733e-05;0.00022463;2.21911e-06;0.000209787;0.995316;1.81022e-06;0.00394569
2.39083e-06;0.986152;5.27177e-06;6.32892e-06;9.1674e-07;1.87645e-06;1.03713e-07;1.78212e-06;2.27821e-08;1.23658e-07;1.17532e-06;2.35334e-05;0.0138041;7.62912e-07
3.79274e-06;0.0169426;2.61337e-06;2.72465e-07;7.92518e-08;4.63405e-09;1.92467e-07;0.00272042;1.03323e-06;4.16838e-09;4.735e-05;0.980164;0.000118044;5.80006e-08
1.46133e-06;0.982336;3.59804e-07;1.08818e-05;0.00419644;0.000116118;2.03017e-09;0.00957056;8.05513e-08;4.11144e-07;9.9973e-08;5.11159e-05;0.00142381;0.0022925
2.55025e-05;0.00347516;2.20773e-07;4.2962e-06;3.55026e-07;0.00021174;4.9641e-06;2.79891e-05;3.04829e-05;8.17453e-06;2.63339e-05;0.00325443;0.992895;3.56568e-05
1.76179e-06;0.00424658;0.995437;6.86823e-06;2.84416e-07;1.75357e-06;1.85169e-05;5.1445e-08;2.8377e-08;2.65374e-05;4.3403e-07;0.000257947;1.29856e-06;1.25956e-06
5.96466e-08;4.59207e-07;0.999996;3.6423e-08;1.1289e-07;3.23795e-08;6.11698e-07;9.06451e-08;3.40578e-08;3.38358e-08;5.82549e-07;2.35188e-06;5.0419e-09;2.09614e-08
9.17292e-08;0.999615;3.32149e-09;7.63338e-10;2.10105e-09;3.04593e-09;5.89017e-08;1.65968e-05;1.21815e-09;2.00399e-09;5.36598e-09;3.60819e-05;0.000331825;3.56745e-08
1.6445e-07;0.0101812;1.29807e-06;3.2204e-06;0.000177817;0.00106966;3.00832e-05;0.0011953;4.4118e-07;5.80087e-05;6.27723e-07;1.56839e-05;0.000169101;0.987097
2.75178e-09;5.15355e-08;0.999999;2.98212e-08;9.3624e-10;8.86366e-09;1.4406e-08;2.71403e-07;2.11543e-09;1.14461e-09;7.57308e-08;3.507e-07;1.6647e-08;9.29042e-10
2.45046e-07;0.000100605;0.998506;7.19174e-07;8.03948e-08;2.42612e-08;2.95818e-07;0.00069747;6.66008e-08;1.89595e-08;4.78665e-07;0.000676772;6.60128e-07;1.61078e-05
1.51491e-09;1.10675e-05;5.31146e-05;4.93798e-09;5.50453e-06;4.49755e-06;1.62362e-11;3.20995e-06;3.06126e-12;7.93003e-10;3.18681e-11;2.54606e-05;6.8246e-09;0.999897
5.40035e-08;0.996025;1.15148e-08;3.57556e-08;2.78528e-07;1.13969e-06;1.18023e-09;0.00091267;1.48809e-10;5.35894e-10;5.61073e-09;8.12349e-06;0.00304602;6.29053e-06
3.37368e-07;0.00978634;1.28e-08;7.02785e-06;4.03917e-07;3.01515e-07;3.61806e-08;0.00919732;3.76865e-08;6.25162e-08;2.1241e-06;0.000148672;0.98082;3.72926e-05
2.15012e-05;0.954297;5.69739e-05;0.00110503;9.79442e-05;1.69925e-06;5.32454e-05;0.0403902;9.25106e-07;6.6076e-05;8.59823e-05;0.0029851;3.2036e-05;0.00080685
3.66284e-06;0.345089;0.00553305;0.00507188;7.56778e-05;0.000209259;3.50375e-05;0.000702149;2.2884e-07;7.8672e-05;0.000313522;0.000268912;0.642193;0.000426056
1.39667e-05;0.0689045;9.10233e-07;0.000314954;1.60153e-05;0.000469908;3.37862e-05;0.00347745;1.82147e-05;1.31362e-05;0.0363877;0.56685;0.319933;0.00356634
0.000267498;0.325708;9.76305e-05;0.000679549;0.0628059;0.0216486;6.82758e-05;0.154313;8.46336e-05;7.93148e-06;0.0712656;0.0709019;0.211571;0.0805806
1.89771e-05;0.0240771;5.52585e-08;2.18373e-06;2.48543e-06;1.50372e-05;1.34104e-05;0.00178442;1.33248e-06;2.5054e-06;5.2816e-05;7.72863e-05;0.973949;3.74494e-06
2.87085e-09;1.18606e-09;1;4.18073e-10;1.1862e-09;8.62337e-11;8.16101e-11;7.18609e-08;1.03026e-10;3.70414e-11;1.94759e-10;1.87973e-08;8.04688e-11;5.58062e-12
7.44436e-07;1.77184e-05;0.888382;5.14882e-07;5.60937e-07;1.71907e-07;2.01573e-08;3.30791e-05;1.34641e-06;5.98436e-08;6.16982e-07;0.111478;8.79579e-07;8.3338e-05
4.45478e-05;0.0376348;1.14667e-06;9.68283e-05;0.00205544;0.0195869;3.83908e-06;0.0096364;0.000263721;5.48446e-06;0.000112236;9.77346e-05;0.0564744;0.873986
1.70222e-05;0.0188369;0.158817;3.40278e-05;0.00515383;5.12391e-05;3.31747e-08;0.0102908;5.4347e-07;1.271e-06;4.89995e-06;0.771949;1.021e-05;0.0348336
4.75913e-08;0.706856;2.2376e-09;5.29208e-08;4.26113e-05;6.71477e-06;5.50982e-07;9.5553e-07;5.84618e-09;1.88203e-07;2.01388e-08;2.58211e-07;7.31373e-06;0.293085
0.000122191;0.411631;5.46611e-05;6.03279e-05;0.000449251;0.00207095;0.0028538;0.0319889;0.00092746;2.50271e-06;0.00351846;0.0007036;0.54556;5.71373e-05
1.34446e-05;0.970281;1.78264e-05;4.79516e-07;1.34445e-06;2.05901e-06;1.88141e-07;0.0265917;9.95271e-08;1.69991e-07;2.90898e-07;0.00128319;0.00180742;6.58572e-07
2.65077e-07;0.000998981;3.95071e-05;1.9021e-05;0.000130861;6.32195e-06;5.99128e-08;0.00537958;1.0707e-06;7.95813e-07;4.93552e-06;0.992647;9.52054e-05;0.000676349
4.45697e-05;0.0185081;1.69467e-07;1.07354e-06;3.75486e-06;1.31957e-08;1.69092e-06;0.979553;7.31782e-05;1.07013e-07;0.000582289;2.10654e-05;0.00121151;2.35998e-09
2.31051e-05;0.995547;2.98523e-08;2.62053e-07;1.13408e-06;1.79195e-07;0.00222267;0.000131643;4.28696e-06;0.000212532;9.7357e-07;4.05307e-06;1.99674e-05;0.00183234
3.77701e-08;1.78641e-08;0.999999;1.62543e-10;5.28988e-09;2.04824e-11;7.08119e-09;3.37122e-07;2.77172e-09;3.88835e-10;1.92649e-10;5.35255e-07;3.50437e-10;4.80182e-12
6.27686e-06;0.0092277;2.21307e-08;2.88402e-07;7.41675e-05;1.39619e-05;2.3812e-07;0.989947;0.000101733;3.11169e-07;1.74907e-07;2.43767e-05;0.000487209;0.000117019
1.02419e-05;0.000515823;4.95198e-09;1.23128e-06;1.16943e-05;1.00714e-07;6.69474e-08;0.996522;0.000166789;1.49273e-07;1.83913e-06;4.64017e-05;0.00272318;5.83816e-07
0.000243743;0.96625;1.98271e-06;0.00102679;0.000333481;6.65011e-06;0.00030207;0.0309694;0.000132656;0.000191722;9.97621e-05;0.000234241;9.63019e-05;0.000111616
3.23217e-05;0.949992;0.000191833;0.000255334;2.83882e-05;4.83908e-05;4.42543e-05;6.74853e-05;2.32927e-06;0.000135298;3.06178e-05;5.89679e-05;0.0490709;4.22219e-05
1.07563e-06;0.00648658;2.36933e-09;3.26846e-08;1.98548e-08;2.5759e-08;2.9798e-07;2.72325e-06;8.90552e-08;6.66749e-09;6.4821e-07;0.993384;0.000122438;2.23992e-06
3.21504e-05;0.164624;6.72694e-08;3.18418e-05;0.000437564;0.000126236;2.97279e-05;0.217032;2.84598e-05;1.3327e-06;9.35563e-05;0.00310414;0.606034;0.00842461
0.000117751;0.752482;9.66706e-06;2.71397e-06;2.77618e-05;0.000167342;8.14619e-05;0.0197101;2.91858e-05;1.38197e-06;9.52096e-06;7.99744e-06;0.22734;1.31442e-05
2.10828e-09;2.06661e-09;1;1.40958e-09;4.76252e-10;1.61779e-09;4.03356e-10;2.02574e-08;5.32407e-10;5.45383e-11;2.78968e-09;8.82176e-08;1.03824e-08;2.12314e-12
1.70636e-06;6.41217e-05;0.994557;4.32329e-06;3.52266e-07;1.29955e-06;5.90049e-07;0.000118574;1.44374e-05;1.2962e-07;2.33818e-05;0.00517033;4.37819e-05;4.10461e-07
1.22734e-05;0.00423862;0.000820618;3.60594e-05;0.0213427;0.0256514;8.33274e-07;0.000456739;5.58613e-06;8.90927e-06;1.63518e-05;3.48523e-05;0.000387538;0.946988
2.63968e-05;0.514204;3.72827e-05;0.000111113;0.0147164;0.000938992;1.47325e-06;0.00307012;2.6581e-06;1.31643e-05;6.77344e-05;0.212017;0.0302011;0.224592
1.28217e-07;0.999385;2.098e-10;3.9691e-08;5.45882e-08;2.19721e-07;0.000194927;1.02824e-06;1.13352e-08;1.40066e-06;2.49806e-08;9.3698e-11;2.68004e-07;0.000417156
4.05719e-10;1.54018e-08;0.999994;3.72026e-10;1.1623e-09;7.38793e-12;1.00024e-09;4.66359e-08;1.63177e-11;9.30729e-11;9.62607e-11;6.12371e-06;2.26483e-11;1.76792e-11
0.000473705;0.248427;2.85296e-06;0.00301158;0.00309192;0.0028017;0.00183615;0.424008;0.0319981;0.000244473;0.0434183;0.0243902;0.202293;0.014003
7.50417e-07;0.999697;8.52117e-06;2.14414e-06;2.10279e-06;5.43366e-07;1.71952e-08;0.000107887;3.17877e-09;3.3698e-08;9.72066e-09;1.26872e-05;0.000167399;1.19994e-06
1.23877e-06;0.997422;2.70483e-08;1.66981e-08;2.42794e-07;2.61555e-07;1.42151e-07;1.66014e-05;7.92137e-10;4.56457e-08;1.04404e-09;0.00228811;0.000205647;6.5859e-05
7.0927e-07;0.0367973;1.46427e-05;7.83604e-06;0.00113167;0.00308331;4.54608e-05;0.0260654;3.31688e-07;6.49716e-05;3.94587e-07;7.54826e-05;0.00121621;0.931496
3.41929e-09;4.38553e-08;1;2.17432e-08;1.07506e-09;7.52004e-09;2.67835e-08;1.02689e-07;8.27386e-09;7.41959e-10;9.22137e-08;6.6844e-08;2.75159e-08;2.4226e-10
2.15421e-07;0.000171207;0.999191;4.22227e-07;7.70921e-08;9.42967e-09;3.02125e-07;0.000341221;1.42e-07;1.30664e-08;2.78084e-07;0.000278419;3.05834e-07;1.66237e-05
1.03202e-09;1.38342e-05;1.05998e-05;2.61605e-09;6.68108e-06;1.72081e-06;6.72247e-12;2.11951e-06;2.64906e-12;6.47145e-10;1.32574e-11;6.99794e-06;2.5071e-09;0.999958
2.74587e-08;0.997237;8.48146e-09;9.16566e-09;1.3281e-07;1.20732e-07;7.42155e-10;0.000357586;6.39767e-11;2.85018e-10;1.38201e-09;1.247e-05;0.00239197;4.5342e-07
1.18346e-07;0.00353603;1.1844e-09;1.43475e-06;5.38647e-07;2.2591e-07;8.83211e-09;0.007612;6.73363e-08;3.30302e-08;1.10825e-06;6.59478e-05;0.988782;7.36951e-07
1.29971e-05;0.982551;0.00334708;0.000265246;9.41164e-06;5.53548e-06;0.000157428;0.0124772;1.91875e-07;0.000254659;9.28126e-06;0.000217106;2.85643e-05;0.000664356
2.06739e-08;1.30478e-07;0.99999;1.49724e-06;2.90914e-08;7.28904e-09;2.73373e-07;1.60547e-06;1.95e-09;1.98848e-08;3.91342e-06;2.65697e-06;3.37158e-07;1.00142e-08
5.34582e-08;2.67874e-06;0.980001;4.86409e-06;3.17037e-06;3.84291e-08;3.63841e-08;0.000361551;7.36759e-09;7.90226e-08;6.56458e-06;0.0193361;1.36267e-07;0.000284173
5.9092e-06;0.106426;1.03615e-05;5.06341e-05;0.000221288;0.0259404;1.54976e-05;0.000298402;9.76138e-06;2.46586e-06;0.000203894;8.20922e-06;0.00745112;0.859356
5.5288e-07;0.00873457;0.00112839;1.34576e-05;1.26255e-06;0.000365106;2.36517e-05;2.72993e-07;2.62111e-09;2.49063e-05;7.86517e-07;0.00057463;1.36409e-06;0.989131
1.56381e-11;2.15653e-11;1;2.88624e-10;1.19668e-08;1.05098e-07;1.47556e-11;4.7744e-10;9.73986e-14;5.52367e-12;9.73958e-11;1.35179e-08;8.15365e-13;1.38805e-08
4.09646e-07;0.00194779;1.13313e-07;7.9924e-07;0.000531462;0.0130605;2.99531e-07;0.185574;8.13796e-09;3.04372e-06;8.41426e-07;2.79126e-07;0.797587;0.00129308
1.34583e-12;2.1599e-12;1;2.18531e-10;9.77184e-12;5.84589e-10;2.13983e-12;3.03827e-12;3.48706e-14;3.88686e-12;1.43271e-11;1.31693e-10;6.77035e-13;3.91367e-13
1.80841e-07;1.78188e-06;0.992898;1.03157e-05;5.02201e-07;1.61651e-06;1.76145e-08;9.9099e-06;6.73187e-08;1.20139e-07;4.07307e-06;0.00704218;2.25325e-06;2.90523e-05
4.95036e-07;0.00261639;1.81071e-05;6.98137e-06;0.000110415;0.000256515;2.57275e-07;1.53231e-07;2.21592e-09;1.7077e-06;9.06957e-07;2.58011e-08;1.91167e-07;0.996988
1.2434e-07;7.69059e-05;4.63902e-05;2.59136e-07;0.000869226;9.87445e-06;1.69872e-09;0.998868;5.17844e-09;1.22307e-07;7.56895e-08;0.00011164;7.74896e-06;9.1916e-06
6.4418e-11;4.97306e-07;0.999999;1.52839e-08;6.37067e-09;3.42856e-07;2.01838e-11;6.18328e-10;1.19493e-11;3.33428e-10;4.45961e-10;2.97492e-10;9.45149e-10;6.23479e-09
0.000273467;0.00483781;0.000295094;1.83434e-05;1.75027e-05;0.000283213;1.42129e-05;0.0275214;0.000326788;3.28681e-06;0.0105476;6.86143e-05;0.955792;1.02012e-06
