2.04605e-06;0.995436;0.000105787;4.69853e-05;4.30343e-05;1.53873e-06;3.10176e-07;1.47772e-05;4.05215e-08;4.29169e-06;2.81717e-06;0.000388143;0.00388777;6.63607e-05
1.08399e-05;0.106468;1.36996e-08;1.43937e-05;4.80449e-06;3.16936e-05;1.99397e-06;0.000245118;1.58354e-05;5.24352e-07;0.000139147;0.0113072;0.881663;9.79109e-05
3.78264e-05;0.00200342;0.987621;0.000171903;0.00325913;0.00058186;2.4802e-07;0.0011432;2.41433e-07;1.53766e-06;1.58908e-06;0.000129377;0.000105816;0.00494326
8.10103e-06;0.00416873;4.22217e-08;1.19073e-06;1.67611e-05;8.9333e-06;3.52509e-08;0.00767138;2.71037e-06;2.94098e-08;1.00708e-05;0.00196313;0.986146;2.76195e-06
3.78662e-07;0.994631;6.31723e-09;3.12416e-08;3.38698e-09;7.67051e-07;6.6901e-08;8.00998e-07;1.32585e-09;1.19198e-08;2.51081e-08;5.8172e-05;0.0052534;5.52166e-05
8.86791e-06;0.0213385;2.38332e-06;1.3008e-05;6.98303e-05;4.83871e-05;1.68963e-07;0.00137208;7.63273e-07;3.86462e-07;2.95371e-06;0.958241;0.0185418;0.000359327
0.000196165;0.646607;6.0465e-09;0.00105111;0.00522575;0.000289798;1.4188e-05;0.31323;0.000704818;2.01618e-05;0.000531897;0.000428739;0.0171349;0.0145652
0.000261116;0.2711;1.3805e-06;8.73633e-05;8.12997e-06;9.70526e-07;7.84133e-05;0.00553212;0.000106957;3.59186e-06;0.000986536;0.71831;0.0032301;0.000292514
0.000874415;0.326672;9.60255e-07;0.000103948;0.000366121;0.000372184;7.4413e-06;0.0964932;0.00118384;9.0953e-06;0.000952746;0.107134;0.463223;0.00260804
5.81984e-05;0.550133;7.61347e-05;1.17101e-05;4.25449e-06;0.000212744;0.0283357;3.99669e-05;2.2701e-06;0.0071606;3.40494e-06;0.000172318;7.99862e-05;0.41371
9.74742e-10;5.31442e-10;1;4.7254e-09;6.65078e-10;1.80392e-08;3.02412e-08;4.75905e-10;8.47587e-10;8.8006e-10;4.93957e-09;1.87014e-07;2.78167e-11;3.53814e-11
6.93031e-05;0.870175;0.0507895;0.000159185;6.04807e-05;0.000620213;0.0107446;0.0235587;0.000105361;0.00126216;0.000238158;0.000654834;0.0126604;0.028902
6.36167e-11;1.40965e-09;1;2.82924e-10;2.85207e-09;5.75159e-09;1.49514e-10;1.81739e-09;6.70418e-13;1.93116e-11;3.00097e-11;2.22913e-07;6.13162e-11;4.02245e-11
2.50685e-05;0.157104;0.0263607;0.00016417;0.00585816;0.00605773;2.78841e-07;0.0122051;8.26805e-07;3.5995e-06;2.71651e-06;0.166899;0.000986054;0.624332
3.26748e-06;0.964281;2.43533e-06;7.62157e-08;7.12575e-05;3.88861e-05;4.99922e-09;0.024763;6.18785e-09;5.39457e-08;2.75209e-07;0.00544976;0.00419519;0.00119424
1.30435e-05;0.0372456;2.47329e-05;2.43684e-05;0.00116627;0.0642529;0.678777;3.06915e-05;6.55092e-07;0.103203;4.76614e-05;1.37897e-06;0.00554128;0.109672
7.91889e-13;7.60822e-14;1;5.26038e-13;6.38312e-12;2.91896e-12;2.01866e-12;9.93625e-13;2.39306e-14;2.92143e-13;9.96099e-14;4.49932e-13;1.46426e-16;9.67837e-15
