2.08159e-06;0.995521;1.23625e-05;2.82217e-06;4.19192e-07;2.76995e-06;0.00081609;2.20516e-07;5.73825e-09;0.00357885;7.57048e-07;5.42148e-07;1.67621e-05;4.51044e-05
2.62694e-09;8.86563e-09;0.999998;1.40519e-10;2.1937e-10;7.26357e-10;9.75867e-08;1.31744e-09;7.91995e-11;5.54463e-10;1.16409e-09;1.51562e-06;1.10482e-12;2.60149e-10
1.95907e-06;0.999175;1.63655e-08;9.64591e-09;5.10528e-08;4.53233e-07;1.20495e-05;2.44216e-05;3.84173e-08;6.24602e-08;2.00131e-07;7.50837e-07;0.00078481;2.40467e-08
1.51278e-06;7.632e-05;0.000131135;2.73605e-06;9.81061e-05;0.993404;7.48309e-09;1.23426e-05;9.71187e-08;1.1354e-06;8.26571e-08;0.00192248;0.000942512;0.00340709
1.22339e-05;0.99887;2.6425e-08;1.29792e-07;3.03682e-08;1.22825e-06;0.000329164;0.000393595;1.96602e-07;4.97112e-06;3.04244e-07;5.11278e-06;7.53489e-05;0.000308225
5.22018e-09;2.36455e-07;0.999997;1.04009e-08;4.32952e-09;3.87808e-08;1.99203e-06;5.10668e-07;9.88193e-09;2.04868e-07;2.91792e-09;2.81962e-08;1.08577e-10;1.12211e-09
2.16943e-08;7.40363e-08;0.999994;5.19375e-08;6.46559e-09;1.00546e-07;7.69377e-08;4.49086e-06;8.8613e-08;7.76161e-09;1.13839e-07;9.75351e-07;1.17005e-07;2.31151e-09
1.32638e-08;0.000114397;0.996994;2.48005e-07;6.2132e-09;7.64705e-07;6.53642e-08;1.81276e-06;8.56779e-09;2.11665e-08;2.06433e-07;0.00284198;4.52844e-07;4.59786e-05
1.349e-08;0.00538641;4.2537e-08;8.86133e-07;8.30072e-05;0.000922326;6.67614e-06;7.94747e-05;1.9871e-08;7.42906e-06;3.95052e-07;2.44092e-11;7.51004e-06;0.993506
7.80025e-10;1.70314e-08;0.999984;2.01716e-08;1.25637e-08;2.18468e-08;1.17503e-08;2.04531e-08;3.58289e-11;1.9538e-10;1.90049e-08;1.60367e-05;3.34384e-10;2.85176e-10
1.48615e-05;0.00827417;4.81226e-06;7.46925e-05;1.92059e-05;0.0011649;1.64146e-05;0.0124432;4.04702e-05;2.43155e-07;0.000682228;0.00082338;0.976416;2.59101e-05
2.13117e-05;0.941798;5.76783e-05;2.67432e-05;1.681e-05;0.000117575;4.01023e-06;0.0018526;2.92129e-08;3.33469e-06;4.12379e-07;0.00066686;0.0548676;0.000566674
1.89319e-05;0.00675557;1.06009e-05;4.27441e-05;0.00329834;0.00162342;2.75277e-07;0.0167115;4.5277e-07;3.3521e-05;4.74301e-06;0.959257;0.00659146;0.00565086
3.78345e-07;0.998969;1.58099e-08;7.50554e-08;7.51719e-09;2.98014e-08;0.000211822;1.94374e-06;1.09644e-09;2.67818e-06;1.09935e-08;6.55027e-10;7.84549e-06;0.000806459
9.08151e-11;8.46383e-11;1;1.05409e-10;5.09642e-09;3.29568e-11;1.57796e-09;3.37748e-10;2.47261e-12;5.83937e-11;1.45052e-10;4.99322e-08;1.33971e-13;1.45769e-10
5.84461e-06;0.951938;5.16321e-06;4.85275e-06;2.53396e-06;9.91243e-05;0.00147029;0.000928992;1.56862e-05;6.50814e-07;0.000111082;5.34661e-06;0.0453486;6.41129e-05
2.60786e-06;0.030222;2.83653e-11;1.02613e-06;1.50445e-06;2.64636e-06;1.99894e-07;0.00117556;2.444e-06;1.49918e-07;1.04487e-05;0.000252077;0.968319;1.07021e-05
8.30312e-07;0.000686386;1.35661e-07;2.21249e-07;4.39731e-07;3.10107e-07;3.60109e-10;9.31542e-06;2.09426e-07;1.81625e-08;1.00116e-07;0.997314;0.00198816;3.51126e-07
0.000191229;0.692504;1.18462e-05;2.52441e-05;0.00285095;0.000679219;6.84711e-06;0.151739;3.23065e-05;1.94181e-06;1.8083e-05;0.0289983;0.118759;0.00418248
0.000272301;0.166935;8.4009e-05;0.000981377;0.0465828;0.00637597;1.38506e-05;0.0601209;9.53222e-05;0.000297174;0.000507598;0.528658;0.0503182;0.138757
0.000659145;0.984803;5.87652e-07;1.40708e-05;2.43895e-05;7.34471e-06;0.00195745;0.00380842;7.06037e-05;0.000288934;0.0008153;4.79407e-06;0.00743284;0.000112942
1.52445e-08;1.15023e-10;1;5.31324e-10;4.52982e-09;9.40655e-11;3.85897e-10;1.62775e-08;4.71831e-09;5.63887e-11;1.72795e-09;2.10712e-07;6.15494e-12;2.85893e-12
0.000272338;0.238045;2.38525e-06;0.000900519;7.56625e-05;7.7791e-05;0.000220346;0.215025;0.468809;2.06764e-05;0.0457422;0.00139889;0.0286943;0.000716021
3.94411e-05;0.00091991;9.02291e-08;1.55411e-06;0.000416416;1.03977e-05;2.42894e-08;0.997442;3.04853e-06;1.03715e-06;3.3081e-06;1.38368e-05;0.000570584;0.000578317
1.93499e-07;0.000346424;3.57537e-06;2.16887e-06;5.46001e-05;1.12134e-06;3.63475e-09;6.9645e-05;7.09827e-07;6.24106e-08;2.15759e-06;0.999008;2.86818e-06;0.000508307
1.44608e-06;0.998322;5.00052e-07;3.81326e-06;9.66931e-06;1.45638e-06;4.51992e-07;0.000256016;6.0261e-06;1.10133e-06;6.38562e-06;5.6482e-05;0.00126716;6.78533e-05
2.01793e-05;0.00013276;1.12475e-06;1.86465e-06;0.931926;0.0117956;5.50516e-08;0.000989501;6.52324e-06;1.27803e-05;1.59286e-07;0.0024156;0.000110225;0.0525878
0.000392593;0.101558;1.08572e-07;2.61171e-06;0.000219391;2.10907e-06;2.21677e-06;0.00834883;0.00106609;8.22195e-07;2.42421e-05;6.63275e-06;0.888375;1.12285e-06
2.73695e-05;0.00303782;3.20862e-07;1.46232e-05;1.95976e-05;1.48749e-06;3.62757e-07;0.000180863;0.00015268;1.75832e-06;2.77503e-05;0.995744;0.000726906;6.41371e-05
3.36017e-05;0.988302;6.74165e-05;5.44887e-05;2.33899e-05;1.26256e-06;2.94029e-05;0.000135642;5.24939e-06;1.82452e-05;4.73041e-06;0.0113066;8.11639e-06;9.58979e-06
2.21936e-06;0.991588;3.49127e-09;1.51542e-07;3.58383e-08;2.54659e-07;1.65211e-05;3.65504e-07;2.97704e-07;4.98055e-07;3.52995e-07;5.31206e-05;0.0083353;2.74716e-06
1.47057e-07;0.000909252;6.9343e-07;3.87811e-07;2.76462e-06;6.61621e-07;2.61989e-08;9.18814e-06;2.65061e-07;9.74987e-09;7.48003e-07;0.999049;8.88974e-07;2.61024e-05
6.66114e-05;0.974141;4.08033e-06;1.11854e-05;0.000289529;3.43396e-05;2.61036e-05;0.00985645;1.24661e-05;6.30291e-06;4.50052e-06;7.66219e-05;0.00653262;0.00893841
3.775e-06;0.194038;1.32892e-05;1.80673e-06;1.83827e-07;3.75674e-06;1.92312e-07;7.18793e-05;5.04334e-07;3.36127e-07;1.32626e-07;0.805152;0.000582834;0.000131819
1.97853e-06;0.986405;3.75376e-09;2.1505e-06;1.88783e-07;5.88036e-06;0.0044713;0.00082291;2.59595e-05;0.000181485;2.87129e-06;4.80747e-08;0.000118241;0.00796242
6.94292e-10;1.12614e-09;1;3.9487e-09;1.38073e-10;3.56018e-09;1.60825e-08;5.28124e-10;2.24372e-09;1.75561e-09;1.4923e-08;8.73784e-08;1.02352e-12;1.84658e-10
6.19998e-06;8.91152e-06;1.46003e-07;2.57059e-07;1.12971e-07;9.86915e-09;9.89499e-08;0.999287;0.000667091;7.62279e-09;2.62039e-05;1.80743e-06;2.1568e-06;1.98808e-08
2.76448e-06;0.997169;4.13229e-09;5.21493e-06;2.54057e-05;3.86535e-08;2.83404e-07;0.00068312;3.73172e-06;6.05308e-06;6.93044e-06;0.00046955;8.7586e-07;0.00162725
4.64409e-06;0.00170929;0.00213319;6.92598e-05;0.000473714;0.0011118;4.72697e-07;5.38508e-06;2.04966e-07;1.0194e-05;2.08969e-05;0.993164;3.73072e-05;0.00125948
0.000431665;0.777117;2.77959e-09;7.16675e-05;0.000197603;0.000525171;0.000669024;0.00152169;0.00021666;8.85251e-06;0.00864614;0.000731414;0.209595;0.000267896
0.000339511;0.0296126;3.3059e-05;8.19198e-06;4.61861e-06;1.27508e-05;1.2811e-06;0.00483732;6.33986e-06;1.36461e-06;1.05424e-05;0.796432;0.168679;2.18192e-05
7.07356e-05;0.681259;5.18713e-06;0.000489006;7.714e-05;0.000717186;3.58539e-05;0.0188129;0.000478013;3.1975e-05;0.000811025;0.0656643;0.230879;0.000669074
9.4981e-05;0.104772;0.768785;0.00047965;0.000272558;2.21218e-06;6.1195e-06;0.00798611;2.78685e-07;0.000197929;2.27893e-06;0.117104;0.00015865;0.000138172
2.8029e-07;0.000282615;1.52706e-10;5.68606e-07;1.01705e-09;1.41889e-08;0.99743;5.47646e-09;5.29838e-06;0.00227057;8.33005e-06;1.2269e-09;1.78884e-07;2.48655e-06
4.90323e-08;2.44786e-09;0.999982;2.11024e-07;2.43956e-09;4.81111e-09;1.08907e-05;7.47639e-10;3.32303e-06;6.96716e-08;3.25398e-06;1.31156e-07;8.11918e-12;2.38671e-12
0.00193268;0.036668;8.74626e-06;2.80451e-05;2.95878e-05;3.20038e-05;8.82589e-06;0.00320919;0.00645948;9.07312e-06;0.000165821;0.00405588;0.947392;7.83555e-07
1.01608e-05;0.0869944;6.81874e-06;1.46278e-07;0.00158739;3.03646e-06;9.61723e-07;0.911095;1.80917e-06;3.42597e-06;1.06517e-07;1.79811e-05;7.95646e-06;0.000270777
6.27248e-05;0.0185617;0.902454;0.000169062;0.0080057;0.00273209;3.57015e-07;0.00385724;8.03586e-07;0.000272444;6.47488e-06;0.059559;0.00116227;0.00315595
1.53545e-06;0.0515852;9.99898e-09;8.26233e-08;1.00179e-09;4.66511e-08;0.947845;1.35254e-06;0.000182742;0.000233894;4.72585e-05;7.55353e-11;1.0615e-05;9.23807e-05
2.11805e-10;1.4371e-11;1;1.30537e-10;1.16994e-10;9.02253e-12;4.73522e-09;8.22442e-10;6.7715e-09;1.23617e-09;1.52088e-09;6.74147e-11;2.85299e-15;1.20402e-13
