3.04798e-06;0.993201;1.81082e-05;4.78763e-06;7.86662e-07;4.27014e-06;0.00148014;3.68086e-07;9.25473e-09;0.00517964;1.23639e-06;9.45261e-07;2.45163e-05;8.13545e-05
3.29358e-09;9.83586e-09;0.999998;1.69798e-10;2.11436e-10;8.7427e-10;1.20704e-07;1.49637e-09;9.8995e-11;5.48764e-10;1.5238e-09;1.62352e-06;2.27393e-12;3.16636e-10
2.92444e-06;0.998676;1.0249e-08;1.39103e-08;7.39923e-08;5.59331e-07;7.58153e-06;4.52923e-05;5.19343e-08;4.40225e-08;2.67234e-07;1.2491e-06;0.00126571;5.29266e-08
1.55665e-06;0.000185185;0.000188729;2.25463e-06;0.000176008;0.988959;5.62236e-09;2.91564e-05;4.84302e-08;1.13359e-06;4.70587e-08;0.00143261;0.000957356;0.00806655
5.31973e-06;0.998906;2.46344e-08;6.16508e-08;2.55549e-08;9.95853e-07;0.000236016;0.000317237;6.81769e-08;4.61013e-06;9.67549e-08;2.14541e-06;7.24695e-05;0.000455178
1.95044e-09;5.13408e-08;0.999997;6.01548e-09;1.26786e-09;5.36686e-08;2.01079e-06;2.7251e-07;1.29581e-08;2.38257e-07;3.99177e-09;4.92471e-09;1.91551e-10;4.6482e-10
2.50006e-08;8.07542e-08;0.999991;1.35318e-07;2.52663e-09;9.22806e-08;1.7419e-07;4.60016e-06;3.96671e-07;8.49557e-09;5.3978e-07;2.97169e-06;1.38402e-07;5.97274e-10
6.09986e-07;0.00466143;0.00154217;9.82198e-05;2.06188e-06;5.69024e-05;1.48608e-06;0.00130218;3.69295e-05;1.80552e-06;0.000554215;0.990227;3.2534e-05;0.0014823
9.057e-06;0.00373389;4.68281e-07;4.01772e-06;0.0165523;0.00772281;9.31143e-07;0.9349;1.1683e-06;1.04709e-06;8.95861e-06;1.35347e-08;0.000742752;0.0363226
6.58521e-07;0.00369897;0.000111194;9.63412e-06;0.00584254;0.00175394;1.26531e-09;0.000249259;2.23249e-08;2.68165e-08;1.82555e-06;0.974481;0.00187634;0.0119748
3.14786e-07;0.997241;3.01608e-08;5.47811e-08;2.53749e-06;4.87083e-05;1.056e-05;5.75409e-05;7.19733e-09;5.61656e-07;4.94363e-08;4.69649e-09;0.00247432;0.000163902
3.85279e-11;7.51975e-11;1;1.68411e-10;2.76353e-09;1.11937e-08;4.1272e-13;7.27323e-10;1.93065e-13;3.04634e-12;5.23939e-12;8.8405e-08;1.56411e-10;2.14158e-11
2.55994e-06;0.0888868;6.82604e-06;3.10608e-05;9.17418e-05;0.000590947;2.4924e-07;0.021752;4.73039e-06;3.81057e-07;0.000161893;0.00147545;0.879691;0.00730421
4.75392e-06;0.87997;3.19965e-07;3.77666e-06;4.76913e-06;1.31578e-05;1.21954e-05;0.0500032;1.41798e-07;7.06211e-05;2.1725e-06;2.29778e-06;0.0680913;0.00182163
2.90866e-09;7.14922e-07;0.999988;6.32116e-08;3.76185e-07;1.35066e-07;1.5921e-07;1.04452e-08;8.67359e-11;1.62089e-07;1.31473e-08;9.84984e-06;9.46063e-10;8.93582e-08
2.67527e-05;0.609856;0.000694949;8.36632e-05;3.22291e-05;1.0906e-05;0.000534123;0.00931572;1.22271e-05;2.14945e-06;0.000538904;0.00454417;0.374342;6.67065e-06
2.96629e-05;0.330786;6.49929e-08;0.000757558;0.00624371;0.00837833;2.17968e-05;0.446663;0.000184342;5.42688e-05;0.000906537;0.0103063;0.00912416;0.186544
8.26083e-05;0.855979;6.79804e-08;0.000176131;5.22684e-05;5.91726e-05;3.96232e-05;0.000765452;2.95726e-05;2.98111e-05;0.00919968;0.127926;0.00549493;0.000165948
0.000155437;0.0177757;4.5753e-07;2.52239e-05;0.011161;0.00027455;3.01209e-07;0.953872;2.29897e-05;2.07455e-06;8.55539e-06;0.00900067;0.00587851;0.00182243
2.48937e-05;0.987066;2.05268e-07;0.000268663;0.000706778;9.73384e-05;5.00526e-07;0.00424092;1.2096e-05;2.35806e-05;2.14971e-05;0.00235362;0.000753404;0.00443012
0.000314007;0.0101843;9.70792e-07;6.26086e-05;0.95537;0.000522098;1.69178e-06;0.0138588;0.000222506;1.00167e-05;7.86263e-05;0.00880111;9.03715e-05;0.0104826
4.85665e-05;0.998189;5.48462e-09;3.5149e-07;9.58437e-06;9.11334e-07;0.000321601;0.000168828;2.00544e-06;8.46692e-05;6.1866e-07;1.43225e-08;0.00115357;2.01659e-05
1.23595e-09;3.55807e-10;1;9.30824e-10;1.10844e-10;5.11176e-11;2.55612e-10;1.70336e-11;2.28082e-10;1.98478e-11;7.94591e-11;3.94714e-08;8.59706e-13;1.99492e-13
2.26857e-05;0.00748887;0.000209862;0.00137764;4.7175e-06;2.10598e-05;2.68355e-06;0.000219389;0.00479045;5.7795e-06;0.000383701;0.979972;3.93425e-05;0.00546169
0.000200543;0.926146;3.96834e-07;0.000206623;0.000112489;8.48485e-05;0.000182471;0.0165285;9.90295e-06;2.06849e-05;0.000173919;0.000109981;0.0521882;0.00403564
1.26354e-08;4.30013e-06;7.87571e-09;9.89136e-09;0.000147748;1.7861e-07;3.34335e-11;0.999845;2.97963e-09;7.75361e-09;1.28515e-10;6.53696e-07;1.02535e-06;1.53062e-06
2.13999e-11;3.48837e-07;1;6.7283e-09;1.66395e-09;9.53748e-09;2.43008e-12;2.76034e-11;7.05023e-13;2.67526e-10;9.2418e-12;2.39784e-10;1.19024e-10;2.47525e-09
0.000343681;0.0967145;0.000449896;2.84124e-05;7.36027e-06;4.64837e-05;4.89894e-05;0.0881416;0.00246423;1.43422e-05;0.00357486;0.000637593;0.807525;3.32106e-06
