2.17884e-06;0.99981;4.34776e-05;1.71398e-05;1.19668e-06;2.16234e-08;1.51203e-06;5.60139e-05;7.2248e-08;2.19262e-06;2.61622e-07;2.59908e-05;2.81076e-05;1.20261e-05
4.97067e-06;0.756509;1.04651e-09;3.82782e-05;3.87616e-06;2.04327e-06;3.99684e-06;0.0013051;7.74229e-05;2.61977e-06;9.37271e-05;0.000457974;0.241497;3.25874e-06
5.24183e-05;0.0102933;0.122987;0.000456355;6.40773e-05;5.82782e-06;5.00752e-07;2.21296e-05;1.07036e-06;5.02838e-06;1.4669e-05;0.857783;1.14871e-05;0.00830314
1.49449e-05;0.767796;8.19446e-10;9.31053e-06;4.85274e-07;4.65909e-06;1.86812e-05;0.00243091;9.72041e-06;4.0769e-07;0.000125754;0.000251818;0.229293;4.4356e-05
8.39652e-06;0.000760371;1.29661e-08;1.0896e-06;6.89348e-07;1.84391e-06;6.25984e-08;0.0561272;1.30592e-06;5.56092e-08;7.7927e-06;5.81029e-05;0.943031;1.83505e-06
1.31482e-05;0.00260761;3.28954e-06;3.03885e-06;4.93848e-07;1.47538e-06;3.63374e-08;0.000221823;7.75522e-06;1.89825e-07;4.03762e-06;0.993448;0.00350132;0.000187838
1.27447e-06;8.72838e-05;1.55842e-10;4.69704e-09;1.41684e-06;6.30008e-08;1.28251e-09;0.999893;1.08436e-06;4.38072e-09;1.11614e-07;9.15696e-06;6.19325e-06;1.12909e-07
2.42732e-05;0.025057;7.41557e-06;0.000213297;0.00998272;0.000537999;0.000684221;0.00455966;1.76408e-05;0.00295563;0.000120708;0.000775071;9.04946e-05;0.954974
2.78636e-08;3.45947e-07;0.999944;6.35366e-08;9.62714e-10;1.26946e-09;4.98496e-05;1.13277e-08;3.71015e-08;3.55678e-08;5.66157e-06;6.17798e-08;3.23542e-10;2.13079e-09
8.40063e-06;0.603475;3.14939e-05;2.57542e-05;4.00789e-07;1.96575e-07;2.33464e-05;0.000259597;9.07633e-06;5.42076e-07;0.000191377;0.370217;0.0257411;1.6267e-05
2.27486e-05;0.413345;1.2407e-05;3.28591e-05;0.00113058;0.000379012;0.000183952;0.0187618;3.15253e-06;1.28733e-05;3.7584e-05;0.00295484;0.234685;0.328438
3.89846e-07;0.255387;4.70225e-05;2.79982e-06;1.66341e-07;1.76641e-05;1.39283e-07;6.04758e-05;1.41819e-08;6.04802e-08;1.73072e-07;0.739291;0.00071093;0.00448198
2.78672e-08;0.994634;8.13571e-10;6.62883e-08;3.2682e-09;4.83446e-07;8.3363e-05;0.000182892;5.40216e-09;1.73391e-06;2.03845e-08;2.03778e-09;0.00110626;0.00399144
8.15455e-12;1.10678e-10;1;5.57909e-11;7.36067e-11;1.00498e-09;5.03375e-09;3.55611e-10;3.4519e-12;2.75549e-09;4.56344e-11;1.10937e-10;1.20792e-13;2.34685e-11
2.96855e-09;3.82856e-08;1;1.29986e-09;1.71125e-10;5.64055e-10;5.45527e-09;1.59675e-07;2.09596e-09;8.72688e-11;4.92102e-09;1.10765e-08;1.28026e-08;4.1759e-12
2.00506e-08;7.34522e-05;0.000109411;8.85116e-08;1.5553e-08;2.75951e-08;4.23356e-10;5.06393e-07;5.64004e-08;8.92089e-10;5.86755e-07;0.999595;4.44145e-07;0.000220193
8.22055e-06;0.546272;0.0061354;2.80209e-05;0.000421672;0.000170739;8.54788e-07;0.00128595;2.10681e-07;1.83941e-06;4.46588e-06;0.0284753;0.416268;0.000926713
1.15412e-06;0.116326;1.81023e-07;4.0928e-06;0.0504141;0.000109521;2.04502e-06;0.795451;9.4526e-07;1.88102e-06;9.6522e-06;0.00211807;0.000128735;0.0354327
6.69067e-07;0.00619349;0.988189;0.000104325;0.00317843;0.000576019;7.5203e-08;2.19011e-05;1.81015e-08;1.0108e-06;7.62587e-07;2.36364e-05;0.00109075;0.00062031
0.000126761;0.562138;5.96757e-06;5.68545e-06;4.79821e-06;7.48388e-06;1.23837e-05;0.0489071;6.69204e-06;3.62834e-07;0.000321058;0.00501093;0.383401;5.24921e-05
9.42274e-07;0.0108776;9.21328e-08;3.85498e-07;5.61754e-05;3.36505e-07;7.9807e-09;0.988908;7.21103e-08;1.02117e-07;1.14344e-07;1.6228e-05;0.000140017;4.29514e-08
3.34926e-05;0.0053909;0.407417;0.000966931;0.00182975;0.000704138;2.11667e-07;0.000221548;4.73272e-07;4.53676e-05;1.26891e-05;0.578243;0.00295046;0.00218459
3.55029e-06;0.990815;1.71436e-10;2.67868e-07;6.44687e-09;1.06691e-08;0.00903779;2.13293e-07;3.08965e-05;1.25393e-05;7.35804e-05;3.2827e-07;5.9027e-06;2.00818e-05
2.50893e-06;0.0042072;0.994022;3.49521e-07;7.06619e-08;6.34311e-07;0.00160384;3.16521e-05;1.20691e-06;0.000106923;2.11678e-06;8.08147e-07;2.03175e-05;4.56303e-08
9.75179e-10;9.17237e-09;0.999999;1.08787e-10;6.57261e-09;2.38629e-10;6.95672e-10;6.08166e-07;1.00576e-09;5.29973e-10;3.57428e-10;7.31676e-09;1.16701e-10;4.95131e-13
3.45169e-06;8.39773e-05;0.000100596;7.97522e-08;1.81375e-05;4.03557e-06;9.00341e-09;0.000608445;5.56185e-06;1.09926e-08;1.55452e-06;0.999088;4.57171e-05;3.99782e-05
3.46599e-05;0.164984;3.37204e-08;0.000143934;0.000706298;0.0030102;1.24232e-05;0.294555;0.0211715;2.64226e-06;0.00231694;0.000687961;0.510376;0.00199893
0.000828765;0.856933;0.00032048;0.000339388;0.00144667;8.35553e-05;1.04311e-06;0.0326175;2.31667e-05;7.96488e-05;7.4647e-05;0.00777097;0.0978322;0.00164929
3.17712e-05;0.0145389;1.97082e-06;7.53926e-05;0.00996435;1.18642e-06;1.67691e-05;0.044212;0.000428171;4.77321e-05;0.000517953;0.929774;0.000131613;0.000258333
0.000154206;0.945054;0.0364096;0.00412634;0.00099382;0.000523951;9.98881e-05;5.79173e-05;4.0002e-05;0.000409096;5.38385e-05;0.000380094;0.00742967;0.0042676
0.00642891;0.955646;9.25507e-06;1.51552e-05;6.46047e-05;7.4172e-06;5.81598e-05;0.0214898;0.00493768;6.96509e-06;0.0011983;0.000289427;0.00920858;0.000640248
0.000256905;0.929388;2.96668e-05;0.000289216;0.000311358;0.000361389;0.000349879;0.0010675;0.000794393;0.00079272;0.000231454;0.0094885;0.0137711;0.0428683
3.81124e-05;0.0240798;1.97679e-07;0.00154542;9.85322e-05;0.000697586;5.04081e-05;0.000792065;0.00630486;8.56647e-05;0.0136885;0.00214154;0.950437;3.991e-05
0.000120557;0.00653346;0.988904;0.000714527;2.245e-05;1.45856e-06;5.21121e-06;1.21283e-05;2.20624e-06;4.04405e-05;3.68602e-05;0.00267646;7.64351e-06;0.000922729
0.00055897;0.296793;7.32828e-07;0.000129609;7.94562e-05;0.000116172;0.00690588;0.14617;0.0077243;0.000270632;0.0443213;3.04395e-06;0.49673;0.000196308
2.52541e-09;3.09736e-10;1;2.70556e-09;7.50426e-09;2.14678e-09;6.73902e-10;1.01728e-09;2.84541e-09;7.85855e-10;1.89655e-08;1.24268e-08;4.16917e-11;9.91763e-11
9.3382e-06;0.000147625;0.969023;3.91313e-06;8.22252e-06;6.63716e-07;5.07402e-08;0.0302564;4.32114e-06;1.98405e-07;5.36272e-07;0.000517798;3.00978e-06;2.4517e-05
1.58011e-06;0.000120566;4.55115e-05;7.8796e-07;0.00010177;0.00019952;2.04125e-09;0.000170313;6.72863e-08;1.68302e-07;3.70243e-07;0.0047612;7.38593e-07;0.994597
2.22499e-05;0.000339679;3.8871e-10;3.79936e-07;7.91715e-06;2.95325e-06;1.1868e-07;0.996899;2.01843e-05;2.59535e-08;2.583e-05;8.8039e-07;0.00268104;1.29882e-07
1.75956e-05;0.992949;2.09942e-06;8.39282e-05;2.38589e-06;2.4309e-07;1.57564e-07;0.00626724;6.98824e-07;2.97871e-07;1.33625e-06;7.94971e-05;0.000588249;7.54443e-06
1.10072e-05;0.98641;1.74944e-09;6.08753e-06;2.317e-06;4.13431e-07;0.000212737;0.0036555;1.2501e-06;0.000381487;1.01347e-05;6.50791e-07;0.00781254;0.00149586
1.51824e-09;3.86955e-09;0.999998;4.98264e-09;6.17744e-08;3.68263e-10;9.17177e-08;4.68221e-08;2.68464e-10;4.42262e-09;5.43369e-08;1.83249e-06;1.92767e-12;1.76168e-09
0.000194316;0.452241;8.44756e-06;0.000638331;0.000381407;0.000160217;0.000173017;0.362487;0.00132735;2.12431e-05;0.00132522;0.0359722;0.143323;0.00174744
0.000189019;0.216144;0.000124001;0.000164542;0.00317653;0.000504378;6.41427e-05;0.402318;3.79174e-05;1.50555e-05;0.000172144;0.185685;0.189343;0.00206233
3.10459e-06;0.117221;5.04106e-09;0.000191466;5.30814e-06;0.0009101;8.52905e-07;0.00328957;2.08644e-05;3.36324e-06;0.000200976;0.00392248;0.873924;0.000306906
1.61547e-06;0.00323604;0.995904;7.61987e-06;1.10004e-06;9.00699e-07;7.51561e-08;2.59569e-05;9.08002e-10;4.61884e-07;1.57925e-08;0.00062121;4.64577e-05;0.000154522
1.31538e-05;0.0193883;2.42402e-09;2.04916e-06;3.39687e-06;3.67128e-07;1.78472e-06;0.0067316;7.83232e-05;1.44464e-07;0.00108013;1.69771e-05;0.972683;5.13879e-07
0.000113468;0.996229;5.59478e-06;0.000126824;4.12492e-06;1.61048e-06;2.51754e-06;0.00156922;3.30489e-05;3.7038e-06;3.12414e-05;0.00110935;0.0006645;0.000106266
1.35086e-05;0.994294;4.64731e-09;2.44633e-06;1.87092e-07;1.73141e-07;0.00174953;0.000712454;1.16693e-05;0.000491121;3.24838e-05;1.4969e-07;0.00137735;0.00131461
3.02961e-09;9.45997e-09;0.999973;7.49822e-09;2.48876e-08;5.72269e-09;1.03345e-08;5.17878e-08;4.28595e-09;3.43626e-09;2.52597e-07;2.7085e-05;2.15796e-10;7.13151e-10
2.73195e-05;0.963981;4.98407e-05;0.000111183;0.000252981;2.6145e-05;1.55099e-05;0.0186005;0.000326101;2.67372e-06;0.000908587;0.000689556;0.0101085;0.0049006
2.80702e-05;0.731454;8.17017e-07;0.00131602;0.00413097;0.00452608;9.75418e-07;0.105784;0.000107883;0.000175655;0.00114686;0.0121948;0.0457635;0.0933707
6.88947e-05;0.0253607;4.68938e-06;0.00139716;0.000451217;0.0133586;4.52661e-05;0.0248199;0.00175111;0.000175661;0.0706017;0.0060833;0.855728;0.000154285
0.000223698;0.0228423;0.972181;0.000199853;0.000118111;3.88211e-05;0.000100285;0.000461833;2.77069e-07;5.39847e-05;9.13697e-06;0.000206345;2.2572e-05;0.00354181
5.85723e-05;0.00950484;1.32793e-08;2.6776e-06;3.57352e-06;4.19016e-07;3.74446e-06;0.0183159;0.000185855;1.34223e-07;0.00181013;2.9951e-05;0.970084;7.62196e-08
7.3086e-05;0.997197;7.84819e-05;5.8376e-05;2.92556e-06;1.16154e-06;3.53242e-06;0.000177656;5.97364e-06;3.9157e-06;5.39613e-06;0.000641653;1.69687e-05;0.00173418
5.86442e-06;0.793376;2.03554e-09;1.42969e-05;5.2205e-06;1.48782e-06;5.69933e-07;0.204627;1.14442e-05;7.80798e-07;6.57256e-05;0.00131977;0.000566731;6.00732e-06
0.00019005;0.00764422;1.32913e-08;1.17188e-05;0.000281228;0.000150908;0.000310709;0.597992;1.19515e-05;4.75386e-06;0.0012374;0.00140793;0.390675;8.16405e-05
1.22393e-05;0.00396479;2.45007e-06;6.34018e-05;0.00103411;4.77914e-05;4.17995e-07;0.00048005;2.19348e-05;3.19996e-07;9.43451e-05;0.953171;0.0053697;0.0357375
0.000143324;0.896879;0.000155727;0.0014429;0.00100857;0.000219048;9.97661e-06;0.0438342;0.000640173;1.99999e-05;0.012832;0.00722638;0.0349096;0.000678702
9.2878e-05;0.476498;5.93871e-07;0.000304661;0.004344;0.0498615;2.34424e-05;0.147315;9.6245e-05;0.000178502;0.000419014;0.0724852;0.0294441;0.218937
0.000147563;0.0515641;2.35324e-05;0.000191636;3.00422e-05;0.000368916;2.60975e-05;0.00088737;4.7916e-05;3.32128e-06;0.0121016;0.0415935;0.892954;6.03239e-05
2.59967e-05;0.959426;4.60443e-08;4.96896e-05;2.58578e-05;0.000186276;6.4714e-07;0.0255579;1.44664e-06;9.21294e-06;1.5848e-06;0.00088901;0.0113349;0.002492
2.64104e-06;0.000159325;3.7997e-09;1.23921e-07;2.92858e-07;4.7546e-07;1.41726e-08;0.00770621;2.63725e-07;6.94111e-09;1.99026e-06;4.63999e-05;0.992082;1.46753e-07
1.00464e-05;0.00403553;2.97751e-07;0.000101953;1.81595e-06;4.49516e-07;1.19775e-06;9.95142e-05;0.000365097;5.50956e-06;0.000147269;0.994617;0.000590465;2.37221e-05
2.74685e-05;0.997865;6.23428e-06;0.000250164;4.08448e-06;8.36589e-07;2.45774e-06;0.000836335;9.19263e-06;2.25753e-06;1.54441e-05;0.000744669;0.000234608;8.09212e-07
5.5324e-07;4.62787e-05;2.92808e-11;2.12344e-09;3.68473e-07;6.00914e-10;4.77394e-09;0.999952;6.22928e-08;1.59591e-09;1.40451e-08;1.18238e-07;2.40925e-07;2.75882e-07
2.33584e-06;0.00397691;4.07953e-05;6.5364e-05;0.00208013;0.000675806;1.92556e-05;0.00243494;3.23635e-06;9.73463e-05;8.80111e-06;4.77619e-05;1.96728e-05;0.990528
9.08953e-08;1.21605e-07;0.999991;1.28771e-07;1.83194e-10;3.79968e-10;8.2187e-08;5.666e-06;1.5928e-07;4.48979e-10;2.26339e-06;6.21811e-08;2.79475e-07;2.9855e-10
8.15206e-07;0.015176;0.00125767;2.14432e-05;5.48613e-07;1.64853e-07;5.92588e-06;0.000184838;1.63119e-06;4.42847e-07;5.70699e-06;0.000568351;0.000478819;0.982298
2.81939e-08;1.41498e-05;1.17271e-10;9.57753e-08;0.000612795;1.3989e-06;8.6585e-08;0.999368;9.25128e-07;1.8796e-08;8.10151e-08;1.28772e-08;1.72982e-06;1.0903e-06
1.09993e-10;3.70023e-08;0.999994;1.91315e-08;2.71229e-06;3.40947e-08;9.35354e-13;2.05296e-09;1.49145e-13;1.12449e-10;7.03354e-11;2.70555e-06;1.03386e-09;2.07301e-07
4.11407e-09;0.999164;1.49105e-10;2.03854e-09;1.28364e-08;8.72061e-10;5.62043e-06;0.00075905;7.95825e-09;1.36045e-09;9.79456e-08;1.04069e-11;7.15171e-05;1.00078e-08
8.63919e-11;1.72844e-08;1;2.39631e-10;4.27943e-10;4.0031e-12;6.44091e-09;7.81128e-09;3.12957e-11;9.26818e-11;2.48684e-10;2.87905e-09;1.53504e-11;3.09048e-11
5.62293e-07;0.356404;3.49561e-05;1.65912e-06;1.85652e-07;3.06363e-08;9.31026e-08;0.00241241;1.6727e-06;9.01476e-09;7.00167e-06;0.634977;0.00597278;0.000187274
1.42114e-06;0.968786;9.36668e-08;1.79204e-05;3.10928e-06;2.16759e-06;1.00391e-05;0.00280399;5.35489e-06;2.05344e-07;1.28125e-05;0.00443645;0.0222542;0.00166654
1.81801e-07;0.957281;1.20008e-08;3.64309e-07;1.60707e-06;7.25872e-08;3.31414e-09;0.0255273;1.97672e-08;2.57825e-08;4.00838e-08;0.0169611;0.000195635;3.24828e-05
1.68167e-06;0.0165025;2.74459e-06;6.14109e-06;4.4981e-06;0.00107333;4.34741e-06;0.000136503;8.57745e-07;9.22735e-06;3.5303e-06;1.74438e-05;0.980928;0.0013088
1.07443e-06;8.07678e-05;0.985554;1.16266e-05;2.5585e-07;6.14636e-07;0.000202575;5.65675e-08;2.93238e-08;8.23713e-05;2.0091e-06;0.0140544;6.81438e-06;4.05053e-06
6.21367e-08;1.2711e-08;0.999991;1.75579e-08;5.13558e-09;1.10803e-09;3.60575e-06;1.261e-08;9.79161e-08;4.3207e-09;4.68644e-06;5.38581e-08;2.59808e-10;5.06914e-10
3.48704e-07;0.00390785;1.87198e-10;3.04758e-08;6.82437e-05;3.49814e-09;1.3535e-07;0.996016;2.20964e-06;4.1152e-08;9.91717e-08;4.99957e-07;3.20754e-06;1.10536e-06
3.62845e-07;0.000533307;0.99065;2.02721e-06;1.78879e-05;2.68884e-06;4.14904e-08;5.22657e-06;2.57225e-09;3.91888e-07;1.40012e-07;0.00860976;0.000174525;3.39783e-06
0.000143151;0.432839;7.52381e-07;1.44488e-06;6.51984e-05;1.04868e-05;5.48146e-05;0.543671;2.6293e-05;2.61107e-07;9.03908e-05;0.000230394;0.0228442;2.26413e-05
0.000117448;0.934058;2.7493e-08;0.00446956;0.000493463;7.2094e-05;7.37631e-06;0.00693982;0.000401964;8.7604e-05;4.92401e-05;0.0123095;0.0227489;0.0182455
0.000403121;0.368414;1.98864e-09;1.04338e-05;2.84326e-05;1.93169e-08;1.37141e-05;0.629751;0.000195428;1.17105e-05;0.00010305;0.000825365;0.000175589;6.79741e-05
0.000212853;0.0313791;0.623604;0.000278739;0.000420971;9.72836e-06;3.12757e-06;6.0869e-05;2.30631e-06;3.66066e-05;0.000112236;0.332171;0.0105825;0.0011259
4.71661e-05;0.992032;4.3578e-08;2.06086e-07;3.55917e-05;5.04114e-06;5.7761e-06;0.00702021;4.3872e-05;3.66532e-07;2.17607e-05;1.49426e-05;0.000768786;4.58083e-06
0.000343004;0.518789;1.70441e-09;4.68903e-05;0.000103788;2.5102e-05;2.99517e-05;0.000830468;0.00386933;3.89432e-05;0.00039413;0.313996;0.161325;0.000209056
0.143495;0.0580403;4.15989e-06;1.64131e-06;0.000778728;8.08205e-07;1.07096e-05;0.788031;0.0016797;1.29843e-06;2.29809e-05;0.00698059;0.000911037;4.24456e-05
0.000556636;0.736831;3.45816e-05;0.000134432;0.000541784;0.000571105;0.000151091;0.108594;0.0183108;3.40937e-05;0.000113055;0.0336985;0.0029963;0.0974323
4.32128e-05;0.00571719;1.11077e-07;7.63453e-06;4.54699e-05;2.54475e-06;1.21562e-07;0.509016;2.00631e-05;1.02283e-06;1.84558e-05;0.00210451;0.483019;4.88888e-06
0.000181106;0.980073;1.71273e-05;8.57009e-06;3.20349e-06;7.36351e-06;0.00395481;0.00211764;1.12524e-05;0.00347526;1.578e-06;0.000728408;0.00227099;0.00714963
3.61785e-09;2.86683e-09;0.999999;1.12491e-08;5.6719e-09;2.18852e-08;6.46749e-09;3.18487e-08;1.38543e-08;8.45289e-10;1.14107e-08;1.28371e-06;2.63845e-10;4.80266e-11
1.84578e-06;0.806736;0.000413719;4.402e-06;7.27534e-07;1.83021e-05;3.54368e-07;0.00360674;4.08902e-07;9.11106e-07;8.53637e-07;0.169001;0.00283514;0.0173791
2.00511e-08;5.78953e-05;9.56294e-11;1.56271e-07;1.43413e-06;9.93538e-06;4.38843e-09;0.000630813;3.72653e-08;8.99641e-09;3.39583e-06;1.37233e-06;0.999291;3.84241e-06
1.4982e-07;0.000297387;3.78483e-07;1.95381e-06;6.8054e-07;2.82686e-06;1.25274e-09;3.53153e-05;6.11847e-08;1.41774e-08;1.76816e-06;0.997347;0.002309;3.60417e-06
1.81137e-06;0.0115521;4.01569e-06;9.78795e-06;0.00390481;0.00168007;7.31849e-07;0.976071;9.47702e-08;8.23417e-07;6.18538e-06;0.00131298;0.00283272;0.00262286
2.30469e-05;0.0007854;8.83331e-09;8.09464e-06;0.000101032;4.3148e-05;2.22416e-07;0.896817;2.14245e-06;2.85935e-07;9.81055e-05;0.000100496;0.101965;5.58312e-05
0.00171598;0.010536;0.000450727;5.6336e-05;3.75801e-05;2.41657e-05;4.48916e-06;0.0735412;7.6143e-05;6.68059e-06;0.000256;0.90249;0.0104794;0.000325061
4.93597e-06;0.112816;2.24363e-06;2.0284e-05;2.03995e-05;4.35514e-06;8.89364e-07;0.00648029;1.25138e-05;6.85086e-07;8.10365e-05;0.878288;0.00222439;4.40363e-05
1.61663e-05;0.0524809;0.000117914;4.64698e-06;8.32524e-06;1.02617e-08;9.21848e-07;0.938305;1.82219e-06;1.26205e-07;2.48972e-05;0.00841437;0.000624871;7.73327e-08
0.000168302;0.182488;0.000221215;0.00210073;0.02092;0.000822437;2.01967e-06;0.00158936;0.000282104;0.000138972;0.000314434;0.655674;0.00445757;0.130822
0.00815074;0.0592704;8.83113e-07;0.000214354;0.000173774;6.59791e-05;0.00036158;0.00239461;0.860056;0.000110363;0.0423209;0.0196629;0.00702911;0.000188418
4.4567e-06;8.26427e-06;1.0637e-11;5.10534e-10;7.75903e-08;6.80641e-10;2.73971e-10;0.999974;8.72917e-06;5.51929e-10;3.24566e-08;1.14441e-08;4.05091e-06;2.61468e-09
4.63188e-05;0.109163;8.27284e-06;1.44139e-05;1.16995e-05;0.000201715;1.10277e-05;1.77778e-05;3.08115e-06;0.0018088;4.20071e-07;3.39778e-05;0.000607055;0.888073
2.92019e-08;4.71014e-08;0.999998;9.97691e-09;1.09951e-10;2.77785e-09;1.30833e-06;1.24734e-09;9.7852e-08;2.36863e-07;3.41773e-07;1.178e-07;1.92454e-12;4.7962e-09
4.41452e-08;1.27229e-07;0.999995;3.09272e-09;1.16936e-09;1.60593e-11;7.66511e-08;4.04315e-06;1.04208e-07;3.25334e-10;3.58206e-08;9.59874e-07;8.01983e-10;8.48541e-12
0.000667583;0.00377125;7.25267e-05;0.0002938;0.00203911;0.000605092;0.000374732;0.458775;0.271505;0.000234424;0.0199727;0.206344;0.0066275;0.0287164
1.14176e-06;0.996467;1.74029e-07;8.12508e-08;6.7447e-07;1.87142e-07;0.00279685;0.000445899;2.38013e-07;8.06848e-05;2.98375e-07;9.74418e-08;1.53811e-07;0.000206446
8.54862e-11;2.61635e-10;0.999998;1.1205e-10;2.58684e-09;2.71535e-10;3.06603e-10;7.36393e-10;2.04038e-12;1.2522e-10;2.17615e-11;1.90615e-06;5.71065e-13;3.89469e-10
4.76839e-05;0.933563;6.95736e-05;6.0167e-06;2.27905e-05;1.13367e-05;0.00591833;0.0517915;1.51923e-05;5.61424e-05;7.79592e-05;5.88969e-06;0.00829623;0.000118435
1.47529e-11;2.92755e-11;1;2.83814e-11;2.54034e-11;1.89089e-12;3.3767e-11;2.06132e-11;6.97352e-12;3.97305e-12;3.09852e-11;2.02164e-08;2.89397e-13;2.14155e-12
1.16095e-05;0.061228;0.845681;2.06457e-05;1.74302e-05;4.13594e-06;2.85634e-05;0.00151685;6.69906e-06;6.52409e-06;2.66303e-05;0.0910095;1.757e-05;0.000424541
5.4187e-06;0.000831652;0.000781684;2.75284e-06;0.00608162;0.685329;1.76904e-06;8.07908e-05;6.19606e-07;1.0137e-06;1.10423e-05;0.000349821;0.0303085;0.276215
1.42366e-05;0.00906817;1.01187e-06;0.000128001;0.0391967;0.0977636;4.00956e-07;0.00287771;0.000121534;9.81912e-06;0.000111924;0.00218321;0.0491618;0.799362
0.000503618;0.978631;0.00338406;8.67957e-05;0.00307878;2.7862e-05;1.25117e-07;0.00574388;1.0923e-06;2.74635e-07;3.05789e-06;0.00582154;0.00270572;1.27339e-05
3.92931e-05;0.811915;5.90021e-09;2.26032e-07;9.90408e-06;5.11555e-07;2.80867e-05;0.184271;1.75055e-06;9.70479e-06;2.53091e-07;3.27087e-07;0.00369475;2.95866e-05
5.70565e-10;1.1166e-09;0.999999;3.64411e-10;1.41804e-08;1.46283e-10;6.85485e-10;6.57929e-08;8.43052e-11;1.77908e-10;1.41037e-10;1.40106e-06;1.0119e-11;2.61394e-11
2.85777e-05;0.224269;5.10584e-05;7.58177e-05;0.000115384;2.14606e-05;1.89987e-05;0.0700996;0.000281787;8.46416e-06;4.30583e-05;0.641975;0.0624315;0.000580433
3.43705e-05;0.0603849;3.94722e-06;0.000155002;0.00203936;0.000583513;2.91881e-05;0.353243;4.23531e-05;5.0927e-06;8.63831e-05;0.448546;0.134304;0.000542828
1.19579e-06;0.480686;1.09107e-09;5.14321e-05;4.09565e-06;3.53901e-05;6.60626e-07;0.00734378;2.18054e-06;2.46761e-06;1.5194e-06;0.000509382;0.510706;0.000656182
1.27359e-06;0.0066018;0.983412;3.26465e-05;2.13824e-07;3.8223e-07;6.80527e-07;2.29649e-07;1.45631e-09;4.12856e-07;1.29024e-08;0.00942394;2.23799e-06;0.000524424
0.00117311;0.0548202;1.24716e-09;5.21072e-05;0.000101356;5.09648e-06;0.000106239;0.258018;0.00850566;2.29327e-06;0.015166;0.000151635;0.661868;2.97108e-05
0.000517131;0.913641;0.00128245;0.000525403;7.9476e-05;2.44462e-05;1.09682e-05;0.000142273;2.34862e-05;1.23096e-05;2.10162e-05;0.008286;0.0724542;0.00297931
6.6618e-06;0.0103527;2.57499e-09;8.05272e-08;3.23005e-05;2.2295e-07;1.55841e-07;0.988868;1.00009e-06;2.53836e-07;1.01915e-07;2.92839e-05;0.000678664;3.06119e-05
2.78444e-06;0.000437547;0.995386;1.26353e-05;0.000419586;0.00163117;3.53262e-09;7.82955e-05;5.55566e-08;1.81186e-06;1.00646e-06;0.00195405;8.23461e-06;6.6709e-05
6.0531e-08;0.00645064;4.55449e-10;7.91659e-08;1.46414e-11;8.39872e-08;0.993424;1.09964e-07;1.12699e-05;5.31325e-05;4.04866e-05;3.18885e-12;9.45936e-06;1.10332e-05
6.43113e-12;8.33822e-12;1;7.61935e-11;1.0109e-12;2.74976e-12;2.63787e-09;2.32718e-10;8.43911e-11;1.55593e-10;1.77993e-09;6.99491e-12;2.24033e-15;4.1254e-15
