4.29162e-06;0.99977;1.58648e-07;1.53516e-05;6.9572e-08;3.17924e-08;2.76351e-07;0.000162874;1.15162e-06;1.1932e-07;6.87045e-07;1.34723e-05;3.17903e-05;4.94477e-08
8.36095e-07;7.30596e-05;0.999914;2.36307e-06;2.45481e-07;9.10915e-09;1.1354e-06;2.94311e-07;1.73068e-07;2.0451e-08;7.75918e-07;5.88325e-06;6.1096e-07;3.08501e-07
1.45477e-05;0.913132;2.71198e-07;1.04827e-05;0.00160383;1.9789e-06;1.69779e-06;0.0716495;9.44699e-06;1.25879e-07;9.51318e-06;0.00874311;0.000522985;0.0042999
9.24868e-06;0.0133935;3.24853e-10;3.19465e-06;0.000315668;5.85616e-08;2.32257e-06;0.984999;0.000541884;2.43806e-06;1.66596e-05;0.000513261;0.00019522;7.54442e-06
2.31631e-05;0.00898024;0.990099;3.24377e-05;6.60387e-05;3.7855e-06;9.85357e-09;3.04175e-05;3.47971e-07;1.21185e-07;7.47746e-07;0.000714659;8.68812e-06;4.01947e-05
1.8204e-05;0.975399;1.62356e-07;4.80568e-05;1.34678e-05;1.47437e-05;1.0933e-05;0.0127346;0.0025657;2.03297e-07;0.00265675;0.00105234;0.00269036;0.00279523
5.25285e-05;0.119182;7.54454e-07;0.000101973;1.24565e-05;2.7732e-05;5.57701e-07;0.00705037;8.72576e-05;1.40758e-05;6.14358e-05;0.00732705;0.865895;0.00018674
1.30383e-05;0.0472603;6.67879e-06;5.98901e-06;0.000179111;3.77204e-06;3.43226e-07;0.003936;1.69536e-07;2.12026e-06;9.97376e-08;0.94642;0.00180485;0.000367045
2.73093e-05;0.00219745;0.000273233;0.00083448;0.0329578;0.000666406;2.03129e-05;0.465347;3.07285e-06;1.67728e-05;1.29091e-05;0.352117;0.00299434;0.142532
1.62456e-05;0.0843942;8.01003e-07;4.86443e-05;0.000338045;6.20787e-06;0.00223301;0.908417;0.00068541;1.17878e-05;0.000931053;1.82905e-05;0.00289619;2.87039e-06
6.7102e-05;0.000823916;0.979672;0.000725738;0.00543171;0.000389304;2.21096e-07;6.28263e-05;1.21847e-06;1.77468e-05;4.16034e-05;0.0114694;0.000144809;0.0011528
1.00565e-05;0.98129;3.30778e-09;1.2875e-05;1.1308e-05;2.43141e-06;5.61182e-05;0.0138663;0.00262599;1.20686e-06;0.000247603;3.71731e-06;0.00175361;0.000118992
1.08065e-06;0.000918582;3.4299e-11;2.88777e-07;9.22705e-05;8.6366e-09;3.86533e-08;0.998944;1.50982e-06;2.1707e-07;6.14127e-08;1.21657e-06;3.96695e-05;1.01518e-06
1.38483e-06;0.000792723;0.998895;8.95565e-06;3.63566e-05;5.13168e-05;3.01871e-06;3.0015e-05;2.47252e-07;6.83697e-05;1.74823e-06;3.40376e-06;0.000102524;4.92379e-06
6.19196e-08;1.39533e-08;1;1.14781e-09;3.36088e-09;1.01466e-09;2.86405e-08;2.45627e-08;2.95379e-08;2.30019e-10;9.64155e-08;2.47993e-07;6.53978e-10;5.67749e-12
3.7379e-07;0.00015646;0.000229692;2.25099e-08;8.35094e-08;4.51087e-08;6.32429e-09;1.53566e-06;1.06921e-05;3.34448e-09;7.37475e-07;0.999597;1.01086e-06;2.04633e-06
0.000251557;0.977572;3.58118e-07;2.00466e-06;3.98417e-05;0.000742554;0.000108631;0.00026498;0.00155691;6.06088e-06;4.60119e-05;3.69018e-05;0.0188152;0.000556554
0.0021418;0.0155315;8.58622e-05;9.18646e-06;0.0187765;0.000496578;3.34592e-07;0.0151516;0.000841578;1.19108e-06;4.13594e-06;0.926911;0.0180677;0.00198119
1.9082e-05;0.980924;1.21842e-08;9.86749e-09;1.69229e-05;2.24243e-07;4.7102e-06;0.0146233;3.1109e-07;7.90062e-07;1.67587e-10;1.5523e-09;2.73213e-05;0.00438331
3.9137e-12;1.90079e-10;1;2.41815e-13;2.90625e-12;1.95418e-14;2.06609e-13;4.9801e-09;1.6246e-13;1.443e-13;1.41885e-14;5.08409e-10;1.14183e-14;6.4668e-14
2.42674e-06;0.000844911;7.04586e-05;1.15335e-05;0.000111956;6.45766e-05;8.37512e-07;0.997246;0.000203095;4.40982e-06;1.37478e-05;0.000787391;0.000625175;1.30089e-05
