3.99375e-06;0.999661;3.84982e-06;1.14194e-05;1.14743e-06;8.13119e-08;2.74131e-07;0.000176534;1.30753e-07;2.47337e-07;2.45704e-07;0.000124762;1.43517e-05;1.91223e-06
2.05242e-06;5.54481e-05;1.39392e-11;1.06976e-08;1.29468e-07;4.01382e-09;6.63239e-08;0.999884;1.27957e-05;7.94667e-09;7.32628e-07;3.06197e-09;4.49201e-05;2.22291e-07
6.63942e-06;0.0002685;4.13488e-06;2.59281e-06;2.01152e-05;2.9824e-08;2.33147e-07;0.00032615;5.55977e-05;6.30169e-08;3.23658e-06;0.999109;1.60618e-06;0.000202501
9.14837e-06;0.549651;7.10879e-09;3.93893e-06;8.74051e-06;2.40603e-07;4.37206e-06;0.00284242;1.63187e-05;2.37698e-08;5.93041e-06;1.19828e-05;0.447427;1.86352e-05
2.97502e-06;0.00320514;2.67095e-06;0.000136298;3.78901e-05;1.34789e-05;4.54379e-08;0.00924666;3.54987e-05;1.099e-06;1.55052e-05;0.985645;0.000727961;0.000929585
1.10301e-05;0.0173006;3.61419e-08;2.51962e-05;2.09623e-07;8.8962e-06;1.08725e-06;0.00296516;1.09549e-05;6.74508e-08;8.65575e-05;0.0047086;0.974868;1.35363e-05
8.85015e-06;0.0258587;3.567e-07;7.75814e-06;2.6539e-06;2.6433e-06;4.22423e-08;0.00300785;6.89098e-06;2.135e-07;0.000157964;0.969388;0.00138274;0.000175793
8.88014e-07;0.961158;1.9458e-05;3.43185e-05;8.71279e-05;0.000350935;6.10367e-05;2.37023e-06;5.00982e-09;0.00159297;2.23345e-06;7.23877e-07;1.31496e-06;0.0366884
6.52786e-09;9.77655e-09;0.999992;7.76849e-09;1.95582e-08;1.18894e-08;4.56921e-08;4.17519e-08;7.99143e-10;9.09752e-10;7.29768e-08;7.35412e-06;1.30906e-10;2.82398e-10
3.3997e-05;0.0155521;3.53954e-07;7.46315e-05;1.6501e-06;0.000110821;4.20773e-05;0.000508346;0.00262344;1.63021e-05;0.0290974;0.000357043;0.951582;1.67434e-07
7.62335e-07;0.00118762;0.995839;1.0957e-06;7.89102e-07;1.25449e-07;2.26013e-08;8.71849e-06;2.25111e-08;5.86279e-08;7.19471e-07;0.00294828;1.28298e-05;3.23361e-07
1.53535e-06;0.994043;4.62365e-08;1.36859e-06;8.74148e-05;5.12772e-06;0.000168529;0.00478077;2.53014e-06;5.11776e-05;1.38065e-05;2.01417e-05;0.000183619;0.000641521
1.26702e-07;1.40022e-06;0.99998;5.84253e-07;1.67114e-06;1.21152e-06;3.99493e-08;6.22936e-08;3.16496e-09;9.74121e-08;2.60826e-07;1.313e-05;1.02178e-06;6.47942e-08
8.48031e-05;0.992917;0.000259944;4.8128e-06;1.16005e-05;1.35542e-05;6.00417e-05;0.00299483;1.22065e-06;7.45881e-06;1.37206e-05;0.00302093;0.000578306;3.1246e-05
7.12883e-05;0.676679;7.87175e-05;8.96721e-06;0.00104255;0.000472356;1.31319e-05;0.0126181;2.01778e-05;4.00631e-06;7.81204e-05;0.238594;0.063997;0.00632306
7.32503e-06;0.0013493;7.80976e-07;7.30821e-07;1.47876e-05;3.10931e-05;2.65094e-08;0.000261192;5.91474e-06;1.09024e-07;8.50297e-07;0.000324938;0.9976;0.000403307
1.89482e-05;0.000321233;0.00166882;9.02612e-06;0.000185278;9.19665e-06;1.00267e-07;0.000668144;0.000220638;6.23351e-07;1.54978e-05;0.99625;0.000624522;7.78339e-06
2.78454e-05;0.0450141;5.91386e-07;1.8636e-08;4.52409e-05;6.07134e-07;2.77936e-08;0.954805;5.07158e-07;4.19702e-08;2.50696e-09;2.18554e-06;0.000101366;2.20272e-06
0.000152973;0.313907;0.000124839;0.000238512;0.000486635;0.000195523;1.67164e-05;0.00770199;0.000468111;1.05147e-05;9.63997e-05;0.655647;0.00759154;0.013363
1.70108e-05;0.873366;2.04767e-07;0.000103642;2.14094e-05;4.4229e-05;1.72067e-06;0.0990391;3.39714e-05;3.53459e-05;2.44932e-05;0.0264867;0.000358246;0.000467804
0.00605119;0.610075;6.91702e-08;0.000552303;8.23906e-05;0.000106652;0.0110143;0.030124;0.0217778;0.000339039;0.111902;0.00484826;0.203029;9.81105e-05
0.000964175;0.679206;2.54547e-05;7.92905e-06;1.78491e-06;6.56051e-07;3.39226e-05;0.00312129;6.22754e-05;2.11178e-07;4.02173e-05;0.2753;0.0412335;2.42584e-06
0.000395411;0.734481;9.48275e-08;8.22284e-05;3.30155e-05;9.62432e-06;0.00484784;0.000222593;8.25795e-05;0.000892737;1.04448e-05;0.0899637;0.000233515;0.168745
1.95686e-05;2.18771e-05;0.998719;7.24191e-06;1.14528e-06;2.36832e-05;0.000457256;1.04126e-05;2.55108e-05;5.89939e-07;5.93209e-05;0.000164678;0.000489423;8.53591e-07
3.0067e-05;0.939679;4.94953e-06;2.74712e-05;0.000165343;2.52235e-05;7.2424e-06;0.0175613;4.8619e-05;2.80052e-06;4.30945e-05;0.00263485;0.0396787;9.11887e-05
2.07209e-05;0.931247;6.06438e-08;4.94651e-05;0.000344006;5.91264e-06;0.000212258;0.000925046;1.89981e-05;0.00521419;1.59326e-06;0.000144476;4.42823e-05;0.0617724
3.03588e-08;1.14892e-06;0.999994;1.22411e-08;5.56676e-07;3.03067e-07;1.93969e-06;2.01387e-06;1.21878e-08;2.79541e-07;6.88508e-09;5.39544e-09;1.71609e-07;7.02022e-09
2.57153e-08;2.09645e-08;0.999999;2.75856e-09;3.24324e-09;7.50948e-10;1.83492e-08;2.96895e-07;1.97149e-07;3.89854e-10;5.59688e-08;1.38239e-08;1.37763e-07;5.04448e-12
4.82313e-08;1.26146e-06;0.999116;4.19017e-08;1.82888e-07;6.37586e-09;2.9845e-09;1.64918e-05;6.06351e-08;4.20845e-09;2.30555e-08;0.000862434;4.33152e-09;3.97126e-06
3.21641e-08;4.66408e-05;1.67853e-06;1.22537e-07;5.47374e-05;5.85212e-05;1.3454e-10;1.87678e-05;1.68476e-09;2.20258e-08;4.60606e-09;4.40491e-05;2.17867e-08;0.999775
0.000116219;0.182021;7.95161e-07;3.63789e-06;2.29098e-05;2.88558e-05;7.15166e-07;0.670404;5.73935e-06;8.26417e-08;2.87443e-05;0.000128868;0.147234;3.70026e-06
5.11698e-06;0.861365;6.78117e-09;3.91928e-06;1.18986e-05;6.18964e-06;1.37136e-08;0.0934132;3.27801e-07;6.96549e-08;8.26899e-08;0.00210446;0.0409464;0.00214357
2.98825e-06;0.0344819;4.84256e-05;0.000217438;0.0012551;7.99174e-06;2.50057e-07;0.01108;1.19517e-07;6.38872e-06;5.34204e-06;0.905118;0.000596004;0.04718
7.18649e-08;0.976632;7.29474e-10;7.05037e-06;5.72297e-08;5.14632e-09;0.00183132;3.32589e-07;2.33707e-07;5.26331e-05;5.30587e-06;1.20959e-08;4.22127e-06;0.0214666
3.80622e-06;0.000267709;2.42107e-07;2.67875e-05;1.16621e-08;2.58877e-07;0.803857;1.76535e-05;0.00941125;7.66358e-07;0.185916;2.19526e-08;0.00049867;4.49011e-09
7.86495e-06;0.995965;9.93106e-09;1.54002e-06;3.62863e-07;1.65748e-07;6.12948e-07;0.003916;4.99375e-06;4.08581e-07;1.13812e-06;4.95533e-06;9.47678e-05;2.1311e-06
2.47761e-05;0.914978;8.02456e-07;7.39323e-07;4.87507e-06;1.96926e-07;4.81688e-06;1.05971e-05;7.3351e-07;1.89636e-06;3.81295e-07;0.00143979;0.0834411;9.18373e-05
5.64918e-05;0.75044;8.62039e-06;1.33096e-05;0.00122027;5.33937e-06;5.06255e-05;0.131019;4.56319e-05;8.41891e-06;1.6241e-05;0.0553511;0.00487182;0.0568926
3.64354e-05;0.955606;6.48373e-06;1.88792e-05;0.00070326;6.67241e-08;4.69152e-05;0.000409826;0.000351409;2.66771e-07;6.27875e-05;0.0382423;3.61951e-05;0.00447955
6.58782e-06;0.0335104;6.97497e-08;9.6683e-07;9.90243e-06;5.89517e-06;7.56616e-08;0.0154054;1.61907e-06;3.38286e-08;1.58156e-06;0.897574;0.0534481;3.51819e-05
1.71657e-06;0.0813781;8.59292e-09;1.22734e-06;1.15448e-06;1.76024e-06;1.20495e-07;0.000119307;5.32726e-07;3.06664e-08;4.29744e-06;0.0175578;0.900922;1.18443e-05
2.38155e-05;0.0676137;0.000239542;2.36898e-06;6.53087e-05;0.000797177;2.04038e-06;0.00472108;2.77e-07;2.78859e-05;1.71206e-07;0.000562405;0.925173;0.000770996
4.15837e-09;6.90603e-09;0.999995;1.14922e-08;3.65265e-08;4.44792e-08;5.26965e-09;1.81884e-08;2.00566e-09;8.59098e-10;4.41933e-09;5.09247e-06;4.63377e-09;5.09136e-10
3.37216e-07;0.000422983;0.978136;1.29734e-06;1.593e-07;1.07918e-06;1.70816e-07;7.72364e-05;1.5411e-07;6.94941e-08;5.25862e-07;0.0213053;5.02109e-06;4.97284e-05
1.33273e-07;0.00298075;5.41252e-07;7.99921e-07;0.000109301;0.0128006;8.17033e-06;1.29424e-06;1.35631e-07;5.04712e-05;3.2862e-07;3.42719e-08;4.87044e-07;0.984047
8.25222e-11;3.50334e-09;0.999942;2.65411e-09;2.05288e-08;9.17693e-09;1.3469e-10;8.58737e-10;1.6543e-12;5.76803e-11;4.5083e-10;5.78704e-05;2.29429e-12;4.16187e-09
1.18265e-07;0.00230456;1.47951e-07;6.84665e-08;0.000131899;6.14731e-07;1.08724e-11;0.997332;1.59212e-09;1.90619e-10;2.14367e-07;0.000205625;1.95728e-05;5.20606e-06
2.44349e-08;0.991196;3.1424e-08;3.1947e-07;1.11036e-06;8.85825e-07;9.88137e-06;0.000208638;9.36275e-10;2.33818e-06;2.11901e-08;3.19399e-06;0.00170317;0.00687413
3.48082e-05;0.22312;0.00128061;0.000747116;5.19055e-05;0.000308187;0.027828;0.435978;0.00042566;2.43231e-05;0.0142525;0.000113057;0.295835;1.89538e-06
3.14666e-07;0.999745;2.50349e-07;1.90853e-06;1.18768e-06;3.78904e-08;1.59287e-08;0.000153852;8.40143e-10;6.74522e-08;9.35579e-09;7.95683e-05;1.78853e-05;1.49944e-07
8.54965e-07;0.998145;7.09414e-10;1.83397e-08;5.54781e-08;8.53628e-09;1.86287e-07;9.34511e-06;3.20571e-09;1.16535e-08;8.13953e-09;1.7298e-05;0.00182051;6.49005e-06
1.00634e-09;4.08997e-07;7.47733e-09;4.49672e-08;5.11017e-07;1.87468e-08;3.47459e-11;2.12798e-07;9.43827e-09;2.01925e-11;3.08359e-08;0.99996;7.70706e-08;3.86658e-05
2.18596e-06;0.0102283;2.56997e-09;2.04196e-06;1.82378e-08;1.06449e-07;2.14012e-06;0.000805647;9.24969e-06;3.71923e-09;1.29941e-05;2.33552e-06;0.988935;1.24537e-07
5.98976e-07;4.8188e-05;1.2677e-08;6.454e-07;1.38444e-07;5.27099e-08;7.45362e-10;3.63216e-05;3.80694e-06;2.52793e-09;1.69078e-06;0.999614;0.000290264;4.33029e-06
8.50817e-06;0.989997;1.84224e-08;7.03328e-06;1.26511e-05;1.05984e-05;2.21826e-06;3.29899e-05;4.37765e-07;4.92078e-07;1.55309e-06;3.41282e-05;0.0097813;0.000110728
4.49652e-08;0.000699084;1.20855e-08;1.47291e-07;3.73417e-08;6.57153e-09;4.94843e-10;5.47863e-06;5.81585e-09;1.46771e-10;2.62525e-08;0.999279;1.2643e-05;3.32195e-06
5.53244e-06;0.0818378;3.14644e-07;6.35898e-06;0.00486581;0.000459649;5.37982e-07;0.0874966;4.66485e-08;1.32731e-06;1.97749e-07;1.39341e-05;0.822671;0.0026405
1.56289e-07;6.92179e-06;1.32503e-07;7.79581e-07;4.87842e-08;0.00199106;1.2543e-06;4.51055e-08;3.10705e-07;1.60441e-06;1.1415e-06;4.52708e-07;0.997994;1.98356e-06
1.57032e-08;9.10983e-08;1;2.39824e-08;5.34903e-09;4.76545e-09;1.08984e-09;1.18293e-09;2.27854e-11;1.43029e-09;2.58172e-10;1.01341e-07;3.75161e-10;5.947e-09
2.37846e-05;0.986545;1.62829e-06;9.67336e-05;0.000115778;0.000161259;0.000150769;0.00583691;0.00128012;3.33742e-06;0.00158356;1.50681e-05;0.00363731;0.00054914
