2.41959e-05;0.990014;4.64177e-08;2.63082e-06;4.15645e-06;2.05326e-07;0.00571536;0.00330354;2.2374e-05;0.000180916;5.57388e-06;1.85796e-07;8.52552e-05;0.000641405
3.25887e-10;4.50629e-10;1;2.66318e-10;9.98923e-12;1.91763e-13;5.28917e-08;1.95384e-09;3.84373e-10;2.48464e-10;1.71323e-09;1.2668e-08;1.07837e-13;2.96186e-12
2.29525e-05;0.000134021;7.78496e-07;2.34164e-06;0.000339152;1.18848e-06;1.07242e-06;0.0192753;3.00042e-05;4.64858e-08;1.90148e-05;0.978085;1.55904e-05;0.00207376
9.3223e-08;0.000886292;2.24232e-09;4.3353e-08;7.76439e-05;1.70927e-06;1.25798e-07;0.00145017;2.65528e-09;1.46342e-08;2.10859e-07;3.71913e-05;0.997526;2.008e-05
4.96744e-06;0.00290595;9.87555e-07;7.6287e-06;6.7993e-06;0.000289157;2.4694e-06;4.24932e-05;4.22263e-06;3.60556e-06;1.14989e-05;0.000625901;0.995951;0.000143566
6.85482e-07;2.22757e-05;0.999965;6.95666e-07;6.39958e-07;2.69131e-08;5.35305e-09;3.58511e-07;5.09819e-10;2.00891e-08;1.08624e-09;8.40843e-06;7.56461e-08;1.50851e-06
6.50038e-06;0.283327;2.74125e-09;5.39946e-06;0.0310663;9.3847e-07;2.21566e-05;0.684858;0.000383718;3.6414e-07;4.83602e-05;6.37616e-05;0.000201627;1.62971e-05
3.88813e-05;0.0722396;0.920383;0.000929806;0.000295198;0.000436553;1.49067e-05;7.10511e-06;2.70638e-06;0.000109144;6.31565e-05;0.00017561;0.00229899;0.00300538
2.35709e-05;0.907747;1.97042e-08;8.58175e-08;1.96935e-08;2.08352e-07;1.47814e-06;0.000169389;1.0303e-06;4.6862e-08;4.10218e-06;0.00474325;0.0873083;1.54146e-06
6.40113e-05;0.0192331;4.10203e-07;1.3416e-05;0.0257384;0.000152545;1.48417e-06;0.607925;0.000171943;3.69338e-07;2.66721e-05;0.28394;0.0619439;0.000788789
6.5478e-05;0.230345;9.50807e-07;3.9905e-06;0.00230671;5.04628e-06;2.25187e-07;0.0160483;7.16966e-07;4.73172e-07;2.06731e-06;0.0830213;0.650281;0.0179182
7.01057e-05;0.779446;1.28996e-06;4.85702e-05;0.00111551;0.00372652;2.26584e-06;0.0479483;3.49456e-05;1.31267e-05;8.84601e-06;0.0682947;0.0701251;0.0291644
3.48184e-05;0.0127528;1.69166e-08;0.000116825;0.000149801;0.000939773;1.29927e-05;0.000361221;9.66529e-05;1.56393e-05;0.000913459;0.0129443;0.9716;6.16725e-05
0.000813648;0.00871572;1.80191e-05;0.000269731;6.84621e-05;5.64649e-05;1.82958e-05;0.000230625;0.00235735;1.43401e-05;0.00272693;0.980375;0.00430936;2.64298e-05
6.33296e-05;0.99755;0.000112568;7.29416e-05;1.90058e-05;1.74837e-06;0.000643038;0.00142493;1.0347e-05;8.5951e-05;1.59117e-06;3.14992e-06;6.65976e-06;4.07948e-06
7.66377e-09;9.5197e-08;0.999999;9.32341e-09;3.33123e-10;3.22071e-11;1.43295e-07;1.31021e-08;2.49259e-09;2.38946e-09;1.05102e-08;6.7053e-07;3.11927e-10;4.77154e-12
7.76579e-06;0.00248951;5.15757e-06;7.83943e-06;0.000114613;1.58111e-05;4.73059e-07;0.00117154;2.45594e-05;2.60212e-07;6.26878e-05;0.993864;0.000820122;0.00141613
1.13116e-06;0.16801;5.18931e-10;1.12403e-06;0.00142251;0.00013527;6.77461e-06;0.197018;4.05685e-07;2.67918e-06;8.59667e-06;1.95108e-05;0.633121;0.000252835
5.61598e-05;0.0281672;4.31125e-06;0.00218524;0.00236308;0.00196852;1.37588e-05;0.0296122;0.000573748;0.000366351;0.00156435;0.437268;0.493175;0.00268226
1.26208e-05;0.0067692;0.99277;8.56167e-05;3.75017e-06;2.96103e-06;0.000201972;1.13775e-05;6.77663e-08;6.75836e-05;5.52972e-07;5.11523e-05;4.37078e-06;1.88865e-05
7.44251e-07;8.30895e-08;0.999973;5.26084e-07;3.85977e-07;3.64217e-08;1.73789e-06;1.50388e-07;2.88711e-06;6.34444e-09;1.80626e-05;1.85116e-06;6.27884e-08;7.32649e-09
6.14035e-07;0.0611178;3.92308e-09;5.06209e-07;3.91189e-05;4.60491e-09;3.8519e-08;0.93816;8.34808e-05;4.46758e-07;6.76583e-06;0.000588154;1.10229e-06;1.84333e-06
7.79595e-05;0.759268;0.0769623;0.0090921;0.0137134;0.00525411;0.000192828;7.17666e-05;7.92562e-06;0.00432606;0.000230976;0.0754293;0.0252561;0.0301172
0.00467008;0.894465;4.12802e-05;0.000142109;5.97201e-05;6.23139e-06;6.68854e-06;0.00137145;0.000256365;5.21955e-07;0.00019048;0.0983303;0.00016787;0.000291463
6.72096e-06;0.99478;7.61529e-10;1.23884e-06;3.0107e-06;2.43666e-07;0.00112963;2.69951e-05;1.32228e-06;3.10882e-05;1.94405e-07;3.41402e-09;4.64906e-07;0.00401881
7.01386e-08;1.45638e-08;0.999999;4.25795e-08;2.15476e-08;1.40069e-10;5.30059e-07;6.30803e-08;6.86894e-08;4.67532e-09;4.17678e-08;6.22425e-07;2.39885e-12;3.53331e-11
0.000255894;0.988225;2.32e-09;0.000115932;1.70522e-06;1.58643e-06;3.03057e-05;0.000100734;0.00126076;8.2371e-07;0.00056409;0.000213511;0.00906425;0.000165071
8.35227e-05;0.111849;6.61271e-09;1.30238e-05;0.000288447;7.31486e-07;3.0931e-06;0.000348214;1.53802e-06;1.65869e-07;1.06582e-05;0.883429;0.00058769;0.00338484
0.00029903;0.195176;2.02666e-05;6.34206e-06;0.179992;2.14196e-05;1.47081e-06;0.440419;2.99687e-07;4.14835e-06;5.9657e-08;0.000115654;0.159887;0.0240569
2.31063e-06;5.23165e-06;1.57085e-06;6.30503e-06;8.65566e-07;0.000658746;1.93478e-05;5.44733e-07;2.50072e-05;1.3854e-05;8.94245e-06;3.57041e-07;0.999247;9.4506e-06
3.10929e-08;3.82684e-07;0.999999;9.09439e-08;8.78488e-09;1.86813e-09;1.35642e-08;9.4336e-10;4.41985e-10;7.25921e-09;3.19248e-09;1.90961e-07;1.99647e-10;1.96855e-08
8.85427e-06;0.986257;1.10393e-06;8.6342e-05;3.93907e-05;7.75973e-05;0.000264705;0.00384402;0.00195367;3.17165e-06;0.0017748;1.36088e-05;0.00549225;0.000183262
