1.1227e-05;0.999146;0.000310146;5.64761e-05;1.15123e-06;7.59983e-07;6.85291e-06;6.40943e-05;1.10881e-06;4.5068e-06;1.49069e-06;0.000319251;7.58635e-05;9.06841e-07
3.6812e-05;0.960186;1.10435e-08;4.11714e-05;4.50406e-07;2.77671e-05;6.77497e-05;1.28193e-05;0.000120275;8.76981e-06;0.000107167;0.00300793;0.0363725;1.026e-05
0.00016252;0.0219697;0.0441071;0.000186439;3.87476e-05;6.74406e-05;1.7942e-06;0.000102858;7.91565e-06;1.8003e-05;3.89646e-05;0.932692;0.000152665;0.000454147
2.90369e-06;0.999778;3.71025e-09;5.97286e-07;1.43491e-07;4.69098e-08;0.000116765;3.19317e-05;1.63158e-06;4.73487e-06;9.10034e-06;5.15826e-07;4.73424e-05;6.7351e-06
8.65849e-09;1.49821e-07;0.999993;4.79454e-08;4.55447e-07;1.04046e-06;3.21622e-09;2.32571e-07;5.09121e-10;4.29888e-09;2.59979e-09;4.92795e-06;2.7024e-08;9.73257e-08
5.79998e-06;0.998442;9.55904e-08;2.22734e-05;9.13563e-06;2.81389e-05;1.01532e-05;0.00039628;7.11403e-06;8.69256e-06;3.63079e-05;0.000288538;0.000656164;8.96423e-05
0.000295195;0.00743356;2.12053e-06;0.000301454;0.155801;0.752461;7.43491e-05;0.0191411;0.000229628;0.000873529;0.000183418;0.00289655;0.0103603;0.0499468
7.38756e-05;0.997345;1.30515e-08;1.08448e-05;5.74903e-06;4.59774e-06;0.000143869;5.03095e-05;2.45225e-05;2.09372e-05;8.87734e-05;4.77458e-05;0.00217441;9.12221e-06
0.000356053;0.000605091;3.24002e-07;2.97733e-06;1.43795e-05;5.52861e-07;9.32806e-07;0.998709;0.000218882;2.74018e-07;3.24865e-06;2.20994e-05;6.31246e-05;2.63729e-06
4.11319e-07;0.938286;3.0496e-09;1.4494e-06;6.67257e-08;2.47465e-08;3.3312e-07;9.27038e-08;4.93011e-09;1.74525e-05;7.77658e-09;3.46196e-05;2.62935e-08;0.0616595
1.59989e-07;3.67444e-05;0.998134;9.29892e-08;2.22588e-08;2.91459e-07;0.0018177;4.88776e-07;3.79175e-08;8.20327e-06;1.57917e-06;1.08774e-08;2.58601e-08;5.15965e-07
3.72382e-10;1.37094e-10;1;1.6754e-10;1.24657e-10;7.97195e-11;9.7492e-10;8.01893e-09;2.64462e-10;5.7445e-11;1.19741e-09;6.62759e-08;2.03908e-11;2.26597e-13
2.2874e-06;7.88215e-05;0.99434;3.82895e-07;1.61004e-06;2.95612e-06;9.6324e-08;4.9132e-05;4.80531e-07;3.15634e-07;1.35813e-07;0.00545995;4.12255e-06;6.02618e-05
1.14636e-05;0.0188199;1.02299e-05;1.01292e-05;0.0766569;0.152831;1.84521e-07;0.000280017;4.74868e-05;5.22729e-07;7.66834e-05;0.00029283;0.00238582;0.748577
0.000161345;0.00945321;0.000905171;1.17379e-06;0.000208909;6.31159e-06;1.43726e-07;0.0476444;3.85469e-06;2.46351e-08;2.50303e-06;0.894996;0.0464235;0.000193733
0.000388995;0.0456666;4.75042e-06;1.36332e-05;0.0023749;0.00444428;6.51575e-08;0.930884;0.000104885;4.28601e-07;1.47171e-07;0.0121684;0.00386696;8.17148e-05
2.52445e-06;0.992198;4.6743e-08;9.19926e-09;1.71809e-08;1.01663e-06;9.66954e-08;2.50411e-05;5.89282e-09;2.9734e-08;5.68291e-10;0.000130814;0.0076422;2.47141e-07
2.26313e-05;0.0355521;1.08621e-05;0.000144717;0.0011956;0.00155347;1.70101e-05;0.884584;0.0001311;0.000254581;1.09057e-05;0.00360462;0.00269271;0.0702258
2.56391e-07;4.73624e-06;0.999954;9.40752e-07;5.84104e-09;1.26466e-09;1.0136e-06;1.70326e-05;3.78423e-07;1.67303e-08;1.04849e-06;2.03882e-05;2.69568e-07;2.26169e-09
1.2274e-05;0.000238832;3.18831e-07;1.25867e-05;3.363e-05;2.66858e-06;1.42798e-05;0.000559868;0.000406424;2.77633e-07;0.000147287;0.000538001;0.000970586;0.997063
1.07558e-06;0.956807;1.45873e-07;4.13682e-07;5.44597e-07;1.8516e-08;3.99724e-06;0.0262994;1.29985e-06;1.73771e-07;7.91685e-07;0.000146197;0.0105407;0.00619812
7.01535e-06;0.0424663;2.20664e-09;3.13595e-06;0.000235957;6.98735e-08;2.42645e-05;0.952708;0.00066762;9.56723e-08;1.18404e-05;0.00372534;0.000139742;1.01107e-05
0.000462551;0.616766;0.35555;0.00658769;9.6888e-05;0.000187131;0.000479491;0.000529503;0.000168447;4.68668e-05;0.000440065;0.00177617;0.000670551;0.0162383
3.20131e-05;0.00254794;4.52416e-09;7.38367e-09;6.80017e-07;4.03716e-08;3.17368e-08;0.996146;1.63397e-06;4.26855e-09;1.22025e-06;1.33755e-05;0.00125325;4.22468e-06
2.07104e-06;0.95835;0.000581805;1.38615e-05;4.5385e-05;0.000348172;2.19907e-05;0.0177708;2.00813e-06;0.000139194;8.99123e-07;0.00180003;0.00599464;0.0149288
1.42776e-10;8.49056e-10;1;2.28863e-10;1.25645e-11;1.07305e-11;1.50711e-10;4.79666e-08;5.43617e-11;6.29419e-11;5.18597e-10;1.3182e-08;7.8896e-10;1.26173e-13
6.47724e-06;0.000540748;0.00479404;9.64417e-06;0.000169568;3.83017e-06;1.23765e-07;0.0108953;2.89466e-05;1.19366e-06;1.92298e-05;0.983398;5.39899e-05;7.87289e-05
4.41941e-05;0.109833;2.79583e-05;6.51826e-07;0.0106301;0.000275938;1.4987e-07;0.873009;6.49702e-05;5.48313e-07;1.56207e-05;0.00465915;0.00127397;0.000164894
0.000455862;0.536492;4.95419e-06;2.36846e-06;0.143447;0.0020583;8.94717e-05;0.293355;5.81806e-05;0.000259619;9.71934e-07;0.000228576;0.0207625;0.00278586
9.04061e-10;3.5293e-10;1;1.57417e-11;7.37967e-10;4.14064e-12;4.08448e-12;5.74891e-10;3.21778e-11;5.80105e-13;1.22328e-12;6.52361e-09;4.81295e-13;5.20911e-13
1.28281e-05;0.0357232;9.85875e-06;1.07417e-06;6.56245e-05;8.42448e-06;1.20274e-09;0.958573;7.52394e-06;4.8107e-08;3.39058e-08;0.00541825;0.000105668;7.43311e-05
3.93569e-06;0.176192;1.06536e-08;1.03928e-05;0.00178969;0.00171312;6.8397e-08;0.0176646;9.60817e-07;4.81307e-06;3.54699e-06;1.04513e-05;0.802513;9.32539e-05
8.48108e-05;0.00257054;0.000569001;0.000125244;0.00213283;0.00154533;2.34493e-07;5.05308e-05;3.26304e-08;8.56329e-05;7.12186e-06;0.00120836;0.990159;0.0014617
0.00707609;0.0304528;0.945633;5.13814e-06;0.00298909;5.61956e-08;1.59725e-06;0.00953175;4.90231e-07;3.79016e-06;3.40982e-07;0.00169388;2.94344e-06;0.00260871
1.42917e-05;0.00203519;1.74932e-09;7.85e-08;5.69488e-07;7.10772e-08;0.99396;0.000107788;0.00338727;0.00041135;6.67596e-05;5.60339e-08;1.53054e-05;8.50619e-07
7.08823e-08;3.57479e-08;0.999988;3.37208e-08;1.60612e-08;1.54046e-08;6.63459e-06;1.97206e-07;3.43402e-06;3.20274e-07;1.65707e-07;1.22421e-06;1.74232e-11;2.39708e-10
2.93322e-05;0.999532;1.53968e-06;1.06332e-05;1.99779e-07;1.44372e-07;1.21598e-05;0.000205352;8.0778e-05;2.11719e-07;6.65629e-06;5.17648e-05;6.87401e-05;1.33431e-07
5.19427e-06;0.0045011;8.14662e-11;6.51393e-09;1.53629e-06;7.52333e-09;5.05172e-09;0.994947;5.29561e-07;6.94315e-09;1.52549e-08;9.55878e-07;0.000542887;1.11502e-06
6.67302e-06;0.911644;0.000555308;2.63439e-05;0.000303576;0.000211194;0.000458354;0.01367;9.43879e-06;0.000432892;3.42918e-06;0.00064514;0.00049839;0.0715352
3.53909e-10;6.01207e-10;1;1.161e-09;7.30712e-11;1.14181e-11;1.45659e-09;9.56872e-08;5.64447e-09;1.92261e-10;7.30121e-09;2.61875e-08;1.60773e-10;2.03512e-13
3.26294e-06;0.000531321;0.989404;3.48921e-06;4.66173e-06;2.27143e-07;1.80701e-06;0.000158294;2.28811e-05;6.206e-07;1.19088e-05;0.00984389;6.84015e-07;1.3213e-05
0.000207216;0.0169788;4.12948e-05;2.29236e-05;0.405142;0.0744938;1.44246e-07;0.00213464;0.000149721;2.64155e-06;0.000201615;0.00762713;0.00415022;0.488848
0.000141168;0.306848;2.47017e-06;7.7578e-07;0.0196229;0.000140459;3.58026e-09;0.0131304;8.50278e-06;1.10515e-07;3.55514e-07;0.647271;0.0123508;0.000483145
0.000176758;0.24076;3.26189e-08;2.91219e-05;0.00215544;6.03124e-05;2.05323e-06;0.742021;0.005791;5.3641e-06;3.14517e-05;2.26286e-05;0.00845835;0.000486669
4.77431e-05;0.93747;0.000832541;0.000410046;5.63464e-05;6.69269e-06;1.42002e-07;0.00480811;4.40221e-06;2.5847e-07;4.90136e-07;0.0562133;0.000136084;1.38535e-05
5.99243e-05;0.0853656;3.58598e-09;1.06255e-05;0.000134691;4.78359e-06;1.81409e-08;0.911472;2.83707e-05;4.12469e-07;9.11879e-06;6.82447e-05;0.00246918;0.000376799
1.11596e-06;0.00368908;1.91108e-07;1.05605e-07;4.50444e-06;1.1252e-06;4.43484e-05;1.02574e-07;9.87142e-09;7.16289e-05;3.0513e-08;1.00455e-05;5.58385e-08;0.996178
8.62829e-07;8.88684e-08;0.99982;4.81027e-07;6.82014e-07;3.65865e-08;2.41924e-05;3.00927e-06;3.58165e-05;2.39178e-07;3.4351e-05;8.06284e-05;1.13486e-10;3.09391e-09
2.3321e-06;0.900872;1.07311e-07;4.9654e-07;8.04153e-09;5.43232e-09;2.87263e-07;3.77916e-07;1.07945e-06;1.48887e-08;1.83984e-06;1.74787e-07;0.099121;6.4612e-09
2.34703e-06;0.0258618;6.0886e-07;8.24332e-08;8.94975e-07;1.68595e-08;1.14587e-08;0.00363889;1.23003e-07;2.53232e-09;5.21287e-07;0.969856;0.000636421;2.50076e-06
1.08433e-05;0.386313;3.16014e-05;0.00063429;0.0621214;0.00400256;9.74659e-08;0.353829;3.64396e-05;1.37841e-05;6.98327e-06;0.0458878;0.109273;0.0378391
3.54599e-09;2.3574e-06;4.15824e-09;7.98755e-09;5.72124e-10;6.49524e-06;2.56741e-09;3.18596e-09;1.02578e-09;1.44161e-08;7.24287e-09;1.25728e-09;0.999991;2.65183e-08
7.46441e-09;1.35086e-07;1;3.44958e-08;2.0204e-09;4.00211e-09;1.01674e-10;1.71495e-09;1.69966e-11;2.57959e-09;9.41969e-11;1.716e-07;2.6204e-10;4.74005e-08
3.74247e-06;0.997371;2.24203e-06;1.55414e-05;7.90741e-06;7.09895e-06;1.87016e-05;0.0014794;0.000128861;7.88066e-07;0.000362459;8.86968e-06;0.000533059;6.0164e-05
