2.27333e-05;0.996806;0.000131942;3.48534e-05;6.22043e-06;7.27257e-08;1.10059e-06;0.00269507;5.32111e-07;2.1775e-06;1.57867e-06;0.000229319;6.64512e-05;1.83059e-06
5.48607e-07;0.999137;3.63378e-09;2.33568e-07;1.20581e-08;1.43625e-07;0.000488483;0.000127736;1.14497e-07;9.12358e-05;8.3482e-08;3.57299e-08;5.00349e-05;0.000103921
1.73694e-11;1.44208e-10;1;1.46086e-10;4.51213e-10;4.17927e-11;3.14504e-11;1.26843e-10;5.36335e-13;1.03713e-11;6.68629e-12;2.77389e-07;9.07293e-14;7.50925e-12
8.46629e-07;0.983005;3.38757e-07;1.56248e-06;4.89171e-06;1.36969e-06;8.27159e-05;0.00443146;2.9956e-07;3.14547e-06;3.78524e-06;4.75821e-07;0.0123994;6.46034e-05
3.98934e-12;4.5339e-11;1;2.61943e-11;3.60062e-12;3.3189e-12;6.28788e-11;4.67215e-11;1.69269e-12;3.90448e-12;4.28169e-11;1.92048e-09;2.03275e-12;5.08114e-14
1.15672e-07;9.28706e-06;0.998368;1.82919e-07;7.84106e-08;2.57258e-08;1.45351e-08;0.000485736;1.62147e-08;4.63786e-09;1.02389e-07;0.00113578;1.64596e-07;3.27827e-07
1.09261e-07;0.000188226;0.000876884;2.36544e-07;1.54919e-05;0.000136127;2.92449e-09;2.30305e-05;2.14301e-09;3.80197e-08;8.62145e-08;0.00024747;1.42904e-07;0.998512
1.12904e-06;0.0093614;2.05117e-08;1.99435e-07;3.68087e-06;1.32667e-05;2.89751e-09;0.000167744;1.81865e-08;2.45733e-09;3.55927e-06;5.13911e-05;0.990396;1.69076e-06
1.31193e-05;0.914131;4.84221e-08;8.28029e-05;0.000290798;2.02309e-05;0.000327569;0.0471244;7.64079e-07;0.00189269;2.46693e-06;1.21645e-06;0.000172195;0.0359411
8.63226e-11;6.3557e-11;1;5.82578e-10;2.0139e-10;1.11044e-12;2.48419e-10;6.63508e-09;1.41141e-11;2.15086e-11;2.214e-10;1.30867e-09;1.30088e-12;1.02476e-13
0.000216539;0.878581;1.42105e-05;0.000189369;0.000430508;6.55871e-06;0.00010922;0.00256982;0.000211175;1.99623e-06;0.000112736;0.0140972;0.0117364;0.091723
4.56502e-06;0.00837211;3.09704e-08;1.49397e-06;3.9661e-05;1.85633e-06;7.65972e-07;0.000306171;8.75832e-07;5.56474e-08;3.82454e-06;0.0404472;0.00195375;0.948868
3.00682e-06;0.0183149;1.18942e-05;6.50595e-07;0.000302478;4.33777e-05;6.73292e-07;0.912654;2.40723e-08;1.99812e-07;6.74724e-08;0.000696868;0.0630618;0.00491013
3.3974e-07;0.00189645;2.66853e-06;1.97284e-06;7.92152e-06;0.000560277;7.66141e-06;1.09293e-06;3.80045e-07;3.9508e-07;4.3037e-06;0.000382972;0.996877;0.000256108
9.40606e-06;0.00132758;0.991245;3.82746e-05;7.84952e-06;1.57503e-05;0.000800903;1.55929e-06;1.05583e-07;9.0373e-05;7.03748e-06;0.00615454;0.000195345;0.000106223
2.61439e-07;6.56742e-07;0.99998;1.53262e-07;3.25533e-07;4.26373e-08;4.87423e-06;1.57863e-07;4.53845e-07;3.68546e-08;1.2275e-05;7.93095e-07;1.69606e-09;7.09296e-09
9.24862e-08;2.36245e-06;3.07137e-09;8.60882e-10;2.7329e-08;6.85349e-10;2.45119e-09;0.999994;6.74216e-07;5.30862e-10;4.27389e-08;2.64758e-08;2.78198e-06;5.05103e-10
6.63869e-07;0.0410515;2.37335e-06;3.45202e-06;9.53745e-06;5.20334e-06;1.22432e-08;5.44253e-06;2.19361e-08;5.95244e-07;3.00019e-07;0.00161604;1.18106e-05;0.957293
0.000761326;0.878622;5.52518e-07;4.19886e-05;0.000885973;0.000100287;0.00394662;0.0173702;0.000256142;3.57715e-05;0.00359001;0.00697716;0.0108913;0.0765201
0.000101983;0.313426;0.022915;0.00160634;0.0049025;0.00271994;2.14894e-06;0.00451998;4.91026e-06;2.15099e-05;4.25658e-05;0.490802;0.103623;0.0553117
3.89881e-06;0.689233;1.65647e-09;2.09499e-06;1.0523e-07;2.7247e-06;0.00191931;0.300726;0.000725827;3.23154e-06;0.000285808;1.62719e-06;0.0067075;0.000389013
9.44663e-09;7.55113e-09;0.999999;1.45694e-08;8.93575e-09;4.70104e-08;2.38388e-08;8.3522e-08;2.52058e-09;1.57139e-09;7.40208e-09;3.64346e-07;2.48399e-09;3.64951e-10
8.2261e-05;0.0103082;0.000288278;1.33367e-05;0.000440027;0.000130442;1.02235e-05;0.295206;4.80829e-05;5.97902e-07;3.02904e-06;0.648943;0.0426103;0.00191672
1.30474e-05;0.667344;2.38531e-06;8.38848e-05;0.0488948;0.000535526;3.91815e-05;0.269162;0.000261921;3.3892e-05;2.37301e-05;0.000593536;0.00731144;0.00570025
8.31273e-05;0.0404572;0.348513;0.000568503;0.0118166;0.00186118;2.31053e-07;0.000510659;1.02655e-06;9.43555e-06;1.42456e-05;0.552945;0.0114695;0.0317505
3.6559e-05;0.705142;1.82029e-07;2.39157e-05;0.00025285;9.04474e-05;1.43705e-05;0.206169;0.000293872;4.22027e-07;0.000199563;0.00113854;0.00150059;0.0851375
9.06379e-07;2.95599e-05;1.1214e-08;5.94901e-08;9.39515e-06;8.84837e-08;9.92888e-09;0.999947;9.14085e-07;6.1968e-09;9.84018e-08;9.57557e-06;1.58989e-06;4.17603e-07
7.53171e-06;0.00119429;2.94806e-06;1.39796e-05;0.000863632;5.54589e-05;4.48732e-08;0.00170608;6.91987e-06;5.84031e-07;2.64717e-05;0.0579583;0.000683986;0.93748
2.05185e-07;0.99903;7.99901e-09;4.70647e-09;3.93114e-10;3.16146e-09;2.64075e-05;4.53829e-06;2.40839e-09;2.09362e-06;4.30826e-09;8.82161e-10;1.13598e-05;0.00092548
2.71517e-11;1.87875e-09;0.999984;7.44408e-11;7.50481e-09;3.44446e-09;4.96161e-11;1.33414e-09;2.35019e-12;1.67782e-10;1.43936e-11;1.61565e-05;2.62309e-11;3.13984e-08
1.24795e-06;0.00525798;4.03051e-09;7.39355e-06;5.04063e-06;1.14662e-06;3.54095e-06;0.0227579;0.000210483;7.11418e-07;0.000271526;8.34184e-06;0.971468;6.94522e-06
3.05126e-06;0.993645;0.00551946;0.000182977;9.08141e-07;3.32008e-06;3.84147e-06;6.35515e-05;1.00275e-06;4.29325e-06;7.48752e-06;0.000450322;4.44765e-05;7.00179e-05
5.46658e-06;0.000131998;5.0727e-08;1.2803e-06;1.26331e-06;4.02063e-08;2.11628e-07;0.999821;8.6914e-06;8.46215e-08;2.25749e-05;1.73156e-07;6.5713e-06;6.50337e-07
1.19678e-05;0.653304;5.41983e-06;0.000155657;3.72907e-05;0.000117155;1.64052e-07;0.000993741;1.33363e-06;3.32064e-05;3.51421e-05;0.00960921;9.34921e-05;0.335602
0.000336719;0.00321036;1.28216e-08;0.000241242;4.09305e-05;0.000165167;0.000104627;0.0116965;0.00907292;4.00292e-06;0.932434;0.000438259;0.0422481;6.93226e-06
8.26408e-06;0.999306;7.8115e-05;5.20286e-05;1.98671e-07;6.07606e-07;0.000124176;0.000348154;3.35751e-07;5.57852e-05;2.1864e-06;1.53827e-06;4.44238e-07;2.214e-05
4.83749e-08;7.31786e-06;0.999988;3.19619e-07;2.97875e-08;3.66361e-09;6.05064e-08;7.11484e-08;3.74274e-09;1.30646e-08;9.39674e-07;3.38517e-06;8.52044e-08;4.3692e-10
6.89637e-05;0.0807672;0.000847512;7.74054e-05;2.16099e-05;3.43222e-06;0.000255849;0.822277;0.00028395;1.21734e-05;0.0181432;0.0743944;0.00281681;3.01577e-05
8.73645e-06;0.0165596;3.81626e-07;0.00235787;5.02964e-05;0.000654977;0.00132975;0.000254763;0.00704116;0.000103768;0.95277;0.00221394;0.016507;0.000147695
0.00120767;0.933104;1.18875e-05;0.00138008;4.88384e-05;9.83447e-06;0.000398321;0.00735173;0.00154804;3.57914e-05;0.0437536;0.00284168;0.00814865;0.000159875
5.12382e-07;1.06978e-07;5.77138e-13;6.05114e-10;6.77231e-06;3.54116e-11;2.04113e-11;0.999992;5.54924e-07;8.59037e-11;9.05933e-08;1.19638e-07;2.91506e-07;7.35933e-09
2.13914e-05;0.367871;0.000382973;6.85209e-06;5.0117e-06;2.32433e-06;0.00178807;5.8004e-06;1.06527e-06;0.00688811;1.50124e-06;3.36964e-06;1.45424e-06;0.623021
3.87962e-09;1.76082e-09;0.999998;3.76424e-11;8.75401e-10;2.95153e-12;2.06827e-06;1.9902e-08;1.02929e-08;3.81783e-10;1.275e-08;5.14378e-10;1.00203e-13;4.26626e-12
0.00015791;0.854704;0.0122627;0.000492078;6.71284e-05;5.11545e-05;0.00255318;0.000321427;0.0050151;2.05529e-05;0.0071526;0.00138066;0.115806;1.48695e-05
7.65523e-06;0.988048;4.5877e-09;4.14939e-07;5.89284e-07;1.88848e-07;0.00057126;0.000248629;8.83756e-06;1.66573e-05;4.69655e-06;5.33471e-06;9.95277e-05;0.0109886
7.28331e-11;1.21709e-11;1;1.12049e-10;1.14856e-09;9.75047e-12;6.28409e-12;1.55043e-09;4.19957e-12;1.91302e-12;2.82688e-11;1.38469e-07;1.62453e-12;4.35369e-12
1.34909e-05;0.0147083;7.01959e-07;1.52196e-05;0.000107172;1.77211e-05;2.30962e-06;0.0218817;1.14314e-05;2.83807e-07;7.25388e-05;0.930429;0.0013143;0.0314257
1.69694e-05;0.550885;5.80304e-08;2.97393e-06;0.000104422;2.89309e-06;1.14759e-05;0.0862831;1.64376e-06;6.05683e-07;1.80961e-05;0.000743062;0.357857;0.00407269
2.97738e-08;9.68876e-06;4.60369e-09;3.20467e-07;1.2829e-07;0.000578734;7.00879e-08;4.7369e-06;3.28798e-07;4.9281e-07;5.63114e-07;5.65386e-07;0.999401;3.78819e-06
1.49281e-07;3.11329e-06;0.999994;9.018e-07;9.98599e-08;1.75018e-08;2.76346e-08;1.29552e-07;5.30987e-10;1.42795e-07;3.23475e-09;1.648e-06;3.01178e-10;2.36038e-07
2.68098e-05;0.979234;2.1117e-06;0.00014551;5.67071e-05;3.11601e-05;0.000368529;0.0133051;0.00190578;4.83184e-06;0.00353212;3.28906e-05;0.00115632;0.000198115
