4.05394e-05;0.993448;4.31504e-07;2.5829e-05;7.32935e-06;1.01368e-06;2.2429e-05;0.00335364;5.83494e-05;1.41189e-06;2.94979e-05;0.000338487;0.00258607;8.66617e-05
1.3233e-05;0.806373;8.30275e-08;1.17525e-05;6.30494e-06;1.01424e-07;2.14671e-08;0.159711;8.59033e-06;1.50459e-07;2.79801e-05;0.0336337;4.19003e-05;0.000172395
2.55757e-05;0.00571562;7.88816e-07;1.98107e-06;5.63705e-06;2.49529e-05;6.01699e-05;2.30352e-05;2.456e-06;0.000131475;7.77101e-06;0.000879068;8.36835e-05;0.993038
1.01626e-07;3.43227e-07;0.999992;1.45054e-08;7.92482e-07;1.35723e-07;3.52794e-08;2.64654e-06;5.32808e-08;8.96533e-09;3.20706e-08;4.04299e-06;1.41001e-08;5.24e-09
2.37801e-06;0.980557;1.58182e-07;2.24746e-06;5.99837e-07;7.58917e-07;8.50126e-07;0.00013305;1.88303e-06;9.0361e-08;1.05573e-06;0.00500726;0.0142233;6.97487e-05
4.25411e-06;0.258953;3.67149e-06;1.63358e-05;0.0455825;0.000230631;3.04772e-08;0.579418;6.37775e-08;2.33786e-06;4.02653e-08;0.0058549;0.0219394;0.0879948
1.35954e-06;0.247821;2.25957e-06;4.99802e-06;1.48019e-07;2.12323e-05;1.28229e-05;1.70398e-05;2.6422e-07;8.59027e-06;1.21061e-05;0.00164552;0.750451;1.91647e-06
1.57937e-07;8.44332e-05;0.995919;1.77082e-05;1.82228e-07;2.38059e-06;7.43659e-05;5.53285e-09;4.4197e-09;0.000125892;2.85644e-07;0.00375051;8.8386e-07;2.37761e-05
1.40706e-06;1.364e-05;0.999374;3.98986e-06;1.38185e-07;2.52004e-06;0.000270931;5.43164e-08;6.18017e-06;1.13099e-06;0.000323406;2.03954e-06;5.87009e-08;1.79562e-07
4.66189e-07;6.89509e-05;1.06813e-08;8.52631e-09;2.70514e-08;6.1539e-09;4.83375e-09;0.999926;1.68188e-06;2.21491e-09;7.16276e-08;1.38179e-07;2.91459e-06;5.99424e-09
5.8955e-07;0.706324;4.51484e-08;6.22664e-06;2.00391e-06;5.65889e-07;8.44706e-06;5.6503e-07;6.45125e-08;0.000259184;2.53915e-07;7.99375e-06;7.2277e-08;0.29339
6.57161e-07;4.76298e-05;0.99991;3.39108e-07;4.06254e-08;3.6509e-06;2.63177e-06;8.22185e-08;9.67664e-08;2.49391e-08;1.16155e-05;1.91829e-05;3.44792e-06;6.13734e-07
3.36533e-06;0.982238;1.435e-08;1.34162e-07;2.25014e-07;1.74934e-07;1.65755e-07;6.97432e-05;8.48048e-08;1.00157e-07;5.46312e-07;7.28388e-05;0.0176004;1.41378e-05
3.19637e-05;0.351567;9.96803e-07;4.6933e-06;0.0802412;7.69471e-06;6.99724e-06;0.527201;2.36402e-05;4.48878e-05;2.30958e-06;0.0354802;4.83413e-06;0.00538216
0.000751819;0.0313557;0.750084;0.00022298;0.0124634;0.00202738;3.0336e-06;0.19807;8.7905e-05;9.17496e-06;1.48062e-06;0.0028917;0.000297658;0.00173403
7.9776e-06;1.32044e-05;1.89919e-10;2.36057e-09;8.03447e-08;2.4499e-09;1.49271e-09;0.998204;3.66426e-05;1.80611e-10;1.07482e-06;1.03236e-07;0.00173669;6.52529e-09
0.000384881;0.0182028;1.57637e-05;3.42742e-05;3.44072e-05;1.07509e-06;1.6822e-07;0.0160509;0.000720588;4.30438e-06;0.0002062;0.960006;0.0042861;5.23796e-05
2.88536e-07;0.99905;2.75968e-09;1.29738e-07;1.81701e-07;2.75693e-07;1.97938e-06;0.000858007;7.49917e-09;4.34344e-05;2.14645e-09;1.12554e-06;4.3281e-05;1.04579e-06
4.93052e-11;4.2877e-10;0.999996;3.4042e-10;5.7478e-09;1.10044e-09;8.75258e-11;8.92705e-10;6.56264e-14;1.83852e-10;6.44375e-13;4.49844e-06;2.86021e-12;5.77878e-12
9.23595e-07;0.00168247;9.60276e-09;5.11311e-06;1.26083e-07;0.000180776;3.66482e-05;4.54584e-06;2.53872e-06;2.03384e-06;1.31073e-05;4.56124e-06;0.998065;2.25113e-06
4.99268e-07;0.000232082;0.999307;1.54374e-06;7.97739e-09;2.17578e-08;0.000377499;2.62226e-08;6.0863e-08;2.86836e-05;4.25009e-07;5.19052e-05;2.93258e-09;2.17346e-07
2.42336e-07;3.07962e-08;0.999995;5.60564e-09;4.95783e-08;1.10818e-08;8.52903e-07;2.49447e-07;5.22263e-07;3.05653e-09;1.98663e-06;1.25531e-06;1.95009e-10;1.36085e-09
1.8353e-08;0.999951;1.30438e-09;7.01107e-09;1.75637e-08;1.95946e-08;2.73032e-05;8.94867e-08;1.18937e-09;1.45189e-05;1.0255e-08;3.6748e-10;3.76878e-06;2.98572e-06
3.51307e-09;1.91449e-08;0.999995;1.74351e-09;5.21923e-09;1.15303e-08;2.19598e-07;1.22697e-08;2.74079e-08;2.60743e-09;1.67479e-08;5.21811e-06;3.61494e-12;2.60316e-09
3.48762e-06;0.985495;1.95715e-09;4.64058e-08;5.14022e-09;6.9094e-08;1.28721e-06;5.82e-06;3.90737e-07;1.32694e-08;1.88499e-06;8.7214e-06;0.0144833;3.25497e-08
1.84993e-07;0.994524;6.30011e-09;6.02882e-09;2.86665e-07;2.44464e-06;6.95258e-05;1.32945e-05;8.77684e-09;8.63357e-06;4.75384e-09;2.03173e-06;7.04777e-07;0.00537916
6.17654e-10;8.69722e-10;0.999936;1.26297e-09;2.33763e-08;1.06574e-07;8.09335e-10;3.45617e-08;1.93234e-11;6.83594e-10;3.0082e-10;6.33685e-05;5.09893e-11;4.93073e-09
8.96159e-07;0.718353;7.42453e-09;9.60512e-07;7.76119e-08;1.39894e-07;0.281217;0.000220292;9.36078e-06;9.03915e-05;2.53827e-05;9.89992e-10;3.43367e-05;4.82083e-05
1.71676e-10;1.70885e-10;1;1.18859e-09;1.55636e-10;6.05893e-10;4.81133e-08;2.6702e-10;5.23452e-10;4.26701e-10;4.32085e-09;1.15318e-08;1.19211e-13;6.72954e-12
8.38875e-05;0.497976;2.21853e-06;1.29518e-06;1.26885e-05;2.34687e-06;2.79426e-06;0.4885;3.67726e-05;1.48694e-06;3.58775e-05;0.00306263;0.0102381;4.40298e-05
1.55953e-07;0.00288815;3.76856e-06;6.38205e-07;2.92822e-06;6.7541e-07;8.04991e-08;8.43295e-05;1.78735e-06;1.39162e-07;3.02864e-06;0.996837;4.2018e-05;0.000134784
3.07784e-05;0.912137;1.05693e-05;1.54986e-05;8.90721e-06;2.83519e-06;2.11312e-05;0.0679735;2.22031e-05;1.82527e-06;7.41715e-05;0.000534107;0.0191654;1.49407e-06
0.000369949;0.329651;4.11399e-07;3.1766e-07;0.000238444;3.92813e-06;4.35317e-08;0.342371;3.0843e-06;8.06248e-07;7.95469e-08;0.315671;0.00940849;0.00228212
1.51475e-05;0.965374;9.52965e-08;2.85131e-06;4.81818e-07;2.47211e-06;0.0185099;0.000304734;0.000182566;0.000655709;1.18458e-06;2.35958e-06;0.000239958;0.0147085
1.05726e-09;8.99772e-09;0.999997;5.88677e-10;6.78033e-11;5.50323e-11;2.08766e-06;1.53501e-07;1.5002e-08;3.45162e-07;1.09923e-09;3.35453e-10;1.59431e-12;8.58011e-13
4.91845e-09;1.91385e-09;1;7.39362e-10;8.36617e-11;2.53556e-11;1.43708e-09;8.04507e-08;3.69e-08;2.946e-10;8.377e-10;1.17309e-08;1.40217e-09;1.78665e-13
3.46297e-07;9.93471e-05;7.0481e-05;3.64247e-07;2.04618e-06;1.23979e-07;4.89615e-09;0.000108724;7.93777e-06;4.41689e-08;5.76337e-07;0.999652;7.6151e-07;5.69356e-05
4.95991e-06;0.186007;7.19498e-08;8.05117e-07;0.00891512;0.000218221;0.00044853;0.800638;3.48868e-07;2.39132e-05;2.86781e-07;8.44401e-10;0.00214706;0.00159591
1.64715e-06;0.0036105;0.0114302;5.22242e-05;0.00259596;0.000347173;1.10001e-07;1.57855e-05;2.61659e-08;4.27313e-07;9.15702e-07;0.981024;0.000817856;0.000103271
5.41164e-05;0.971054;7.03614e-09;5.80804e-05;0.000831187;8.69228e-05;1.22111e-06;0.025952;0.000117334;4.20114e-07;2.39742e-05;0.00122409;0.000478953;0.000117769
4.68912e-05;0.988911;1.94616e-08;7.22088e-07;1.20387e-06;1.31372e-07;5.14818e-07;0.00949322;3.40295e-06;1.38683e-07;2.83502e-07;9.71355e-05;0.00143568;9.54757e-06
1.68641e-05;0.72636;5.99555e-07;2.9546e-07;6.38631e-07;2.88969e-07;2.9145e-06;9.0302e-06;1.92383e-07;3.4277e-07;2.03137e-07;0.00518706;0.268404;1.79803e-05
1.1809e-05;0.0113889;0.000115322;2.05202e-05;0.00148611;0.000629247;4.82451e-06;0.0063857;5.27653e-06;7.31494e-06;2.03707e-06;0.964954;0.0140968;0.000891998
0.000466742;0.899387;1.164e-05;0.000284763;0.000381083;3.92749e-05;0.000202363;0.0612191;0.00279244;1.09095e-05;0.000305466;0.0177104;0.0170386;0.00015055
0.00141084;0.800256;5.75925e-06;0.000635873;6.31431e-05;3.7882e-06;6.7948e-06;0.0417033;0.0123175;4.51011e-06;0.0013597;0.140356;0.00179895;7.81391e-05
0.000575797;0.822033;1.47578e-05;1.22156e-06;8.48099e-05;1.1661e-05;7.03113e-07;0.144302;2.7331e-05;1.91547e-05;2.44767e-06;0.0082343;0.0238254;0.000867731
1.83492e-06;0.0126452;1.06208e-05;3.74117e-09;1.74049e-07;2.70149e-08;1.46445e-08;2.91673e-05;5.25528e-08;1.63481e-08;5.20595e-08;0.987306;6.42389e-06;2.73752e-07
1.05784e-05;0.932775;2.99943e-06;1.24604e-05;0.000101574;6.68984e-06;0.0140816;0.00135295;1.86189e-05;0.00300073;7.29707e-07;5.25224e-06;0.000170196;0.0484603
5.00792e-09;9.24031e-09;0.999999;9.40929e-10;1.6023e-10;4.27895e-11;5.07294e-07;3.24175e-09;6.46837e-08;5.73371e-09;9.17382e-09;1.88035e-08;1.95415e-12;1.54129e-12
4.50184e-05;0.977852;1.33477e-06;1.95548e-07;2.64478e-07;1.00466e-07;5.88913e-06;8.58261e-06;4.61566e-05;3.03894e-07;1.10993e-06;0.0163821;0.00564815;8.62934e-06
5.65519e-06;0.825128;8.51509e-09;3.19394e-07;1.28194e-05;1.35982e-05;0.000182446;0.000366309;1.72174e-06;7.98636e-05;1.08473e-07;6.4772e-05;0.00100919;0.173135
9.9906e-09;4.79521e-09;0.999941;3.14016e-08;1.30721e-07;2.14551e-07;2.53759e-08;1.61092e-07;1.34408e-08;2.32923e-09;3.57894e-08;5.82768e-05;1.3217e-09;3.15305e-09
8.85541e-06;0.758493;1.52139e-09;3.23157e-06;1.0823e-05;4.82508e-06;0.131968;0.105987;0.000130999;6.40016e-05;6.22714e-05;1.71507e-08;0.000560745;0.00270541
9.97075e-10;9.15846e-10;1;4.90916e-10;9.80923e-10;1.15467e-10;5.98247e-09;2.41173e-08;1.87474e-10;6.71301e-11;2.69899e-09;3.94485e-07;3.54619e-11;2.38897e-13
4.51699e-05;0.833595;1.23385e-05;5.21173e-05;0.000390763;5.7489e-05;0.000312141;0.12163;0.000591349;3.37153e-06;0.00191367;0.00501637;0.0356098;0.000770658
6.77862e-06;0.885028;1.54759e-07;3.57939e-06;1.07329e-05;2.47703e-07;2.06085e-05;0.0054716;2.43239e-07;3.11966e-06;2.71616e-06;0.100274;0.00899235;0.00018564
0.000243094;0.246718;1.1182e-05;0.000127996;0.00249017;0.000172875;7.26727e-05;0.349951;6.988e-05;5.41047e-06;1.65233e-05;0.205084;0.194003;0.00103315
5.95324e-05;0.189541;9.69258e-07;0.0166864;0.00037833;0.0018033;0.000109255;0.00681526;0.00425121;0.000691481;0.0021732;0.59549;0.1588;0.0231996
0.00144345;0.622377;0.251808;0.0106859;8.88599e-05;0.000162211;0.000259974;0.00105912;5.41936e-05;0.000312093;0.000422066;0.104998;0.0037041;0.00262523
6.70818e-05;2.4169e-05;1.87589e-09;2.9051e-08;1.83429e-06;4.63372e-09;4.7035e-07;0.999833;4.23863e-05;5.70477e-09;2.42982e-06;2.44781e-05;4.03907e-06;2.33968e-07
1.83606e-06;0.00882958;1.19045e-06;3.64695e-06;7.64079e-05;0.000111422;0.000123816;0.000322409;9.50115e-07;0.000206016;1.14868e-07;1.5574e-07;2.86456e-05;0.990294
2.31758e-10;7.27057e-11;1;7.21347e-10;2.04199e-11;2.5336e-11;3.68667e-10;2.65352e-10;3.73434e-10;1.0345e-11;2.71338e-09;1.8958e-08;7.17655e-12;8.71962e-13
7.49385e-06;0.937954;8.77244e-05;2.51675e-05;1.19496e-05;1.14466e-05;3.55244e-06;0.0162057;4.0716e-05;9.89731e-07;6.13217e-05;0.0351637;0.00194104;0.00848545
2.99593e-06;0.0670681;3.59996e-08;1.96281e-05;4.20532e-06;2.88074e-06;1.1128e-05;0.00399821;8.51141e-06;3.01253e-07;0.000118642;0.000393045;0.928369;3.21143e-06
1.93845e-06;0.832166;1.70757e-08;0.000458315;1.76308e-05;4.69557e-07;2.57418e-07;0.00110387;2.22261e-05;2.9017e-06;8.68103e-05;0.165838;0.000180411;0.000121072
5.56897e-07;0.999833;1.32387e-10;1.75619e-06;1.01755e-10;3.35626e-09;8.07183e-05;3.73697e-05;6.31122e-07;1.73551e-06;1.23008e-05;8.20139e-08;2.96778e-05;2.10949e-06
6.72633e-09;4.79867e-09;0.999966;1.05575e-06;2.91246e-08;5.69788e-09;5.76057e-09;2.06405e-08;4.97137e-10;1.60549e-09;7.09658e-08;3.29044e-05;4.65091e-11;4.63468e-10
3.91584e-05;0.0179647;3.33761e-07;1.04539e-05;0.000819459;8.07458e-07;1.56069e-06;0.980443;4.99757e-07;1.03049e-06;5.40615e-06;6.08619e-05;0.000576481;7.58503e-05
3.08103e-07;1.23063e-06;3.52765e-08;1.65244e-07;1.10524e-08;2.82294e-05;5.13494e-06;3.21823e-08;4.09561e-06;4.40992e-07;0.000100949;2.09101e-08;0.999859;6.6124e-09
5.84314e-07;7.53488e-07;0.999995;7.14117e-07;1.74775e-07;3.51428e-08;1.04475e-07;1.1384e-08;2.43965e-08;1.59761e-07;2.19253e-07;2.20988e-06;2.28487e-09;3.40412e-07
1.13216e-05;0.989314;7.99622e-07;5.35582e-05;1.99846e-05;1.72935e-05;0.000324891;0.00153169;0.00233226;2.38262e-06;0.00526449;5.9551e-06;0.00105524;6.66775e-05
