1.91445e-07;6.03392e-06;2.0965e-12;5.57458e-11;4.10803e-08;9.652e-11;5.02017e-10;0.999994;4.95943e-08;7.72961e-11;1.09086e-09;8.1205e-09;1.50236e-07;5.29403e-09
2.24757e-07;0.000174965;2.77139e-06;2.09809e-06;0.000332972;5.15199e-05;2.07264e-07;0.000144416;6.54312e-08;3.36649e-06;2.88527e-08;1.58875e-05;3.67569e-07;0.999271
5.24076e-08;2.47642e-07;0.999996;2.65179e-08;3.72273e-10;4.71812e-11;9.2268e-09;3.39792e-06;6.28161e-08;7.38516e-11;7.80551e-08;2.37086e-08;2.53441e-08;1.93976e-10
2.36803e-08;0.000304241;5.91813e-05;1.70932e-07;6.24291e-08;2.94387e-09;1.00093e-07;4.19453e-05;2.5003e-08;3.6721e-08;1.26858e-08;1.95554e-05;1.85128e-06;0.999573
3.486e-07;4.60567e-05;8.00563e-10;1.70809e-06;0.00201126;6.66011e-06;4.00886e-07;0.99782;5.23047e-05;5.75195e-08;8.2442e-06;2.62374e-05;1.77994e-05;8.39357e-06
6.22358e-08;0.000174134;0.999512;2.52697e-06;5.14988e-05;4.39891e-07;1.7278e-08;4.39157e-08;5.0537e-11;1.57137e-07;1.28636e-08;0.000208426;1.1398e-06;4.92212e-05
2.77259e-08;0.999843;1.37957e-10;2.40969e-08;3.33997e-07;3.44115e-10;1.46854e-06;0.000117464;2.75602e-07;2.71924e-10;1.4185e-06;4.17978e-07;3.58631e-05;8.98402e-09
7.53266e-07;0.883549;0.000709992;4.88097e-05;0.00190559;4.03286e-06;2.04568e-09;0.000175231;6.69744e-09;1.65897e-07;1.09548e-07;0.0160922;0.0952974;0.00221658
1.47808e-05;0.587153;7.61933e-06;1.39659e-06;0.000654761;4.58293e-05;5.87391e-06;0.0296236;1.68087e-07;2.02863e-07;4.86827e-07;0.258719;0.0791815;0.0445916
1.34682e-06;0.0485131;4.131e-07;6.30226e-05;0.000184408;0.208845;1.13527e-06;0.00129342;4.82174e-07;1.06769e-05;9.71679e-07;0.000407257;0.658911;0.0817674
0.000639931;0.0122501;0.784705;0.00035469;0.000401724;0.0149942;3.98992e-06;0.00121714;1.85784e-07;8.28572e-06;2.76049e-06;0.152349;0.00792146;0.0251515
6.01946e-06;0.98854;1.81337e-07;4.1217e-06;1.37006e-05;0.000252958;1.83468e-06;0.000467729;1.62028e-06;9.30261e-08;2.48647e-06;0.00343131;0.00616679;0.00111092
8.79733e-06;0.0261239;2.90206e-07;3.60261e-07;0.000294497;3.22719e-07;6.10376e-08;0.968872;8.37418e-09;1.36733e-07;1.26727e-07;0.00330966;0.000823282;0.000566875
7.81372e-06;0.992631;5.33035e-08;5.85115e-07;2.16238e-06;3.26698e-06;0.000878959;0.00199991;3.99771e-07;6.78957e-05;4.87035e-07;4.10236e-06;0.00272552;0.00167766
8.79761e-11;7.30142e-12;1;1.41641e-10;2.91793e-10;5.02286e-11;1.44401e-09;1.00384e-08;2.2067e-11;6.22079e-11;4.69406e-10;4.4418e-07;3.60529e-13;4.34274e-12
0.000200878;0.0908125;4.82748e-06;2.70675e-05;0.00409998;0.0017975;0.020114;0.845132;0.000339955;0.000362265;0.000636197;3.09834e-06;0.0354881;0.00098226
3.03674e-08;1.12299e-07;0.999998;3.3718e-08;1.37716e-08;2.81468e-08;1.4405e-07;4.93359e-08;4.47913e-08;6.75012e-09;2.51871e-07;9.84614e-07;6.21973e-08;3.60364e-09
3.73426e-07;3.23719e-06;0.99783;5.40112e-07;9.9704e-07;6.7192e-08;3.0983e-08;0.000123675;3.57966e-07;3.92582e-08;1.49247e-07;0.00202358;6.76449e-08;1.6909e-05
2.07776e-07;8.84085e-05;5.3662e-06;4.74892e-08;5.38032e-05;2.51657e-05;2.21812e-10;6.66755e-05;3.30917e-09;3.6831e-08;1.17765e-08;6.31708e-05;1.01767e-07;0.999697
4.94999e-05;0.000375426;2.84588e-09;2.94551e-07;1.60677e-05;1.38299e-06;1.73188e-07;0.994928;7.62931e-06;2.91703e-08;1.02503e-05;3.66772e-06;0.0046075;3.99687e-07
1.17417e-05;0.999544;4.68446e-07;8.86962e-05;1.22183e-06;3.44506e-07;7.85926e-07;0.000261098;2.5983e-06;9.53206e-07;7.83605e-07;4.18246e-06;7.86934e-05;3.98955e-06
1.00498e-05;0.991955;2.08674e-08;2.20383e-06;8.14223e-09;1.62772e-08;6.54734e-06;3.58836e-06;1.41869e-06;6.60571e-07;6.90076e-06;0.00160131;0.00641144;6.04259e-07
3.63853e-06;0.974123;3.7182e-10;4.84283e-06;1.68833e-05;2.06438e-05;0.000128447;0.000976835;1.24615e-07;0.00163025;6.85926e-08;2.62463e-05;4.7875e-05;0.0230206
4.30897e-11;2.30539e-10;1;3.38123e-11;4.09572e-09;2.9338e-10;4.60496e-11;8.48737e-10;2.7735e-13;1.34591e-11;1.2225e-12;1.14377e-08;7.64517e-13;6.19018e-12
3.53425e-06;0.00204546;1.52264e-07;2.94337e-07;3.45759e-08;3.98997e-05;1.47035e-06;0.000360761;7.60712e-05;3.21953e-07;6.31898e-06;1.41611e-06;0.997464;1.41963e-07
6.42728e-07;0.000150311;0.999599;1.09196e-06;4.77781e-08;3.33598e-06;1.29492e-05;1.36625e-07;7.13639e-08;3.84464e-05;1.29432e-07;6.80261e-05;0.000110415;1.5135e-05
3.44217e-08;2.86146e-07;0.999976;2.02751e-08;1.00018e-07;5.65603e-08;1.84268e-05;4.26111e-07;6.51844e-07;3.36313e-06;7.67842e-07;2.66968e-09;2.75931e-10;8.98669e-09
1.70266e-08;4.11581e-08;0.999999;1.35851e-09;5.46687e-10;2.09666e-10;2.10979e-08;1.10481e-06;1.2506e-07;1.20743e-09;3.40038e-08;2.37359e-08;2.69164e-09;6.70459e-12
4.64963e-08;1.15223e-05;0.997542;2.2666e-08;5.15338e-09;1.33062e-08;2.98779e-08;6.06307e-07;1.0059e-07;4.17992e-09;1.85505e-07;0.00239043;2.65724e-08;5.51868e-05
4.18957e-08;1.61663e-05;1.22755e-07;6.23528e-08;0.000639079;0.000575693;2.45025e-10;8.0119e-07;2.22491e-08;4.7204e-09;7.4625e-08;2.39494e-07;4.42406e-07;0.998767
1.91437e-08;0.999443;7.25569e-08;9.3255e-09;4.30307e-08;4.30575e-09;2.24466e-07;2.47534e-06;2.58842e-11;1.4707e-07;1.8631e-09;6.32001e-06;9.59491e-08;0.000547907
2.08274e-11;1.12595e-06;0.999999;2.5544e-10;2.78193e-10;1.90722e-10;7.89075e-08;3.79195e-11;7.84924e-13;1.84414e-09;5.08281e-12;1.05947e-09;6.98301e-14;2.0002e-07
1.93012e-06;0.902033;6.12647e-07;4.21252e-06;4.05844e-07;3.47014e-06;0.00205106;0.076132;0.000215117;1.23549e-07;0.000123465;4.56428e-08;0.019434;2.86995e-08
2.90756e-07;0.999359;5.6295e-08;4.07028e-06;1.30242e-07;2.50806e-07;1.11026e-07;0.000509676;1.35438e-08;9.66704e-08;3.97215e-08;2.32964e-06;0.000123855;7.47314e-08
1.54505e-06;0.98281;5.24681e-08;1.619e-06;3.69715e-08;1.48693e-06;3.6971e-06;2.46159e-05;5.56783e-08;5.30441e-07;2.9652e-07;0.0015057;0.0156486;1.45847e-06
2.98165e-07;0.000458547;1.87827e-07;2.10899e-05;1.27886e-05;3.3079e-05;7.09842e-08;2.21802e-05;3.70909e-07;6.45642e-08;4.53758e-05;0.998202;9.1669e-05;0.00111186
1.40863e-05;0.430532;3.42086e-07;2.06255e-06;9.98988e-05;7.5874e-07;1.92346e-07;0.528723;4.46498e-07;4.51571e-07;8.7144e-07;0.000202226;0.0400824;0.000341547
8.21539e-08;0.000153065;4.15461e-08;2.56469e-08;3.975e-08;7.79773e-07;1.58297e-08;1.9657e-05;5.77674e-07;3.55158e-08;4.9665e-08;2.07454e-06;0.999824;5.00478e-08
7.24077e-06;0.000230829;0.989359;2.90093e-05;2.75103e-05;4.77516e-05;0.00012829;4.70006e-07;2.29093e-06;0.000407882;3.61917e-06;0.0094346;1.46632e-05;0.000306398
9.79465e-09;4.40691e-09;0.999999;1.57396e-08;9.32074e-09;1.44396e-09;2.72917e-07;1.56799e-08;7.67808e-08;1.15953e-09;2.65123e-07;2.24728e-08;8.05717e-11;9.92399e-11
0.000199333;0.00564287;3.01103e-06;9.0596e-06;1.72018e-05;3.11111e-06;7.6151e-07;0.985371;0.00350102;1.67433e-06;0.00198594;0.000412208;0.00247363;0.000379146
7.24671e-07;0.00466609;1.25368e-07;3.12758e-08;1.502e-06;2.60964e-06;1.58507e-05;2.28254e-07;2.40401e-08;9.99008e-05;3.20225e-08;2.25738e-07;8.97498e-07;0.995212
9.54508e-09;6.86438e-09;0.999954;2.9638e-09;1.22932e-07;8.72205e-09;2.6121e-08;4.00614e-09;7.81043e-09;4.78618e-09;3.6739e-08;4.62785e-05;2.47338e-10;4.31643e-09
2.81446e-05;0.969132;5.63408e-07;1.87563e-05;2.58269e-06;7.55387e-07;0.00099586;0.00191606;0.0011355;3.69954e-06;0.00102096;0.00718811;0.0185509;5.55077e-06
7.081e-06;0.987457;3.1515e-07;5.00038e-06;0.000349825;0.000216025;5.13792e-06;0.00208775;2.32985e-07;1.21515e-05;3.7812e-07;0.00016902;0.00254336;0.00714672
1.05437e-06;0.000270934;7.81181e-07;2.19236e-07;3.17641e-07;8.61849e-07;8.54828e-08;1.70659e-06;1.13685e-07;1.58948e-08;9.48285e-08;0.999569;0.000138634;1.65648e-05
1.25103e-07;0.995254;7.53722e-10;2.71697e-08;1.27293e-08;3.56773e-08;5.22992e-05;0.000186884;8.8255e-09;4.92981e-06;2.69419e-09;3.46005e-08;1.33678e-05;0.00448818
1.57494e-11;6.68076e-11;1;5.7562e-11;1.72191e-10;4.05605e-10;1.37649e-10;8.97939e-10;2.46864e-12;3.78537e-11;1.42524e-11;5.36367e-08;2.66501e-13;1.79274e-11
3.89636e-06;0.00323787;3.5704e-08;1.60505e-06;4.32942e-07;7.68612e-07;2.48457e-07;0.00999735;6.43487e-05;1.04077e-07;5.70815e-05;2.66664e-05;0.986609;3.71734e-07
3.34409e-05;0.0200386;6.12251e-05;6.23295e-06;4.15193e-06;2.89392e-06;4.72804e-08;0.00593694;4.35471e-06;3.18805e-07;1.05529e-05;0.322636;0.651261;4.19866e-06
1.96066e-05;0.126544;6.45126e-05;2.92586e-05;0.00136558;0.000206003;2.51333e-06;0.475016;2.73829e-06;5.09932e-05;3.41165e-05;0.389625;0.00388367;0.00315558
3.33814e-07;0.00789113;3.79513e-08;0.000249615;3.58092e-06;3.33989e-05;0.517641;7.71262e-08;3.75245e-06;0.470864;0.000109094;1.71523e-07;2.51676e-06;0.00320157
1.99162e-10;8.53922e-11;1;7.92452e-09;2.02134e-10;4.35133e-10;3.13191e-07;4.251e-12;2.04112e-10;2.49655e-08;1.74542e-07;4.2506e-09;1.59026e-13;1.05258e-12
0.000453673;0.963224;7.42506e-05;0.000646049;6.78157e-05;0.000146262;0.000260276;0.000579541;0.000967705;7.1296e-06;0.0120543;0.000475168;0.0210372;6.49341e-06
0.000269424;0.97996;5.31192e-06;1.68344e-05;1.68667e-06;1.03432e-07;4.8665e-05;0.00417234;0.000318501;1.21161e-06;0.00196583;0.00412317;0.00911572;7.39377e-07
1.25504e-06;0.978511;1.45004e-09;6.04826e-06;1.85485e-05;4.43995e-06;6.6454e-05;0.000115404;6.12235e-07;0.000201367;2.51748e-07;4.30569e-07;4.45186e-06;0.0210697
5.91034e-08;1.43703e-09;0.999976;1.35006e-08;2.43989e-09;8.0787e-10;2.56898e-09;2.88686e-07;4.82354e-08;1.17045e-09;2.30933e-07;2.37515e-05;7.45717e-10;7.97931e-11
5.35763e-05;0.0164357;3.8731e-07;1.10557e-05;0.00261091;2.32175e-07;4.84957e-06;0.970616;0.000986414;7.49007e-07;0.000839315;0.00813003;4.98897e-05;0.000260729
3.10043e-06;0.646452;0.00122657;5.67523e-05;0.000112896;3.2581e-06;0.000129977;2.9662e-06;2.05257e-07;0.000365871;2.89889e-06;0.000130021;1.21987e-05;0.351501
0.000547705;0.0575506;5.78412e-07;6.50157e-06;5.97362e-07;5.16791e-07;0.586112;0.0905118;0.170001;1.48229e-06;0.0913492;2.81687e-07;0.00391777;4.40949e-07
2.15167e-06;0.811058;5.64435e-05;2.00369e-06;7.99771e-05;1.68683e-06;1.12793e-08;0.000405879;6.00206e-09;9.18959e-08;1.67456e-08;0.00555755;0.182834;2.13056e-06
1.59484e-06;0.0887496;1.1295e-07;9.87521e-07;4.19945e-05;4.7928e-06;3.00324e-07;0.0372211;5.17788e-06;1.38314e-07;2.88173e-06;0.872447;0.00149397;3.06525e-05
1.1782e-05;0.0172454;3.68085e-08;9.54813e-06;0.000115361;0.00272484;1.69472e-05;0.000584532;0.000149351;9.42489e-06;6.30274e-05;2.29501e-06;0.979061;6.33689e-06
0.000219387;0.000298288;0.999053;1.21996e-05;6.73391e-06;3.23133e-07;6.78073e-07;1.48126e-05;1.82496e-06;2.15091e-07;1.77029e-06;0.000216764;0.000170748;3.25412e-06
2.65409e-05;0.995544;3.60804e-07;1.28823e-05;3.97517e-05;2.87071e-07;2.71788e-05;0.0013582;0.000455894;1.56277e-08;0.000157562;0.00189353;0.000149551;0.000333941
0.000198975;0.904662;5.02916e-06;9.60724e-05;0.000608157;1.53934e-05;8.18034e-07;0.0579965;9.71108e-05;4.21807e-06;6.26238e-05;0.00876836;0.021517;0.00596802
1.3211e-06;0.993075;3.85364e-08;3.01192e-07;2.55925e-07;2.76596e-07;3.14852e-06;0.00112526;1.15474e-07;2.01108e-06;4.90514e-08;5.86015e-05;2.54781e-05;0.00570799
2.56591e-10;1.29667e-08;0.999991;4.89284e-09;7.854e-08;2.02655e-09;1.82314e-10;1.08082e-07;3.1656e-11;1.60528e-10;6.33844e-10;8.476e-06;2.36549e-11;1.35933e-09
8.61972e-08;0.810488;7.00159e-10;9.04604e-07;1.22312e-06;2.0687e-07;0.000243915;6.19803e-06;2.382e-07;2.56593e-06;2.39107e-06;1.97735e-07;4.14486e-06;0.18925
4.64729e-05;0.0114757;5.59414e-06;5.58669e-05;1.03603e-07;5.78724e-06;0.67005;9.77723e-05;0.0333996;5.80542e-07;0.276589;7.67614e-06;0.00826547;4.61766e-07
0.000370058;0.412893;0.000615938;0.000504696;9.28367e-05;9.40381e-05;9.33041e-05;0.581097;0.000998815;1.48116e-05;0.000204764;5.44726e-05;0.000433528;0.00253257
3.3135e-06;0.00108612;7.88339e-05;7.66131e-06;8.6552e-05;4.47764e-06;4.09255e-09;2.14135e-05;3.09811e-06;2.99296e-08;1.26117e-05;0.996628;0.00058368;0.00148462
0.000834866;0.430856;2.38519e-08;8.4457e-06;4.52265e-05;1.52035e-05;1.70411e-06;0.00133979;0.000327272;1.36456e-06;1.01549e-05;0.0194917;0.546485;0.000583692
5.47517e-05;0.00274217;7.89771e-06;3.42034e-05;8.93277e-05;0.00555818;2.30039e-07;0.0114796;0.000337872;4.19797e-06;3.63936e-06;0.00261207;0.976925;0.000151322
0.000158243;0.204851;0.750207;0.000207568;0.00648129;0.00025961;2.37079e-06;0.025867;3.94694e-07;2.17957e-05;5.44976e-08;0.000759343;0.0108042;0.000380839
0.000731204;0.681123;7.82644e-05;0.013994;0.00292079;0.00491703;0.00128513;0.0272745;0.0355152;0.00222239;0.0109067;0.00696717;0.20891;0.00315444
