0.000141568;0.867873;0.0292458;0.00193947;0.00073468;0.000560714;0.00017709;0.0011212;8.41887e-06;0.000429718;0.000450267;0.000106283;0.096858;0.000354021
0.000180106;0.0503141;0.0177612;6.93298e-05;0.000121639;4.25396e-06;4.69888e-06;0.000753507;7.23067e-06;7.61657e-07;6.58731e-05;0.930286;0.000300953;0.000130678
0.00134142;0.98361;4.35112e-05;8.85595e-05;5.9631e-05;0.00015896;0.000362868;0.000194205;0.00246943;5.82533e-06;0.00072628;0.00106347;0.00743694;0.0024389
8.14381e-05;0.967129;1.08893e-06;2.14976e-06;0.000255253;7.54462e-06;6.66887e-07;0.00116532;2.00338e-05;1.36721e-06;3.08122e-06;0.00852406;0.0226229;0.00018576
1.78341e-07;0.999838;4.99641e-10;3.61136e-08;6.05034e-08;4.22082e-09;9.34451e-07;9.66641e-05;1.09257e-07;2.50306e-06;5.51149e-09;8.42079e-06;4.49633e-06;4.87486e-05
2.83661e-08;1.40097e-05;0.999784;1.67311e-07;7.05531e-06;0.00017674;5.54615e-06;7.79478e-06;1.63081e-08;1.43841e-06;1.14353e-08;1.08801e-08;3.20273e-06;1.67665e-07
1.20593e-09;1.28819e-09;1;3.31383e-10;3.05312e-11;3.03672e-11;7.46594e-10;3.1457e-09;1.06779e-09;1.17236e-11;5.79512e-10;2.20831e-08;1.18192e-09;4.52352e-14
3.40805e-07;0.000148803;0.000988268;4.83098e-07;2.00783e-07;1.63956e-07;5.53064e-09;2.34569e-05;1.35737e-05;8.57013e-09;5.02975e-06;0.998802;3.83466e-07;1.72397e-05
2.53968e-07;0.00691283;2.85868e-07;7.23597e-08;2.85565e-07;5.10242e-05;2.22602e-08;6.62981e-05;1.03698e-07;1.02707e-07;3.02763e-07;2.61857e-05;0.992942;4.34128e-07
2.94704e-07;0.00137955;6.56585e-05;3.17888e-06;1.15259e-05;1.86811e-05;8.01981e-08;1.26066e-05;2.40336e-07;5.05149e-08;5.5009e-06;0.998294;3.22533e-05;0.000175888
5.16217e-06;0.000623463;2.99553e-06;5.0542e-07;0.00363206;2.46446e-05;1.45831e-08;0.99519;3.02766e-07;2.50889e-08;1.23106e-07;8.31972e-06;0.000130641;0.000381536
1.76043e-07;0.00383765;3.64381e-09;6.18453e-09;5.0217e-05;5.88286e-08;2.34674e-08;0.995937;2.65845e-07;1.02682e-08;9.48512e-09;7.83938e-07;0.00017412;7.59288e-09
8.878e-07;7.13962e-05;0.999277;2.03793e-06;0.000318604;2.2139e-05;1.34527e-10;3.08581e-06;3.26327e-10;7.09309e-08;1.41149e-08;0.000292654;4.70911e-06;7.40175e-06
4.25743e-07;0.983926;3.8355e-09;4.16193e-07;3.79621e-06;1.09491e-06;9.03212e-07;0.0135604;1.07451e-05;8.60848e-08;9.59431e-06;4.78126e-05;0.00243508;3.40581e-06
8.51116e-07;0.999668;2.19507e-05;3.58634e-06;7.63755e-07;3.49686e-07;1.79039e-05;0.000228845;1.30796e-08;2.14474e-05;3.33235e-09;4.43843e-07;3.05925e-05;5.37408e-06
5.04774e-09;3.19759e-08;0.999998;2.84371e-08;7.10469e-10;6.39036e-10;7.22538e-08;1.21399e-07;1.8652e-08;2.79342e-09;2.9412e-08;1.56759e-06;1.09402e-09;1.0892e-11
1.49453e-07;2.35164e-05;5.12038e-05;1.85011e-06;5.0163e-07;3.89559e-07;2.13978e-08;3.60535e-05;5.65982e-06;4.40897e-08;1.22876e-05;0.999831;2.79165e-07;3.70879e-05
1.44473e-07;0.00474989;3.02718e-08;9.78246e-09;7.40158e-07;4.50579e-05;9.6772e-09;2.21287e-05;2.32905e-08;1.36671e-08;1.37896e-07;1.34003e-06;0.99518;2.50947e-07
1.00415e-06;0.00673206;0.000167584;4.53366e-07;0.000163267;0.000142365;6.18329e-08;4.51546e-05;1.30964e-07;9.61327e-08;4.57174e-07;0.99068;0.000633509;0.00143381
6.77553e-05;0.0275959;2.52293e-05;6.61533e-07;0.00443083;9.42987e-05;2.42664e-08;0.958055;2.06973e-06;7.48591e-08;2.86068e-07;1.81739e-05;0.000207988;0.00950149
5.79032e-06;0.87722;1.00733e-08;2.33294e-07;6.32982e-06;1.07137e-06;6.73613e-05;0.110623;3.86881e-06;6.91022e-06;2.38311e-07;7.39608e-08;0.0106833;0.0013819
1.70752e-09;4.62462e-09;1;6.54751e-10;2.85232e-09;2.86451e-11;3.31619e-09;6.80468e-08;1.69229e-10;2.40247e-09;8.92481e-11;2.37581e-08;2.90868e-13;3.78564e-11
0.000361203;0.0284799;4.92969e-06;8.46721e-05;0.00115652;8.55224e-05;0.000182765;0.952919;0.0103075;5.46023e-05;0.000792436;0.00131047;0.00412138;0.000139165
3.89243e-05;0.221037;0.0311698;2.94768e-05;0.000825712;0.000105786;4.14038e-07;0.000205159;1.18776e-07;4.14781e-06;1.64414e-06;0.0807787;0.665727;7.61398e-05
1.02492e-05;0.20723;9.4792e-07;1.10202e-06;7.54654e-06;4.21979e-06;1.75793e-05;0.00388768;1.98367e-05;5.80937e-07;2.75316e-05;0.784585;0.00356807;0.000639915
1.1424e-05;0.98751;3.02846e-08;2.12509e-05;4.376e-05;7.83589e-06;0.0103611;3.30756e-05;2.99117e-05;0.00151228;0.000117794;1.02768e-05;0.000211256;0.000129979
1.97901e-05;1.67935e-05;0.997736;2.06091e-06;2.59237e-07;1.32927e-06;8.94096e-05;1.60348e-06;2.13419e-05;1.77868e-07;5.07992e-05;0.000147617;0.00191311;1.99892e-08
4.11187e-05;0.585398;6.56502e-08;4.91605e-05;2.1721e-05;0.00023413;3.13284e-05;0.00469186;0.00250419;5.77501e-06;0.00148988;0.000130847;0.404358;0.00104414
6.39467e-05;0.0508139;0.466241;8.78408e-05;0.000637707;1.344e-06;2.27311e-07;0.00190456;1.2912e-07;3.15259e-06;3.353e-07;0.474638;0.000265358;0.00534249
0.000639528;0.737759;1.85055e-05;0.000326801;0.000418901;0.000451072;0.000142518;0.0716071;0.00180323;2.58665e-05;0.000954498;0.0520034;0.129486;0.00436332
2.32613e-05;0.000385698;1.09045e-08;1.60064e-05;6.22764e-05;5.24897e-05;3.88149e-07;0.296933;0.000118935;9.67884e-07;0.000197509;5.33952e-05;0.702091;6.52541e-05
5.01086e-06;0.000110703;5.96374e-07;3.83966e-06;1.21745e-06;1.58413e-07;6.57338e-09;4.7882e-05;1.65532e-05;2.14126e-07;9.99915e-06;0.999161;0.000637401;5.50083e-06
1.14882e-06;0.836285;1.78591e-06;7.05789e-07;0.000140596;3.39915e-07;2.12852e-05;0.163523;7.53264e-07;7.14457e-06;5.10129e-07;2.13876e-06;2.73944e-06;1.31203e-05
0.000385746;0.0135639;0.110743;0.0012405;0.0508663;0.000501655;1.25662e-06;0.0112648;4.93349e-06;5.89726e-05;0.000173218;0.800883;0.000570869;0.00974187
0.000947253;0.696346;6.12521e-07;0.000131246;0.000546302;8.47574e-05;0.00116347;0.0386212;0.0524276;1.17682e-05;0.0640762;0.0706369;0.0470121;0.0279947
2.43253e-05;0.99923;1.90331e-09;8.00498e-08;4.01687e-07;5.46618e-09;5.26074e-07;2.50634e-05;9.74127e-07;9.35658e-08;1.44067e-07;8.63375e-05;0.000631595;6.80156e-07
4.03355e-05;0.00510009;0.000265665;4.97051e-06;0.0019358;7.64334e-06;4.23468e-08;5.5172e-05;5.70049e-06;2.79719e-06;1.02906e-07;0.973303;0.000419368;0.018859
0.000115169;0.0029105;2.74994e-09;1.08753e-06;0.000627833;4.38454e-06;8.29258e-05;0.962227;0.0339563;7.37454e-07;4.83731e-05;7.14266e-07;2.23738e-05;2.81407e-06
0.000831212;0.559813;0.412463;0.000104603;0.00485975;0.00205694;1.31777e-06;0.00144357;1.32278e-05;9.25896e-06;5.64032e-07;0.0126661;0.00388199;0.00185536
0.00039936;0.000826379;3.62328e-09;2.14792e-07;0.000462122;3.67221e-05;6.28478e-08;0.852094;0.000112476;5.37981e-08;1.47275e-05;0.000179506;0.145812;6.17566e-05
6.70397e-05;0.00177674;5.2858e-07;1.1497e-05;1.84344e-05;6.81758e-05;7.64667e-07;0.00049097;0.000968822;5.7166e-06;8.47149e-05;0.790983;0.205517;6.61077e-06
0.00010774;0.950178;0.0465396;0.000697087;8.9982e-05;2.06818e-05;0.000104304;0.00100905;6.74829e-05;4.69807e-05;5.23987e-05;0.000849381;0.000198816;3.80848e-05
7.65744e-05;0.289563;3.16702e-07;2.28271e-05;2.78525e-05;5.1518e-06;3.18964e-05;0.525132;0.00112534;4.49208e-06;0.00169783;0.00740255;0.174883;2.69382e-05
5.35139e-05;0.997269;3.76557e-09;1.25238e-06;1.11288e-05;8.36951e-07;0.00014531;2.53065e-05;1.53314e-06;3.31249e-05;3.14394e-05;0.00223593;0.000108564;8.32902e-05
0.013804;0.012201;0.0630596;0.00248843;0.218313;0.00469196;3.4368e-05;0.00384435;0.00355029;8.25346e-05;0.000483974;0.656626;0.00169659;0.0191242
0.000564182;0.992337;5.23905e-10;2.39465e-08;1.44216e-06;1.17147e-06;0.000291174;0.00541074;9.61743e-05;1.13507e-05;1.90155e-06;3.76238e-08;0.000401735;0.000883395
2.76258e-09;5.03596e-11;0.999978;7.9003e-12;9.2476e-09;1.04246e-09;5.65302e-12;4.98978e-09;4.30043e-10;4.46662e-12;3.67157e-11;2.23284e-05;6.88157e-12;2.57661e-12
0.000212265;0.072809;4.23443e-05;3.51552e-05;0.00295914;0.00154894;9.37381e-05;0.775509;0.0251059;5.54249e-06;0.00064683;0.00414924;0.0962091;0.0206739
2.08823e-05;0.00194343;2.03491e-08;5.48537e-07;3.2348e-05;6.78125e-06;4.38473e-08;0.61308;1.74152e-05;1.66966e-07;1.57984e-06;0.000323677;0.384523;4.97558e-05
8.2937e-07;9.78893e-05;5.64242e-08;1.71018e-07;1.00509e-07;2.63993e-07;5.45782e-10;3.12106e-05;1.13065e-06;2.66531e-08;1.76692e-07;0.999599;0.000259935;9.18417e-06
0.000155397;0.705145;8.55501e-06;5.68011e-05;0.000123367;0.000312238;0.000173787;0.159123;0.000244668;2.4773e-05;0.000290959;0.00102837;0.133123;0.000190329
5.39306e-05;0.056835;4.80732e-05;1.99232e-05;0.00438473;4.67496e-05;1.20627e-07;0.00105152;9.3551e-07;8.74333e-06;4.93896e-06;0.934604;0.00187211;0.00106923
3.70602e-05;0.645631;1.31718e-09;2.02706e-06;2.39179e-07;5.7991e-07;0.3493;5.28472e-06;1.06745e-05;0.00389631;1.22902e-05;1.0462e-07;5.41157e-06;0.00109955
1.03013e-09;4.54438e-12;1;3.06727e-11;1.01667e-10;1.05889e-10;4.34809e-10;9.95088e-10;8.15482e-10;4.16358e-11;3.36996e-10;3.56162e-09;3.1807e-13;1.43685e-13
8.39628e-05;0.065994;3.06026e-09;2.94094e-06;0.000111882;1.07135e-05;9.45486e-07;0.0349302;0.00380173;7.13664e-07;0.000253343;0.000462939;0.894315;3.20194e-05
0.00574557;0.224888;0.00114536;0.000115424;0.00241766;0.000821001;0.0172442;0.151179;0.00329107;0.016976;0.000318626;0.00677697;0.567003;0.00207754
7.92761e-09;2.93913e-09;0.999994;1.27288e-08;3.15881e-08;5.68951e-09;6.61751e-09;1.73938e-08;7.40616e-09;2.03371e-09;4.20334e-09;5.84418e-06;1.96849e-10;6.71992e-11
2.47264e-05;0.0264547;2.95419e-05;0.000146215;0.000377849;1.348e-06;1.96911e-05;0.195005;0.00295177;1.70714e-05;0.00061496;0.774186;6.79363e-05;0.000103743
3.57873e-07;0.993432;2.27375e-05;3.89901e-05;5.51948e-05;0.000121512;4.53998e-06;2.05212e-06;2.33162e-08;3.55704e-05;1.46168e-06;5.14773e-05;0.00579056;0.000443069
2.19403e-05;0.00408546;0.000509575;9.77782e-05;0.000213863;3.22909e-05;5.53766e-07;9.73005e-06;1.9936e-06;7.68985e-08;1.42695e-05;0.994917;4.31154e-05;5.26356e-05
0.00161087;0.964986;6.40874e-07;4.52322e-05;0.000311179;0.000330836;6.875e-05;0.0145285;0.00411073;7.39256e-07;0.000263942;0.000245653;0.0132869;0.000210631
2.28676e-05;0.96366;1.60649e-07;6.9279e-07;0.000210152;8.74832e-06;1.32498e-07;0.00260167;8.63441e-07;1.37031e-07;9.69558e-08;0.000378254;0.0248553;0.00826123
6.12484e-08;0.00493909;2.39408e-12;9.67469e-08;4.13243e-06;5.42312e-08;8.50012e-07;0.00014439;1.2638e-07;1.8337e-06;5.97665e-09;3.29374e-10;2.16716e-07;0.994909
2.4051e-09;5.90391e-08;0.999993;1.20512e-08;9.7546e-10;8.62745e-13;1.15491e-08;2.1988e-08;5.24908e-08;3.46745e-10;6.34139e-08;6.35546e-06;1.22873e-12;5.48196e-11
4.24295e-05;0.00107941;1.14104e-07;0.000288587;9.24676e-06;2.38191e-06;0.000187097;0.000682122;0.961198;2.71809e-06;0.0353962;0.000344382;0.000625299;0.000141804
3.05085e-05;0.992836;2.56902e-07;8.43845e-06;5.50452e-06;1.58079e-06;3.9666e-06;0.000524073;1.29784e-05;7.56234e-07;1.34418e-05;0.00206091;0.00403882;0.000462849
1.99398e-06;0.00135478;9.33329e-06;6.35631e-07;2.07158e-05;5.91037e-07;3.00756e-09;0.00700924;3.51575e-08;5.72444e-09;4.00934e-08;0.989601;0.00156219;0.000439085
1.31368e-05;0.0125859;1.18057e-09;0.000144265;0.00564172;4.04789e-06;0.00052381;0.973104;0.00543352;6.34707e-05;0.00106716;0.000135701;0.000731669;0.000551668
8.50416e-05;0.0120314;0.985291;0.000489725;0.000157788;0.000176373;2.41373e-05;1.25885e-05;6.04669e-06;6.11519e-06;4.88026e-05;0.000846332;0.000302198;0.000522493
0.000405238;0.0662816;2.1985e-07;2.38935e-07;1.73165e-05;5.4434e-06;1.15932e-06;0.903928;2.14842e-05;8.75925e-08;5.1516e-05;3.63123e-06;0.0292378;4.63331e-05
1.88741e-09;1.76891e-05;2.18333e-08;2.72227e-09;2.55641e-08;1.21306e-09;1.39887e-11;3.55474e-08;1.09523e-09;1.30414e-10;3.38806e-09;0.999981;5.38912e-07;1.08047e-06
2.66685e-06;0.99077;3.048e-08;1.88437e-07;1.58411e-05;5.06831e-08;3.39859e-07;0.00205393;1.65525e-07;4.07472e-08;2.94012e-07;6.96229e-05;0.00707371;1.34346e-05
1.74939e-06;0.00612385;8.65118e-05;3.19816e-08;1.46246e-07;2.34231e-09;5.72542e-08;0.00134243;9.9121e-08;8.86913e-09;2.43812e-08;0.99241;2.77033e-05;7.66659e-06
2.34149e-05;0.0157839;2.00858e-07;2.61305e-06;3.89709e-05;0.00053065;1.0933e-07;0.974198;3.16992e-05;7.22855e-07;1.43197e-06;0.00542102;0.00375201;0.000215505
2.33722e-05;0.998078;1.66676e-07;2.52043e-07;2.63577e-07;3.62075e-06;8.6522e-05;0.000647656;2.70113e-07;3.86295e-05;5.47552e-08;4.39574e-07;6.34867e-05;0.00105726
5.84797e-10;4.60797e-09;1;2.6461e-10;9.67688e-10;4.60168e-09;1.76892e-07;9.28508e-09;7.91727e-10;5.53445e-08;1.31391e-10;5.0561e-10;2.00228e-11;2.77319e-11
1.29256e-09;2.09905e-09;1;1.59665e-09;2.15101e-10;9.99311e-10;3.64686e-09;1.53626e-08;1.11893e-08;1.97457e-10;1.69954e-09;2.41792e-07;5.67333e-10;8.95439e-12
4.04364e-07;0.00138964;0.000866745;8.5558e-06;1.10574e-05;1.27279e-05;3.53817e-08;0.00172172;7.34023e-06;2.95733e-07;8.76111e-06;0.99511;1.77752e-05;0.00084522
3.0231e-07;0.987058;5.62211e-08;1.42794e-07;4.60641e-06;0.000386596;1.65527e-07;4.21403e-05;1.32544e-09;6.45367e-08;2.83796e-08;9.41349e-07;0.0115186;0.000988229
2.91846e-09;0.000992232;1.41168e-07;3.27758e-07;9.44921e-06;0.000109588;4.32822e-10;0.00018012;5.32488e-10;1.63851e-09;3.5195e-08;0.991769;6.63168e-05;0.00687234
9.93394e-09;0.999636;1.18622e-09;1.90766e-08;1.34114e-08;1.74254e-06;2.98441e-06;8.91162e-07;2.07645e-10;9.20878e-08;1.98785e-09;6.90119e-10;0.000258574;0.000100087
8.63687e-10;8.24189e-08;0.999923;3.8553e-09;3.67582e-09;5.89885e-09;2.72321e-10;6.21357e-08;1.12335e-11;7.97995e-11;6.42267e-11;7.71624e-05;2.41274e-08;2.96485e-09
3.37399e-06;0.0532656;1.72036e-07;0.000255379;1.71969e-05;6.9616e-05;1.24634e-05;0.00828145;0.000268075;2.23979e-06;0.00113944;0.00223435;0.934068;0.000382456
1.59052e-07;0.955222;1.37061e-08;2.86253e-06;2.1178e-06;0.000414425;8.08367e-07;0.000607557;1.70789e-09;2.65004e-05;1.92384e-08;5.50598e-08;0.00658254;0.0371413
5.86523e-10;3.64385e-08;0.999997;3.4743e-08;1.24451e-09;6.8896e-10;4.01818e-10;9.74444e-09;9.1127e-12;6.67373e-10;8.74063e-10;2.58428e-06;2.00298e-09;1.10397e-10
0.00032593;0.0013449;0.020131;0.000934485;0.00689922;1.59425e-05;0.00089724;0.935648;0.000130615;0.000146015;0.000815346;0.000941517;2.00616e-05;0.0317499
0.000219207;0.00445629;2.20488e-07;4.61124e-06;0.00185295;1.5937e-05;0.00197272;0.989059;0.0013008;1.8974e-05;0.000824949;2.25967e-06;0.000266046;6.41068e-06
0.000179667;0.000544893;0.990998;2.66428e-05;0.00148521;3.05822e-05;2.46473e-07;1.93466e-05;7.92985e-07;1.74452e-06;3.59376e-06;0.00615796;3.59433e-05;0.00051567
3.63673e-06;0.9967;9.58552e-09;8.09931e-07;3.77108e-06;3.69036e-07;3.24744e-06;0.00138354;0.000150806;8.36679e-08;4.60315e-05;0.000718298;0.000930339;5.88486e-05
1.7106e-07;0.00177586;2.46254e-10;3.89428e-09;2.79801e-05;2.33847e-09;2.05248e-09;0.99819;1.38025e-08;2.52048e-08;1.93517e-10;1.77827e-07;3.27013e-06;2.68877e-06
9.98526e-07;0.000158425;0.996353;4.1609e-06;1.42149e-05;2.26813e-05;2.24148e-08;4.91552e-06;6.96025e-08;1.5531e-06;7.04514e-07;0.00250299;0.00092881;7.72396e-06
1.74997e-05;0.985767;1.78949e-08;5.59658e-08;8.04907e-07;9.93913e-08;0.0085456;0.00557689;5.9683e-06;2.66994e-05;1.04612e-05;4.74797e-08;5.58083e-06;4.28182e-05
8.42669e-09;5.32364e-09;0.999998;9.51488e-09;1.91155e-08;1.74389e-09;1.05565e-06;2.75112e-07;2.24289e-07;2.64386e-08;3.45249e-08;3.09884e-07;9.018e-11;2.66196e-10
2.48784e-05;0.997857;6.74936e-07;1.70898e-05;1.3925e-06;2.25961e-07;0.000131762;0.00139953;0.00034988;6.08754e-07;3.56784e-05;5.70224e-05;6.49276e-05;5.96454e-05
8.49013e-07;0.000764241;1.41914e-09;2.74619e-05;8.80473e-06;3.89964e-06;3.36877e-08;0.997988;9.50616e-06;6.49576e-07;1.51508e-05;0.00110665;3.75997e-05;3.73044e-05
1.95515e-05;0.988237;1.62446e-08;3.22617e-06;8.21777e-06;5.40373e-06;3.06154e-05;0.00753108;1.11203e-06;1.65074e-06;5.13475e-05;0.00051547;0.00356714;2.77279e-05
5.03656e-06;0.000804572;4.96718e-09;6.01386e-06;2.20467e-05;1.96819e-06;1.68929e-07;0.00586914;1.10812e-05;1.1051e-07;3.12e-05;0.000190621;0.993057;1.13006e-06
4.32784e-05;0.987679;0.000475483;0.000776991;1.22852e-05;1.61936e-05;0.002566;0.00323418;5.67857e-06;0.00070933;1.94441e-05;8.63497e-05;0.000244246;0.00413167
1.04256e-09;3.52485e-09;0.999999;9.29946e-08;5.71048e-10;1.55289e-09;1.70316e-08;2.4213e-08;6.20395e-10;1.17795e-09;1.30157e-07;4.20324e-07;2.78134e-09;3.39752e-11
1.47269e-06;0.00193772;0.00126428;0.000583865;1.17811e-05;5.26362e-05;5.1742e-07;0.00362163;3.46724e-05;9.8417e-06;0.00870465;0.982532;7.3922e-05;0.00117066
1.62389e-06;0.980988;3.3789e-10;3.45222e-05;7.21918e-05;0.000229247;2.6101e-07;0.0102753;1.22426e-05;3.31772e-06;0.000600657;1.69071e-07;0.00770679;7.62712e-05
9.17061e-06;0.0101669;0.00380536;9.70096e-05;5.75614e-05;1.84275e-05;3.18404e-08;0.000117786;3.21542e-08;4.81251e-07;1.2488e-05;0.984775;1.03834e-05;0.000929523
1.25559e-05;0.0306735;1.02237e-06;1.59638e-05;0.000288135;0.0078321;7.91866e-06;0.059984;2.34594e-06;1.62672e-05;8.1338e-05;1.13189e-07;0.900413;0.000671973
4.30519e-10;2.28257e-09;1;3.14033e-09;1.49709e-10;5.19798e-10;4.46404e-11;4.01801e-09;2.16689e-11;2.75711e-12;9.63571e-10;6.11031e-08;2.09319e-09;1.11128e-12
1.2066e-07;1.14111e-05;2.28238e-05;2.92735e-05;5.00862e-07;6.78007e-07;3.24079e-09;4.96373e-05;7.07662e-06;2.25607e-08;4.25956e-05;0.999727;1.56297e-05;9.33882e-05
6.00613e-06;0.997573;1.27154e-05;1.05367e-05;6.2388e-07;3.83679e-07;7.85237e-07;0.0013237;2.16612e-08;1.81303e-07;1.68905e-06;3.68649e-06;0.00104005;2.65763e-05
1.42541e-09;1.34669e-05;1.9152e-08;7.33079e-09;6.49145e-05;1.74721e-07;1.80496e-11;0.999867;9.43169e-11;3.30447e-09;5.36813e-10;1.46335e-07;3.96066e-05;1.41711e-05
6.09934e-11;7.62837e-07;0.999997;1.2831e-07;1.09654e-07;1.71463e-06;2.37897e-11;2.36057e-09;4.56943e-12;6.9949e-09;6.68047e-10;7.34582e-09;2.46482e-09;2.1241e-07
9.45243e-05;0.0193338;6.24147e-05;8.86661e-06;1.88243e-05;9.93057e-05;8.34472e-06;0.00912188;4.61614e-05;2.62556e-06;0.00177099;0.000232204;0.969199;1.59824e-06
