7.09721e-06;0.99944;9.4868e-05;1.65069e-05;3.79038e-06;1.204e-07;8.86471e-07;0.000323456;1.08381e-07;1.1426e-06;2.30515e-07;0.000101733;6.34147e-06;3.43926e-06
4.52684e-06;0.988956;1.35864e-08;1.29753e-06;6.97323e-07;4.54148e-06;2.05956e-06;1.37253e-05;1.53585e-06;1.54147e-06;1.47124e-06;0.00854684;0.00244603;1.98533e-05
1.53674e-05;0.0516433;7.39944e-07;2.28294e-05;0.000109156;0.000782252;3.38081e-06;0.0044089;0.000278274;1.99656e-06;0.00141339;0.462303;0.478996;2.14771e-05
3.81754e-05;0.89985;0.0576914;0.000508778;0.00126464;0.000190009;1.58392e-06;0.00305219;2.11045e-06;2.3379e-05;3.14118e-06;0.0124402;0.018402;0.00653278
0.000346198;0.897118;1.17807e-06;0.000249434;0.00111856;0.000125032;0.00072808;0.0262769;0.0205994;1.48024e-05;0.00495103;0.00243712;0.04509;0.000943784
0.00037219;0.00898948;1.98414e-05;0.000310293;0.0109855;0.00672499;5.20153e-07;0.897339;0.00173444;8.03452e-06;0.00227442;0.022007;0.0485309;0.000704047
0.000160544;0.789562;2.38008e-09;1.23475e-06;0.000200744;3.04209e-06;4.40876e-07;0.0402618;1.01421e-06;1.15177e-06;6.24589e-06;0.0675017;0.102274;2.52272e-05
0.000523696;0.731315;3.78003e-05;0.0036367;0.0183527;0.000437958;3.44713e-05;0.025947;0.00195568;7.51349e-05;0.000383758;0.0425853;0.0472349;0.12748
0.00111204;0.165773;2.79541e-07;0.0170974;0.0654421;0.0204396;0.00176265;0.0561088;0.31073;0.0014724;0.205025;0.00800681;0.112201;0.0348286
0.000585071;0.997235;9.50767e-07;7.53521e-07;6.96904e-08;1.06716e-08;0.000205686;1.46033e-06;1.0056e-05;2.11303e-07;2.68929e-05;0.00192368;9.44311e-06;4.23466e-07
0.000113273;0.207488;2.59401e-07;0.00050803;0.00688862;0.000161399;6.28632e-06;0.086821;0.0426645;1.44376e-05;0.00127857;0.645466;0.00158029;0.00700938
3.99111e-05;0.855346;4.66232e-05;5.48566e-05;1.49051e-06;6.36053e-07;3.96691e-06;9.39972e-07;2.14814e-06;4.24405e-06;7.20237e-06;2.015e-06;0.144488;2.54421e-06
7.58007e-06;0.00509427;8.82086e-08;1.41202e-07;1.06956e-08;1.17349e-08;4.93644e-08;2.17417e-05;6.456e-06;1.36606e-09;5.00989e-07;0.994766;0.000100353;3.22745e-06
5.9012e-05;0.513616;4.17666e-06;1.44185e-05;0.0060686;0.00070313;1.32765e-06;0.188822;3.37991e-06;3.95325e-06;9.91669e-08;0.000123664;0.265864;0.0247162
3.18228e-07;2.02983e-05;9.95967e-08;5.99573e-07;8.92622e-08;0.00334152;1.42409e-06;4.93735e-08;1.33933e-06;1.88461e-06;6.2394e-07;8.36876e-08;0.99663;1.48087e-06
9.63612e-08;3.93915e-06;0.999995;1.111e-07;1.75166e-08;3.68746e-08;3.45504e-09;1.80265e-08;4.30433e-10;1.02961e-08;3.56878e-10;8.24102e-07;1.11631e-08;1.1377e-07
6.33001e-06;0.994953;1.75795e-06;1.54365e-05;2.18273e-05;2.30504e-05;1.56751e-05;0.00328257;0.000372305;7.84536e-07;0.000164726;1.80817e-05;0.000969423;0.000154748
