2.03197e-06;0.988816;9.35482e-12;2.93176e-06;1.27089e-06;5.61082e-07;1.06318e-05;0.00135887;1.05157e-05;1.2059e-06;5.33709e-05;5.96405e-05;0.00968057;2.42998e-06
3.48185e-05;0.936958;4.75709e-07;3.77035e-05;2.83257e-07;2.70104e-06;2.48038e-05;6.91434e-07;1.2137e-05;9.14995e-07;7.4878e-05;0.059855;0.00299377;3.6875e-06
0.00358347;0.135166;0.00012072;0.00108769;0.00132622;0.00159996;0.000133908;0.13014;0.00296955;8.18502e-05;0.00365558;0.268166;0.448432;0.00353727
4.16733e-06;0.978804;1.0073e-06;6.17497e-06;9.64581e-07;0.000167992;0.017833;0.00013867;1.17069e-06;0.000928298;2.93755e-06;4.1238e-07;0.000129825;0.00198108
5.19693e-11;1.97824e-11;1;1.77529e-09;6.8815e-11;1.03335e-10;4.05247e-09;7.76963e-11;7.93272e-11;9.70803e-11;2.14351e-09;2.21425e-08;4.60876e-12;2.66913e-12
0.000177079;0.294112;0.0209673;0.000131274;4.60789e-05;0.000152064;0.439851;0.0482899;0.000665299;0.00141375;0.00349021;3.65519e-06;0.189255;0.00144475
1.04246e-11;2.17896e-12;1;1.73908e-11;4.85809e-11;8.74388e-12;5.74133e-11;1.6148e-12;6.31701e-12;2.75432e-12;5.55458e-11;2.19892e-09;4.99712e-14;1.25961e-13
0.000182001;0.0308389;0.572854;6.89422e-05;0.000876433;3.69339e-05;8.71872e-07;0.357239;6.58493e-05;8.1468e-06;8.85054e-06;0.0343089;1.60877e-05;0.0034951
1.36099e-06;8.15892e-06;0.00252011;1.03333e-06;0.00107537;0.00200712;1.1035e-08;9.1925e-06;3.95458e-08;1.11976e-07;3.66489e-07;0.00140031;3.60695e-06;0.992973
0.000334458;0.0037699;0.000505047;3.3086e-06;0.00661462;0.00154276;1.76613e-07;0.00173166;1.40269e-06;3.08258e-07;2.48292e-05;0.829259;0.122043;0.0341695
7.12976e-06;0.000602691;3.82198e-06;2.46661e-07;0.00122027;2.6007e-05;3.79374e-10;0.997934;8.80163e-08;2.97592e-09;5.37816e-09;8.23668e-05;0.000121685;1.4286e-06
3.82918e-06;0.0596503;0.000247856;7.91589e-07;8.42351e-05;0.000376747;3.02842e-07;0.00163884;7.41676e-09;2.35379e-05;1.0743e-08;1.40629e-06;0.937041;0.000931023
1.69618e-09;6.25695e-10;0.999999;1.29809e-08;3.01381e-10;8.24624e-10;1.119e-09;8.11833e-09;3.46357e-10;3.85584e-10;1.8059e-09;1.27713e-06;3.6719e-11;5.46585e-12
0.000495325;0.00652264;0.0067567;0.00389468;0.000245576;2.15775e-06;9.29775e-05;0.0572581;0.00618978;3.6053e-06;0.00212772;0.916141;8.13957e-05;0.00018821
3.78281e-05;0.963241;1.19316e-07;1.22101e-06;9.79221e-06;3.43437e-07;1.43036e-07;0.00217763;1.23014e-06;2.47262e-07;1.08321e-06;0.00223033;0.0321754;0.000123559
6.22706e-05;0.0036308;1.12018e-07;1.72333e-06;0.0202969;0.000287112;3.44093e-06;0.193245;2.52227e-07;3.2083e-06;4.05381e-07;0.573934;0.170635;0.0378992
5.84803e-07;8.70353e-05;2.73938e-07;1.42086e-06;3.74569e-06;0.0170461;3.65672e-08;7.78412e-07;4.78903e-07;1.34962e-06;1.90025e-07;2.83791e-07;0.979836;0.00302135
2.59748e-08;2.48723e-06;0.999997;5.02657e-08;5.40039e-09;1.86366e-09;3.97992e-10;4.18065e-08;2.61475e-10;6.13397e-09;1.51049e-10;2.84866e-08;9.57575e-10;8.51103e-09
0.000151444;0.813223;5.11324e-05;0.000814626;0.00143656;0.000722987;0.000373415;0.127052;0.0348934;0.000104053;0.012198;0.000352156;0.00552176;0.00310605
