5.8305e-06;0.995143;1.73201e-07;2.77754e-06;1.47176e-06;5.87766e-07;0.00143492;0.000749443;2.92294e-07;0.000203747;3.55225e-07;2.85819e-07;8.10072e-06;0.00244842
9.23049e-11;8.0655e-12;1;2.1773e-10;5.62502e-10;2.79251e-11;9.39479e-10;5.69623e-10;6.43299e-11;1.13806e-10;5.58936e-10;2.90853e-08;1.22223e-14;8.25382e-13
1.21456e-06;0.994009;2.04975e-07;3.47766e-07;4.49668e-07;4.71705e-08;3.8179e-08;2.74663e-06;8.7731e-09;3.06397e-08;4.83534e-08;9.3889e-07;0.00598514;1.61596e-07
9.78635e-08;0.00101439;4.20686e-07;9.73818e-08;3.50711e-07;1.65339e-07;7.41589e-08;0.000401407;8.65779e-07;2.56986e-09;1.53143e-06;0.998035;2.04027e-05;0.000525391
1.04005e-06;0.996647;6.97846e-07;7.4871e-05;0.000229622;0.000240817;1.92361e-06;0.00108745;3.04487e-06;1.74834e-06;2.84083e-05;0.00024374;0.00102762;0.000412109
4.29296e-05;0.00196453;4.67648e-05;7.81602e-06;0.000499654;2.21116e-05;6.32607e-07;0.978772;1.22043e-07;1.18326e-06;7.00721e-07;0.0176854;0.000888696;6.72748e-05
7.45247e-05;0.0549504;0.896171;6.93993e-05;0.00228482;0.00324365;8.37705e-05;0.0389781;6.46781e-07;0.000478662;2.6607e-06;1.51246e-05;0.000153214;0.00349381
3.7431e-09;1.92714e-10;1;2.38107e-10;2.57747e-09;5.33089e-10;2.18056e-10;5.31995e-08;4.44161e-10;1.92498e-11;1.72557e-09;5.57967e-08;3.337e-10;8.44064e-12
6.47024e-07;0.000243665;0.00129767;3.61603e-07;4.50663e-07;1.67196e-07;4.1244e-08;4.39255e-05;9.13641e-06;6.15381e-08;2.19377e-05;0.998297;1.57685e-05;6.87943e-05
1.12859e-06;0.998452;4.1458e-08;1.35553e-06;1.21361e-05;6.26108e-05;3.66578e-05;0.000832535;1.34645e-06;8.90024e-05;8.32212e-07;1.09877e-08;0.000120053;0.000390585
4.03672e-09;2.61626e-07;0.997809;1.44122e-09;3.62487e-08;1.25397e-09;3.357e-10;5.35672e-08;2.12385e-11;8.83408e-11;1.29339e-10;0.00219067;5.5206e-10;5.07472e-10
2.17667e-06;0.0733454;0.000636698;3.55401e-07;0.000193661;4.25248e-05;8.58938e-08;0.902468;9.75025e-08;2.46415e-08;2.0585e-07;0.00317973;0.020109;2.18211e-05
3.05999e-08;0.00167841;6.61842e-09;1.00097e-07;8.12879e-07;9.2872e-05;6.72968e-07;3.29154e-05;7.40997e-08;3.30546e-07;1.44414e-07;1.22875e-06;0.998186;6.74778e-06
1.28733e-05;0.00864987;0.977358;0.000103769;2.59264e-05;9.81682e-06;6.70667e-07;5.37691e-05;7.30185e-08;4.78286e-06;3.45042e-07;0.0136679;1.00331e-05;0.000102595
9.21977e-07;0.996822;5.0471e-09;1.04586e-05;3.16371e-06;1.09529e-06;8.06845e-06;0.00122851;4.08397e-06;2.60062e-07;7.15009e-06;1.43502e-05;0.00184577;5.43495e-05
7.23741e-07;0.000735101;3.01321e-10;4.32859e-09;5.77145e-06;1.97029e-08;1.97167e-10;0.999141;1.11477e-09;4.98499e-09;1.55365e-09;3.85041e-06;0.000111436;1.85331e-06
6.9776e-07;0.975283;0.00052553;7.49563e-06;0.000302575;4.92869e-05;6.45075e-05;0.00586567;1.59488e-07;0.000224247;4.74587e-07;0.00192412;0.000127056;0.0156254
2.38937e-10;3.15311e-09;1;1.34054e-09;1.68019e-11;8.12852e-12;2.38861e-09;3.06433e-08;6.73031e-10;8.06688e-11;5.0373e-09;4.27893e-08;2.83573e-10;7.43645e-14
6.40661e-07;9.18027e-05;0.00106448;1.6978e-06;1.61328e-06;1.03405e-07;2.71167e-08;0.000181476;3.76127e-05;6.08425e-08;1.93139e-05;0.998588;5.61773e-07;1.30906e-05
7.71393e-07;0.00186826;6.57621e-08;1.59038e-08;3.18779e-07;2.91808e-05;2.16723e-08;4.58432e-05;5.57734e-07;4.36875e-08;5.12798e-07;1.54937e-06;0.998053;1.9296e-07
2.10756e-06;0.000446213;0.000100719;5.11495e-07;9.81019e-05;6.8064e-06;7.94528e-09;3.1076e-06;5.77951e-07;1.54163e-08;2.57092e-07;0.999293;1.22538e-05;3.62034e-05
3.04242e-05;8.16857e-05;2.36654e-06;1.00241e-07;0.00152781;6.55224e-07;5.45358e-09;0.998323;5.33041e-06;1.00624e-08;2.13359e-08;2.58469e-06;1.21156e-05;1.39185e-05
1.00083e-07;0.000113393;2.49889e-10;1.93898e-09;3.98262e-05;4.15546e-09;4.61882e-09;0.999843;9.49977e-07;3.17211e-09;1.14714e-09;6.24277e-09;3.15983e-06;7.90271e-10
4.83993e-06;2.96596e-05;0.998855;9.37783e-06;0.000981629;1.97918e-05;2.89642e-10;4.6826e-06;9.62709e-09;1.17713e-07;7.21074e-08;7.01748e-05;1.55574e-06;2.28818e-05
2.11556e-06;0.991333;6.21758e-09;5.50522e-07;3.61926e-06;6.84705e-07;3.10136e-07;0.00611265;1.06062e-05;1.97608e-08;5.87905e-06;0.000691203;0.00182802;1.1192e-05
1.80144e-06;0.891915;5.21922e-08;8.2069e-07;1.24755e-06;5.46852e-09;5.90387e-06;0.107452;1.24595e-06;7.05146e-07;4.85931e-07;2.35103e-05;0.000596817;3.20526e-07
1.38835e-06;0.000382151;0.00306426;0.000108712;8.07502e-05;3.5595e-05;1.03274e-07;8.8038e-05;1.17682e-07;2.38254e-06;2.18288e-06;0.996162;4.28758e-05;2.96859e-05
0.000308192;0.74526;2.71205e-07;0.0012484;1.45731e-05;0.000108508;0.0217368;0.0253432;0.0273339;0.000117054;0.078762;0.000255792;0.0994843;2.67828e-05
1.4319e-05;0.37795;1.72255e-09;3.46042e-06;3.21627e-08;5.60601e-06;2.17533e-05;1.7748e-05;1.30663e-05;6.91558e-07;4.13404e-05;2.58269e-05;0.621906;3.99421e-08
0.000609128;0.0411978;0.738808;0.000336332;0.000118142;2.18417e-05;1.56296e-06;0.000453045;5.52774e-06;2.19634e-05;2.83619e-06;0.215544;8.97996e-05;0.00279031
8.36512e-06;0.237716;4.62608e-12;7.46976e-07;7.63108e-05;2.65575e-07;8.74953e-07;0.761774;5.8855e-05;2.24206e-07;4.91604e-06;5.14118e-08;0.000357904;6.0994e-07
0.000419174;0.0289793;0.944355;0.000674803;0.00416527;0.0135498;4.60395e-05;0.00307864;1.19254e-05;0.00221364;1.99271e-05;0.00113879;0.000216773;0.00113107
5.21406e-07;1.46015e-09;0.999999;1.35839e-09;2.30881e-08;2.74246e-09;7.81316e-09;2.42012e-08;7.61254e-08;2.77672e-10;3.74516e-08;5.99848e-07;8.41745e-11;4.75119e-11
7.1749e-05;0.00179182;0.841742;2.7689e-06;1.98441e-06;2.60453e-06;3.57518e-06;0.000101787;0.000162468;2.29155e-07;7.98314e-06;0.156074;1.48188e-05;2.24647e-05
0.000413301;0.271892;0.000535238;4.31696e-05;0.0848121;0.324586;1.88417e-06;0.00164601;0.000152181;1.69096e-05;0.00010262;0.00719273;0.0284475;0.280158
0.000109366;0.0709886;0.000329669;2.90464e-05;0.222146;0.0268921;2.40816e-08;0.0577357;1.81517e-06;7.24651e-06;1.94122e-07;0.480467;0.106516;0.0347761
8.14115e-05;0.126591;1.36071e-07;0.000143536;0.00203706;0.000152077;4.72624e-07;0.83916;0.00335492;2.87148e-06;4.36493e-05;0.000331201;0.0280841;1.74207e-05
1.28605e-06;0.998332;5.41853e-05;2.1346e-06;2.26606e-06;1.30759e-06;2.67621e-06;0.0015707;3.98456e-09;6.03077e-06;3.95706e-10;1.06143e-07;7.42011e-06;2.00281e-05
3.30288e-09;2.35281e-08;0.999999;1.31543e-08;1.52211e-09;3.33488e-10;3.23102e-09;2.5759e-08;2.26196e-09;1.38534e-10;5.87371e-09;6.35572e-07;1.47146e-09;3.83271e-12
2.04393e-07;0.000436876;0.000293579;1.68267e-06;5.83507e-06;2.26199e-07;8.9671e-10;0.000514138;1.26043e-06;1.29675e-08;2.4882e-06;0.998592;7.65842e-07;0.000151246
5.00698e-06;0.749561;6.62632e-06;6.40744e-06;7.67364e-05;0.000200407;3.637e-07;0.000490083;8.52958e-06;1.76254e-06;0.000124582;0.0554889;0.193986;4.37026e-05
1.48063e-05;0.576635;9.36165e-08;8.10891e-06;0.000227122;0.000529416;6.26769e-05;0.065215;7.89981e-06;0.000168422;3.84248e-05;0.000348016;2.79962e-05;0.356717
7.55904e-10;2.80839e-08;1;4.5465e-10;3.33751e-08;1.24766e-08;1.09839e-10;3.38887e-07;7.5312e-13;6.91512e-11;4.86852e-12;1.57399e-07;4.30015e-11;2.77001e-08
9.16336e-07;0.000460429;9.95949e-06;6.75646e-08;0.000316445;6.73659e-06;2.22648e-10;0.994415;3.34804e-09;2.2276e-09;4.07584e-09;0.00277075;0.00174146;0.000277733
1.35322e-06;0.00192465;1.53079e-06;2.19331e-06;2.76539e-06;0.000614782;2.13119e-06;0.00266513;1.88286e-06;1.91059e-06;1.82065e-06;1.10164e-06;0.994778;1.21661e-06
0.000156175;0.471798;0.519127;0.000971704;2.50602e-05;5.91628e-05;1.04678e-05;0.00476184;8.85689e-07;5.04432e-05;1.59029e-05;0.00220885;0.000720706;9.32876e-05
1.17429e-06;0.945269;4.29413e-08;5.841e-05;1.14049e-05;6.41139e-06;1.55689e-05;0.00341424;4.25969e-06;2.0881e-06;0.000142278;0.00334763;0.0475025;0.000225545
7.07054e-06;0.00310848;4.83051e-08;6.02728e-06;0.0010176;1.84966e-08;1.03267e-05;0.995743;3.97945e-06;2.17933e-05;7.78231e-06;1.15434e-05;3.11957e-06;5.93928e-05
2.24372e-06;2.24545e-05;0.999147;6.25398e-05;5.49694e-05;1.54548e-06;3.0916e-07;2.34964e-06;3.55943e-06;2.96987e-06;5.14159e-05;0.000596565;4.58411e-05;5.75562e-06
4.24826e-05;0.980366;1.33515e-07;2.15594e-06;5.83574e-06;7.96352e-07;4.61548e-05;0.000458358;0.000242021;4.02523e-06;0.00323829;0.000418656;0.0142807;0.000894636
4.08409e-05;0.00334577;1.19199e-07;1.18481e-06;0.0277373;3.0658e-06;9.98837e-06;0.96673;0.000168054;0.00011455;8.05428e-06;6.73582e-06;0.000236914;0.00159758
0.000151816;0.00025009;0.998291;3.58349e-06;0.000109367;5.37017e-07;4.66997e-07;0.000541299;4.24079e-05;8.4867e-07;2.43126e-06;0.000586994;1.76623e-05;1.55903e-06
0.000358774;0.0547352;2.28156e-06;2.86206e-07;8.93265e-06;2.7636e-07;0.000223172;0.934678;0.00972505;1.12473e-05;2.15103e-05;1.89364e-06;0.000219178;1.44264e-05
6.59288e-09;4.6177e-09;1;1.37038e-10;1.11392e-09;7.39154e-11;8.21747e-11;8.36903e-08;6.904e-09;6.05934e-11;1.75359e-10;7.06235e-08;4.5607e-10;3.22097e-12
8.91459e-07;2.84775e-06;0.99669;4.24433e-07;2.25695e-06;1.39407e-07;4.15934e-09;0.000111158;4.37339e-06;2.82007e-08;2.12471e-08;0.00316789;5.40598e-09;1.99564e-05
4.31314e-07;4.65646e-05;1.6211e-06;4.09101e-08;3.84904e-05;0.00010919;1.6754e-10;6.28118e-06;4.68754e-09;1.96755e-08;5.16138e-09;0.000130725;2.2447e-08;0.999667
0.000213451;0.000186089;5.84638e-07;4.56759e-07;0.000127627;1.67729e-05;2.43069e-08;0.99819;2.34518e-06;6.22575e-09;3.58708e-06;0.000682948;0.000573832;2.06552e-06
2.71871e-05;0.0198658;2.10171e-08;0.000130651;0.00318295;9.39973e-05;7.25662e-07;0.96735;0.000685584;1.23957e-05;5.67146e-05;0.000243875;0.00693957;0.00141059
3.85654e-06;0.993238;3.43115e-07;2.01413e-06;1.5613e-06;3.91889e-07;9.45497e-07;0.000104151;7.79588e-08;2.15754e-06;1.82973e-06;0.0025542;0.00409018;6.70486e-07
0.000421754;0.0211702;9.94981e-07;0.000374203;0.000622502;0.000924673;1.93812e-05;0.0434512;0.00851315;0.000314282;0.000771306;0.871973;0.0512658;0.000177245
0.00208729;0.805456;0.0695349;0.00132978;0.00113215;0.00315337;0.0944174;0.00526116;0.00040967;0.0122642;0.000137895;0.000472191;0.000109559;0.00423411
3.68204e-08;2.56392e-09;0.999999;2.07276e-08;2.34254e-09;7.84787e-10;6.61124e-08;7.82828e-08;3.38632e-07;1.42751e-09;1.02643e-07;1.21242e-07;3.6084e-10;2.17278e-11
0.000128914;0.0211614;2.12526e-05;7.2843e-06;1.07667e-05;8.3481e-06;6.8922e-06;0.975062;0.00200803;1.93153e-06;5.45462e-05;0.000799646;0.000640618;8.79991e-05
1.23276e-06;6.89159e-05;1.24617e-10;6.77116e-08;1.44486e-06;2.57705e-07;1.36332e-08;0.975018;6.73729e-06;2.17837e-08;1.24906e-06;2.59007e-08;0.0249019;3.7414e-08
1.74424e-06;0.000173771;1.45546e-08;3.67625e-06;8.56858e-07;3.04262e-07;3.36339e-08;5.11212e-05;1.00628e-05;2.50371e-07;1.00027e-05;0.999679;5.51634e-05;1.39973e-05
4.4305e-06;0.999166;3.20071e-06;2.10051e-05;9.88987e-06;1.18385e-06;2.45656e-06;0.000564644;3.06999e-07;2.1606e-06;1.28813e-06;0.000196206;2.37844e-05;2.92672e-06
2.55308e-06;0.998266;5.73626e-08;9.58111e-07;3.59636e-07;1.24013e-06;1.39427e-05;1.32358e-05;1.64619e-07;1.99741e-06;8.21506e-07;0.000471357;0.00119216;3.54714e-05
7.61804e-06;0.0504968;1.87233e-06;8.14219e-05;0.000107264;0.00030007;4.98263e-06;0.00152688;6.8037e-05;1.221e-06;0.000570414;0.944995;0.000112433;0.00172609
2.13217e-05;0.0197142;2.65752e-06;5.75324e-06;3.3504e-06;3.61109e-06;8.32029e-07;0.00439929;1.1965e-05;6.07584e-08;3.78796e-05;0.00733207;0.968464;3.11855e-06
0.000193133;0.170165;5.85389e-05;8.66014e-06;0.000177662;0.000580544;5.5806e-06;0.664701;0.000372998;1.79726e-06;0.000181831;0.00501109;0.148904;0.00963852
2.80193e-05;0.00365893;3.55777e-07;4.38784e-06;0.000491722;0.000244981;1.11205e-07;0.84151;2.26061e-05;7.7732e-07;7.42372e-05;0.000116784;0.152283;0.00156477
1.78632e-05;0.00669087;2.29025e-05;8.57557e-06;6.28905e-07;1.19584e-06;2.33402e-07;5.84165e-05;1.69332e-05;8.97751e-07;3.90838e-05;0.991866;0.00116197;0.000113949
3.70331e-05;0.991188;2.37236e-05;2.62222e-05;1.3624e-05;2.3118e-06;1.06454e-05;0.000614057;4.57718e-06;8.6973e-06;8.19216e-05;0.00528679;0.00262824;7.41922e-05
0.000134983;0.0561369;0.00484149;0.000127271;0.00114384;1.31971e-05;2.69769e-05;0.0181657;3.14791e-05;1.47368e-05;0.00104517;0.900526;0.0127561;0.00503631
0.000392704;0.0312653;5.28903e-06;0.00233457;0.0501222;0.146635;0.0134912;0.197298;0.000469334;0.0066985;0.0111365;5.1491e-06;0.0580935;0.482052
3.13316e-09;1.89722e-10;1;2.91248e-09;5.00274e-10;7.17243e-10;4.49708e-10;5.50815e-10;3.19309e-10;1.9917e-10;8.02936e-09;8.86126e-08;1.29104e-10;1.04352e-10
1.12611e-05;1.97626e-05;0.986182;6.62088e-06;6.09654e-06;4.79859e-07;2.52043e-07;0.0130488;6.30642e-06;2.17201e-07;3.83682e-06;0.000703377;1.70741e-06;9.1068e-06
1.7197e-06;0.000472616;0.000204416;2.23804e-07;4.95934e-05;6.51431e-05;1.95816e-09;8.52693e-05;7.95069e-09;1.67781e-07;1.41642e-07;0.000898447;3.66405e-07;0.998222
0.000157029;0.0426991;1.37101e-07;7.24136e-07;4.53817e-05;0.000274653;1.79537e-05;0.945919;7.17807e-06;3.99049e-06;1.11998e-05;4.27277e-08;0.0108261;3.70116e-05
2.67048e-09;7.23584e-08;1;8.40943e-09;5.63234e-10;2.0158e-10;7.23697e-10;4.21681e-08;2.24025e-10;1.03306e-10;4.01468e-10;1.63291e-07;4.71167e-09;8.21551e-12
5.06684e-07;0.00152666;0.0001225;2.55359e-05;3.0271e-05;1.25492e-06;7.90103e-09;0.0030571;4.86599e-06;1.55047e-07;4.56638e-06;0.994253;5.20027e-06;0.000968469
1.51085e-05;0.674549;2.05337e-05;0.000215924;0.00235201;0.00260793;4.36393e-06;0.00466201;2.58876e-06;1.07772e-05;0.000565063;0.00670921;0.308116;0.000168993
3.25715e-07;0.1884;1.45528e-07;1.87934e-06;8.30389e-05;0.000398448;1.51973e-05;0.00127769;8.58789e-09;7.23226e-05;3.1983e-07;3.89021e-05;8.89921e-06;0.809702
4.07829e-11;8.99272e-10;1;2.90553e-10;6.95631e-09;3.02218e-08;2.82622e-11;1.50359e-08;1.63866e-13;1.14574e-11;2.01298e-12;1.45844e-08;4.92111e-11;7.18241e-09
1.41429e-05;0.106537;0.000239873;1.45048e-05;0.00242106;4.06016e-05;5.0792e-08;0.248005;4.39694e-07;8.78222e-08;1.04904e-06;0.595572;0.0434948;0.00365957
2.44414e-07;0.0120041;2.06411e-08;3.39834e-07;3.06733e-05;9.53423e-07;1.79725e-07;0.987645;1.38214e-07;5.3848e-08;5.65816e-08;1.33362e-06;0.000316153;2.63839e-07
1.60809e-05;0.0336298;0.909589;0.000460806;0.00344203;0.00172911;3.74516e-08;6.96857e-05;2.125e-08;3.63262e-06;3.96793e-06;0.0305252;0.0177816;0.00274877
5.11119e-07;0.81343;2.52943e-07;2.78805e-06;3.83712e-05;5.27566e-06;6.26456e-08;0.0683619;1.03277e-06;2.03306e-08;3.56356e-05;0.116095;0.00162141;0.000407812
4.69315e-05;0.0521682;9.91555e-07;0.00166965;0.255732;0.00410539;3.04841e-05;0.633598;0.000947519;0.000194746;0.0060632;0.00155675;0.0235292;0.0203566
1.19285e-05;0.99485;1.87968e-07;1.57618e-07;2.07203e-06;2.49071e-07;9.83701e-07;5.29399e-05;3.77695e-07;2.68824e-07;9.43725e-07;0.000545862;0.00453334;2.10631e-07
1.75079e-05;0.000124186;8.09769e-07;1.016e-05;0.000280732;0.000288299;6.80578e-08;0.000116106;0.000140712;1.1568e-05;5.29501e-06;0.998287;0.000475834;0.000241654
0.000164907;0.986803;0.00109905;3.62543e-05;2.58843e-05;5.07048e-05;0.00712356;0.00396355;2.69177e-05;0.000487043;2.5959e-06;3.51403e-06;0.000158911;5.41506e-05
4.75106e-09;1.7283e-09;0.999999;1.60294e-09;5.47962e-10;1.0022e-10;3.59351e-09;1.74691e-08;1.25922e-08;1.5141e-10;1.98996e-09;1.02764e-06;5.02753e-11;2.69489e-12
6.04345e-05;0.0282794;0.000102076;1.85152e-05;0.000196532;0.000230355;1.83364e-06;0.9265;0.000821505;4.32148e-06;5.8142e-06;0.0368885;0.000972075;0.005919
1.12898e-06;0.000569815;3.90812e-10;1.38744e-07;3.98559e-06;1.7973e-06;1.655e-08;0.847745;3.03429e-06;2.72093e-08;3.92796e-07;5.08417e-08;0.151674;2.36415e-07
5.79915e-07;0.000316103;2.48297e-08;1.7275e-06;3.47745e-07;4.65964e-07;9.03595e-09;5.04138e-05;9.50731e-07;9.85323e-08;1.63935e-06;0.999475;0.000139376;1.32587e-05
3.76713e-06;0.998257;7.3266e-06;2.88832e-05;1.05389e-05;1.60415e-06;3.4168e-06;0.00028871;1.43416e-07;4.39262e-06;1.30163e-06;0.00137074;1.76138e-05;4.21021e-06
1.2549e-06;0.99895;2.11704e-08;3.63039e-07;8.98346e-08;4.46227e-07;1.22306e-05;5.75867e-06;3.76415e-08;9.94714e-07;2.25196e-07;0.00020512;0.00080174;2.15317e-05
2.17322e-06;0.0122899;5.06392e-07;2.55732e-05;4.87667e-05;8.96633e-05;8.32519e-07;0.000471043;1.05678e-05;2.00232e-07;0.000114376;0.986316;9.81503e-05;0.000531997
2.46798e-05;0.0291034;3.5171e-06;1.1899e-05;1.47384e-05;7.01652e-06;1.76203e-06;0.0028668;9.79789e-06;1.41914e-07;2.94807e-05;0.0145228;0.953359;4.53567e-05
0.00019823;0.264886;6.96468e-05;8.84981e-06;0.000289744;0.00111685;4.16631e-06;0.562289;0.000270254;2.16165e-06;8.8392e-05;0.00340293;0.157392;0.00998178
3.05255e-05;0.00560942;5.46168e-07;3.69626e-06;0.00176297;0.000488425;5.42867e-08;0.898803;8.82585e-06;8.40184e-07;1.62691e-05;7.93764e-05;0.0911904;0.00200597
1.34866e-05;0.00118715;1.80134e-05;6.70361e-06;2.31203e-06;2.71844e-06;1.09478e-07;4.95908e-05;1.92576e-05;2.16885e-06;1.96561e-05;0.997641;0.000997168;4.10386e-05
3.23978e-06;0.999469;1.3322e-05;6.21954e-07;1.25083e-08;3.56539e-09;4.62208e-07;0.000115659;1.86377e-06;6.32684e-08;3.04747e-05;0.000352134;1.28128e-05;7.68644e-09
3.48585e-09;0.999986;3.84887e-09;3.84757e-08;2.73739e-08;2.53152e-10;6.77612e-08;4.73609e-07;3.41438e-11;1.39971e-06;3.91387e-10;2.37705e-07;2.35892e-09;1.21789e-05
6.30284e-07;1.15275e-05;0.999638;5.20567e-07;5.51235e-07;3.42511e-06;0.000308675;6.56694e-06;1.01043e-07;2.08153e-05;4.6236e-06;6.18635e-07;2.74605e-06;8.61843e-07
5.91756e-08;3.84989e-10;1;4.04669e-09;4.40091e-09;9.25103e-10;1.06459e-08;1.5411e-07;2.25343e-08;1.39214e-09;2.72261e-08;3.37e-08;6.38241e-10;1.10284e-12
1.05361e-05;0.000107601;0.00245441;3.51942e-07;5.33714e-06;1.61718e-07;3.04101e-09;4.2457e-05;2.21483e-05;2.06978e-07;3.28591e-07;0.997312;9.17633e-07;4.37601e-05
2.12296e-05;0.989475;5.61326e-08;3.34081e-07;5.01916e-05;0.000139568;0.000257426;0.00393581;3.96236e-05;0.000328047;2.1027e-07;4.0526e-09;0.000104307;0.00564771
1.28723e-08;8.3956e-08;0.999964;1.00986e-10;2.15966e-08;3.30833e-10;4.41169e-10;6.27609e-10;6.13301e-10;2.51856e-11;7.35714e-12;3.54056e-05;1.43146e-11;1.22155e-10
2.27664e-06;0.000207588;2.90119e-06;2.40462e-08;3.80871e-05;6.50066e-09;7.25234e-09;0.999168;9.13505e-07;6.71928e-10;2.5183e-09;0.000579312;2.68823e-07;4.42785e-07
2.33258e-08;0.000173082;1.58286e-09;7.92887e-09;2.27083e-05;1.20391e-08;1.51324e-09;0.999799;4.21657e-08;5.84593e-09;4.40785e-10;3.72991e-07;5.04139e-06;6.94703e-09
2.0845e-06;0.000364261;0.999415;4.13938e-06;5.86047e-05;1.10078e-06;4.41465e-09;8.59266e-06;2.40224e-09;8.54619e-08;5.91861e-08;0.000105665;1.89657e-05;2.15869e-05
3.52942e-07;0.996067;7.55956e-08;5.22936e-08;2.99666e-08;5.34802e-08;3.7472e-07;0.00042207;4.6113e-07;1.65457e-09;9.69301e-07;0.00211592;0.00139235;2.09048e-07
9.33444e-05;0.280394;2.35828e-06;0.000113108;0.0256888;0.00238897;8.85424e-06;0.0787442;5.49956e-05;3.54319e-05;1.6489e-05;0.104578;0.457616;0.0502656
3.32378e-05;0.400554;7.40737e-06;2.41922e-05;0.000967313;2.95474e-05;3.54411e-07;0.0578434;7.90866e-06;7.70297e-06;1.57897e-05;0.530631;0.00245063;0.0074273
3.08994e-07;0.876801;3.15317e-10;8.24412e-07;2.54895e-06;2.89797e-07;0.000149153;8.83292e-07;2.81676e-07;6.99371e-05;4.21777e-07;1.88479e-06;6.09402e-05;0.122912
4.95774e-05;0.0350626;1.42707e-06;8.52889e-06;1.50069e-07;1.31047e-07;0.905241;0.000434061;0.0329758;4.9168e-06;0.0252382;6.69768e-08;0.000983466;4.82634e-09
9.53351e-05;0.989774;0.000301143;0.000140665;3.21432e-05;2.29599e-05;1.29798e-05;0.00571108;9.06455e-06;4.28213e-06;2.45589e-06;0.000695228;0.00317979;1.91282e-05
0.000101389;0.467239;2.90583e-09;2.3086e-05;0.000166452;3.26083e-05;1.73929e-06;0.00906731;3.0654e-06;2.70099e-06;4.15811e-05;0.0142761;0.508172;0.000873629
7.62923e-05;0.00246658;2.00013e-07;0.00177588;0.00120181;0.00357867;0.412228;7.72468e-06;1.8417e-05;0.280226;0.000246573;1.10371e-06;2.85099e-05;0.298144
1.97437e-08;1.20734e-10;1;6.19169e-09;2.3293e-10;4.35765e-10;3.56964e-07;2.10927e-09;2.38676e-08;3.20177e-09;6.76608e-08;3.16554e-09;1.18719e-12;3.00721e-12
0.000117866;0.977844;2.38389e-06;3.08075e-05;4.37032e-07;5.78261e-07;2.26596e-06;0.000265799;8.16594e-05;3.15502e-07;9.93365e-05;0.000426741;0.0211276;1.77398e-07
6.78281e-05;0.734483;1.06583e-05;2.68084e-06;6.57286e-06;3.78717e-08;4.22476e-06;0.13228;3.56658e-05;5.30644e-07;0.000173418;0.0957712;0.0371642;8.07861e-07
2.29429e-05;0.786614;1.0055e-05;0.000172902;0.00451952;0.00165081;0.0150977;0.0259889;5.52777e-05;0.00972655;0.000169534;0.000133099;0.0397167;0.116122
2.55799e-07;2.56234e-07;0.99998;1.05313e-06;6.14544e-08;5.38175e-08;2.77517e-06;3.48546e-07;9.79873e-07;1.89201e-07;1.19695e-05;2.16214e-06;2.78866e-07;1.98686e-08
7.73415e-06;6.42214e-05;0.990726;8.04569e-06;6.80826e-06;1.003e-06;7.67856e-06;0.00892363;1.70894e-05;1.56798e-06;3.07634e-05;0.000172767;5.97555e-06;2.63118e-05
1.15648e-06;0.0018485;0.00010828;3.3725e-07;7.04022e-05;0.000115639;1.67014e-08;0.000311842;3.41147e-08;7.35731e-07;9.75753e-08;9.63966e-05;1.34951e-06;0.997445
4.13383e-05;0.0108745;7.19845e-08;6.88493e-08;7.90722e-06;5.03503e-05;9.11508e-07;0.972048;7.00636e-07;2.47774e-07;4.42197e-07;6.17275e-08;0.0169681;7.67985e-06
1.61335e-08;4.72568e-07;0.999999;2.5432e-08;4.64315e-10;1.54473e-09;1.226e-08;1.02721e-07;2.43817e-09;2.95546e-09;2.8823e-09;5.89887e-07;1.4122e-07;2.03303e-11
4.25316e-07;0.000175978;7.75754e-05;4.80484e-06;1.67778e-06;3.71502e-07;6.29125e-08;0.00148436;3.83428e-06;3.58687e-07;1.89764e-06;0.998239;2.66021e-07;9.29661e-06
3.85938e-06;0.0352406;4.43943e-06;6.47875e-06;1.00282e-05;0.00393307;9.62407e-06;0.000245442;4.60809e-07;7.95235e-07;9.47139e-06;3.28596e-05;0.960491;1.20515e-05
4.72424e-06;0.157683;0.000362292;1.75738e-05;0.000187666;0.00292888;2.56563e-06;0.00341194;3.22217e-08;1.51338e-06;4.03973e-07;0.824597;0.00414513;0.00665742
2.32178e-07;0.996891;6.72687e-10;1.33728e-06;5.10053e-05;2.22827e-06;2.8174e-05;0.0019966;2.1825e-07;3.63547e-06;1.85585e-08;3.30356e-07;0.000458368;0.000567295
2.60423e-07;0.000176545;0.999499;3.01351e-06;4.71894e-07;5.2335e-06;2.08148e-06;3.52812e-05;4.57019e-08;2.9888e-07;1.77238e-07;9.77499e-07;0.000276115;4.33267e-09
1.9796e-06;0.997942;1.60267e-05;8.01296e-06;2.27271e-06;6.82417e-07;6.54539e-07;0.000188238;2.01157e-08;9.82835e-07;5.91528e-08;0.000223553;0.00161525;4.17275e-07
2.68054e-05;0.941645;1.58702e-07;1.09203e-05;2.26307e-06;1.6933e-06;1.4898e-05;0.00174269;4.51761e-06;3.56946e-06;9.35961e-06;0.00732838;0.049191;1.84022e-05
0.00277632;0.0187428;0.0276654;0.000801166;0.017397;7.15993e-05;0.00107312;0.0142533;0.00199009;0.000133127;0.0152017;0.878183;0.000817873;0.0208936
0.00364186;0.0639699;4.64731e-06;0.00071321;0.0224153;0.0203513;0.0573356;0.557356;0.0195504;0.00269639;0.0149993;1.33389e-05;0.202284;0.0346691
4.20641e-09;2.2026e-10;1;3.07494e-10;3.71081e-10;1.45636e-10;1.42701e-10;6.42023e-10;4.30294e-10;3.54987e-11;7.07083e-10;4.78209e-08;5.06288e-11;2.47868e-11
9.08755e-06;2.74331e-05;0.991648;1.23975e-06;4.74475e-06;1.94248e-07;3.83107e-08;0.00742188;5.61697e-06;7.88469e-08;3.97457e-07;0.000869451;8.31782e-07;1.13503e-05
8.94352e-07;0.000453515;3.42736e-05;5.45518e-08;3.53672e-05;3.69004e-05;4.18752e-10;5.46152e-05;4.15482e-09;5.32583e-08;1.93802e-08;0.00060899;1.38853e-07;0.998775
9.64387e-05;0.0136977;2.77207e-08;3.38777e-07;2.22393e-05;0.000118929;7.37577e-06;0.978103;5.45839e-06;1.26928e-06;5.70669e-06;2.72692e-08;0.00793341;7.64567e-06
7.18829e-09;7.37964e-08;1;1.54067e-08;8.46942e-10;4.94045e-10;1.71414e-09;7.69413e-08;7.64358e-10;1.85073e-10;9.78234e-10;2.28062e-07;9.64875e-09;1.04731e-11
5.83584e-07;0.000675321;5.45669e-05;2.27865e-05;1.49049e-05;9.71356e-07;6.5448e-09;0.00341524;7.89214e-06;1.02e-07;4.6168e-06;0.99537;3.85961e-06;0.000428789
2.97465e-05;0.562147;2.34395e-05;0.000237889;0.00175109;0.00242898;8.84931e-06;0.00386488;5.9315e-06;1.61702e-05;0.000762439;0.00432697;0.424293;0.000103354
4.47159e-07;0.312404;5.09869e-08;2.16979e-06;5.39335e-05;0.000300376;2.01944e-05;0.00111632;1.5753e-08;0.000136999;3.24134e-07;3.81632e-05;8.63899e-06;0.685918
3.6884e-11;7.89493e-10;1;1.39422e-10;3.4515e-09;5.76747e-09;1.80902e-11;1.81086e-08;1.29283e-13;7.73277e-12;6.21229e-13;4.15293e-09;2.51215e-11;2.80274e-09
1.62248e-05;0.02109;0.000143386;8.88033e-06;0.00397101;1.35329e-05;3.30136e-08;0.721182;7.10315e-07;7.99501e-08;5.47074e-07;0.237599;0.0137346;0.00224015
2.19901e-07;0.00404538;1.15341e-07;9.69933e-08;7.42933e-05;5.82319e-07;9.37599e-08;0.995726;4.42711e-08;3.54838e-08;7.15628e-09;8.97228e-07;0.000151981;1.64351e-07
2.80816e-05;0.070302;0.866352;0.000247559;0.0154401;0.00333174;6.40921e-08;0.000338373;1.00653e-08;1.00348e-05;1.03338e-06;0.0247212;0.0140678;0.00515984
4.23759e-06;0.889103;9.66712e-07;1.83514e-05;2.06334e-05;0.000156222;1.71867e-05;0.032869;2.09314e-05;1.46458e-06;0.000153903;0.0705557;0.00432231;0.00275585
5.53078e-06;0.998511;3.03878e-05;8.32777e-06;3.61454e-07;1.28969e-07;1.1592e-06;0.000498238;9.8005e-07;3.50742e-07;1.11727e-05;0.000801516;0.00013062;1.07237e-07
4.72176e-08;0.999985;9.48623e-10;8.32463e-08;4.57186e-08;1.79526e-09;2.37988e-06;2.55875e-07;5.57997e-10;2.58936e-06;1.37187e-09;7.33397e-07;1.15908e-07;8.71257e-06
2.28706e-07;2.64977e-06;0.999864;4.81346e-08;1.18689e-07;4.03549e-07;0.000121649;8.71221e-06;2.82795e-08;1.33262e-06;2.38202e-07;1.20461e-07;7.91728e-07;3.06377e-08
3.2934e-09;1.14684e-09;1;9.77912e-10;2.41694e-09;4.71505e-10;3.25819e-09;1.07437e-08;1.08968e-09;3.28865e-10;8.63668e-10;3.19249e-08;1.52039e-09;8.75607e-13
1.35061e-06;6.12168e-05;0.00180335;1.37676e-07;5.711e-06;1.04163e-07;5.61724e-10;6.59412e-05;3.67983e-06;5.95184e-08;7.5835e-08;0.998006;4.62456e-07;5.24006e-05
4.3511e-06;0.988347;2.48725e-08;1.07634e-07;1.68566e-05;0.000132495;4.7968e-05;0.00606594;3.84034e-06;9.2484e-05;3.26562e-08;2.84098e-09;8.75233e-05;0.0052017
2.85709e-09;2.12877e-08;0.999968;1.25016e-10;2.63398e-08;4.66177e-10;2.59823e-10;1.24104e-09;1.41172e-10;2.22957e-11;5.90418e-12;3.20884e-05;7.34762e-12;1.915e-10
7.88525e-07;0.000111587;2.58484e-06;1.53607e-08;8.84236e-05;1.25202e-08;2.34325e-09;0.9996;2.16275e-07;2.82147e-10;1.45535e-09;0.000195913;3.70102e-07;2.0758e-07
2.96812e-08;0.00297077;7.55121e-09;4.49303e-09;0.000108428;2.6586e-08;3.17869e-09;0.996913;4.17091e-09;6.13917e-09;5.47771e-11;1.47352e-06;5.6369e-06;1.09881e-07
2.11542e-06;0.00121787;0.990082;1.47037e-05;0.000370904;3.61143e-05;1.0285e-08;3.19312e-06;4.07151e-09;5.6549e-07;1.11923e-07;0.00779856;0.000103387;0.000370321
2.51137e-07;0.993645;1.01369e-09;2.01914e-07;5.31072e-07;8.95004e-08;1.00872e-06;0.00603119;6.81798e-06;1.80256e-08;6.32678e-06;0.000249034;5.84968e-05;1.24494e-06
2.6874e-07;0.877898;1.27031e-09;8.24825e-08;2.22301e-08;2.48705e-08;1.85369e-08;1.01287e-05;4.45006e-09;1.02845e-08;4.42102e-09;6.43204e-05;0.122027;9.26197e-09
3.827e-06;0.00839994;1.15427e-06;2.32271e-06;5.78263e-05;8.70912e-06;3.58543e-08;0.000477635;1.52167e-07;1.86247e-06;2.55e-08;0.990426;0.00025276;0.000368211
2.76926e-09;5.24466e-05;1.72663e-11;8.48749e-08;3.42015e-11;6.96724e-09;0.999838;3.32332e-10;1.60856e-07;0.000108765;4.39573e-07;2.22577e-12;1.00921e-08;1.2985e-07
6.3909e-09;2.89571e-09;0.999949;1.57316e-07;5.97267e-12;2.35318e-09;4.65184e-05;4.40576e-11;1.17675e-07;2.42661e-08;1.43553e-06;2.61068e-06;3.90129e-11;1.98931e-12
0.000108394;0.997763;2.66418e-07;1.24034e-05;2.26083e-08;3.96097e-08;0.000402556;6.23234e-05;0.00015371;1.06449e-06;0.000596208;0.000295357;0.000604208;1.41934e-07
6.68089e-08;0.0005744;7.94216e-10;2.33476e-08;6.96602e-06;1.80835e-08;5.45239e-09;0.999215;3.98169e-08;6.30901e-08;1.33357e-09;3.79487e-07;0.00020349;1.13659e-07
5.60388e-07;4.1323e-06;0.997673;6.63713e-05;1.40196e-06;2.97051e-05;1.22902e-06;4.49994e-07;4.51894e-07;0.000110819;4.86362e-06;0.00201912;1.45202e-07;8.80047e-05
2.32015e-07;0.00016156;4.62934e-09;4.78789e-09;1.80156e-11;1.42156e-09;0.999597;2.007e-08;1.64048e-06;0.000233198;6.71797e-06;6.52511e-14;2.65488e-08;2.46931e-08
2.62497e-11;6.74473e-13;1;1.08928e-11;1.09435e-12;5.02805e-13;1.47211e-09;1.62139e-10;2.81464e-10;1.14126e-10;6.29107e-10;3.06869e-10;2.11635e-15;5.59491e-15
