2.68799e-07;0.997199;1.6067e-10;1.38656e-07;2.40953e-07;7.94822e-09;4.88213e-05;5.25678e-05;3.11837e-08;1.20663e-05;8.9532e-09;3.0917e-09;2.69507e-07;0.00268703
1.32261e-11;2.53049e-12;1;1.15536e-11;5.45874e-11;8.66134e-14;1.91488e-11;4.6345e-11;5.54659e-12;1.33821e-12;2.24724e-11;8.03263e-08;3.40977e-16;1.38975e-13
0.000388955;0.979845;8.01563e-07;0.000389869;9.531e-05;1.08079e-05;0.000393571;0.00181949;0.00469582;5.17069e-06;0.000807442;6.70694e-06;0.0111596;0.000381176
1.04627e-06;0.00177755;5.50347e-07;4.95646e-08;4.05207e-09;4.68362e-10;3.43847e-08;3.2532e-05;8.34038e-06;2.58244e-10;5.56231e-06;0.998085;8.962e-05;8.527e-08
1.74999e-06;0.991518;2.85048e-08;1.82553e-06;0.000104781;1.53785e-06;2.82408e-07;0.00109472;2.76605e-07;9.35583e-08;1.93627e-07;0.00217577;0.0024497;0.00265143
3.51737e-05;0.0685853;5.06987e-06;2.99126e-06;0.0034193;7.17795e-06;2.42921e-07;0.890533;6.08066e-06;9.97426e-08;2.49269e-07;0.0216014;0.0153792;0.000425185
0.000337885;0.375383;1.86073e-05;0.00247027;0.000460733;0.000245085;0.000151582;0.0375667;0.0150657;7.40901e-05;0.0107077;0.0376301;0.519344;0.00054425
0.000210174;0.180011;0.810214;0.000427703;4.04488e-05;1.37943e-05;0.00597615;0.00010623;5.7754e-06;0.000897726;4.51086e-05;0.000240567;2.32585e-05;0.00178792
3.48352e-06;3.91625e-06;0.99979;8.43543e-07;4.7233e-07;2.37983e-08;4.52204e-05;3.88375e-07;1.63791e-05;1.00618e-07;0.0001384;4.19952e-07;2.32689e-07;1.66633e-08
7.2998e-06;0.995651;5.69774e-07;3.06804e-06;3.5521e-07;9.87643e-08;7.99609e-06;0.00161268;2.7068e-05;1.99263e-06;6.30418e-06;0.000396377;0.00226414;2.13873e-05
0.000125603;0.0190517;1.53335e-06;0.000291546;0.00179496;0.00107951;8.28918e-05;0.0365223;0.00333629;0.000196836;0.00422611;0.864872;0.00494741;0.063471
1.90131e-05;0.972003;1.63667e-08;4.32526e-05;3.48992e-06;2.74423e-07;0.000141986;0.000420345;2.69647e-05;2.13715e-06;0.000795305;0.00202662;0.024471;4.67623e-05
1.65421e-05;0.966063;8.71439e-07;7.09526e-06;0.00087663;6.23899e-07;1.89827e-06;0.00702395;1.03209e-07;3.58926e-06;5.16561e-08;2.52291e-06;4.66653e-05;0.0259569
2.98031e-06;0.0043437;9.81381e-06;5.13781e-05;6.20867e-06;6.27503e-07;1.91915e-06;2.84965e-06;3.93034e-05;1.0978e-06;2.1352e-05;0.994672;0.000162851;0.000683952
5.0206e-05;0.0687973;4.96666e-07;0.000181169;0.000110196;0.00058636;2.14247e-05;0.0053335;2.58816e-05;7.99582e-06;0.00015498;0.0279354;0.895635;0.00116042
0.000145918;0.0390247;1.11535e-05;4.5756e-05;2.20792e-05;0.000176958;1.35658e-06;0.00189921;0.000248743;5.1977e-06;0.000253703;0.944013;0.00995345;0.00419888
6.61269e-05;0.901792;2.2549e-06;1.30292e-05;0.000253193;7.51152e-05;1.18695e-06;0.0670505;7.78338e-05;1.35674e-06;5.74799e-05;0.0292165;0.00129199;0.000101686
0.000367659;0.179933;7.08677e-05;3.30693e-06;1.36009e-05;1.41737e-07;1.19674e-05;0.00511587;6.52926e-06;1.45572e-06;6.55474e-05;0.805945;0.00845811;6.97322e-06
0.000847282;0.95494;7.76163e-06;7.92444e-05;8.0183e-05;2.11273e-05;0.00058306;0.00340132;0.00117974;4.69077e-05;0.000115566;0.0122939;0.0237154;0.00268872
2.4959e-06;7.50038e-06;2.86197e-13;8.63357e-09;4.55555e-07;4.53551e-10;3.92673e-07;0.998382;0.00160408;5.60295e-08;1.84288e-06;1.20251e-08;1.02299e-06;6.87779e-09
3.22204e-05;0.000231346;0.915099;1.82569e-05;0.000130705;2.54842e-06;2.79326e-07;3.19862e-07;8.71238e-07;3.84151e-06;1.50472e-06;0.0825504;2.07427e-06;0.00192689
1.35129e-05;0.999452;1.12399e-11;8.06607e-10;6.95053e-08;2.14934e-08;2.47438e-05;0.000254787;6.76776e-07;5.09034e-07;1.14782e-08;9.74072e-10;4.43014e-05;0.000209156
7.37112e-10;3.39775e-11;0.999992;2.43612e-12;8.13932e-10;7.0944e-11;1.88795e-11;7.61021e-10;6.46853e-11;3.1479e-12;3.16335e-11;8.24146e-06;6.8534e-12;2.65159e-13
7.70501e-05;0.280533;2.56447e-05;1.96058e-05;0.000454005;0.000728649;0.000204475;0.566985;0.00946186;3.66326e-06;9.30204e-05;0.000597387;0.136068;0.00474936
2.31344e-06;0.000649841;3.69949e-11;1.11114e-06;1.95577e-05;1.2865e-05;3.7445e-08;0.00789522;3.73085e-05;1.2016e-07;2.22748e-06;8.08944e-05;0.991297;1.04743e-06
1.16717e-05;0.000451987;1.2604e-06;9.70482e-07;7.95723e-06;1.29887e-06;1.29526e-08;4.30857e-05;1.44596e-05;1.32141e-07;2.21803e-07;0.99898;0.000481615;5.39828e-06
1.60199e-06;7.88991e-05;2.48986e-10;1.37028e-08;3.76963e-06;2.68529e-08;1.82613e-08;0.999865;1.05748e-05;6.80872e-09;9.4582e-08;8.95044e-07;3.90256e-05;1.09133e-08
1.90371e-05;0.0016948;0.000593082;0.000212376;0.0079629;0.00145507;8.15878e-07;0.000173095;3.95606e-06;5.68174e-06;8.79345e-06;0.781326;6.26519e-05;0.206482
5.51147e-05;0.901995;3.35149e-05;0.000385965;0.000904075;9.15338e-05;1.34371e-05;0.0759956;0.000620769;3.62058e-06;0.000299679;0.00560238;0.0101815;0.00381802
6.95546e-05;0.0811575;0.000598982;0.000846389;6.11489e-05;1.0573e-05;1.52442e-05;0.0367543;0.000729759;1.37373e-05;0.00304634;0.867414;0.00927479;7.23482e-06
0.000677727;0.197207;1.77208e-06;0.000574698;0.000100203;3.16564e-05;8.53552e-05;0.00461878;0.0167205;2.45881e-05;0.00479968;0.734465;0.0401102;0.000583085
0.000140621;0.993725;1.55108e-06;5.2271e-07;2.01144e-07;7.39967e-08;0.000114339;0.00161599;2.29361e-05;4.04048e-07;4.01926e-05;6.67709e-05;0.00427117;1.03045e-07
2.2557e-06;0.00195159;3.16396e-05;6.72376e-06;5.54973e-05;8.08276e-07;2.22058e-07;0.00384145;3.685e-05;1.60419e-07;2.01792e-05;0.993889;8.87151e-05;7.48297e-05
5.84308e-07;0.999793;3.35101e-08;8.84891e-08;1.076e-07;1.24912e-07;3.65814e-05;3.90967e-05;6.30717e-08;1.70564e-05;7.59799e-08;1.60239e-07;8.00815e-06;0.000105037
1.88816e-09;6.21604e-11;0.999998;9.05013e-10;3.40875e-07;1.30172e-08;4.24628e-10;7.58138e-07;1.94473e-10;7.87544e-10;4.04462e-10;1.2462e-06;2.35081e-12;4.3074e-09
5.41895e-05;0.000759645;5.62184e-06;5.2813e-06;0.00050207;8.06592e-06;4.37635e-07;0.993317;0.00023027;1.84111e-07;7.63003e-05;0.00456187;0.000462346;1.61332e-05
2.04178e-06;0.900352;1.00981e-09;2.56774e-07;4.97018e-08;3.01635e-09;0.000625423;2.40189e-06;1.80573e-06;1.72844e-05;8.8895e-07;5.51202e-08;5.96057e-06;0.0989922
0.000339331;0.00838732;1.87605e-05;5.87776e-05;1.99762e-06;3.08491e-06;0.475607;0.000625863;0.231681;4.62171e-06;0.27183;8.09673e-06;0.0114338;2.31698e-07
2.04671e-05;0.00700394;7.85251e-09;1.61603e-08;1.93104e-05;7.70386e-07;1.39926e-08;0.989684;4.11422e-07;1.07171e-07;1.26351e-07;8.79194e-06;0.00324901;1.3181e-05
1.80187e-08;0.000215036;8.48968e-06;1.60122e-07;4.11107e-05;4.94208e-06;2.21656e-09;2.26538e-05;3.94829e-08;2.65398e-08;6.47503e-08;0.999063;3.14847e-06;0.000641145
3.18941e-06;0.183254;3.10974e-09;4.22752e-06;2.77609e-05;3.28298e-06;2.2889e-06;0.00227153;4.13726e-06;7.19295e-07;1.72746e-05;1.88385e-05;0.814389;3.00699e-06
0.00415515;0.0558735;0.00357531;2.19448e-06;0.00228206;8.70935e-06;2.72661e-07;0.320025;1.52357e-05;1.85275e-06;1.02074e-06;0.6112;0.00248692;0.000373175
0.000260845;0.556332;8.12135e-06;0.000233418;0.000558829;0.000731836;1.80867e-05;0.0242675;0.00799291;3.68238e-06;0.000210036;0.337728;0.0576331;0.0140215
0.000125842;0.805692;4.20477e-05;5.99375e-06;5.21891e-07;8.57276e-07;2.00353e-05;0.067973;7.28895e-05;1.2579e-06;0.000203562;0.0528975;0.0729639;2.89983e-07
0.000359166;0.0181201;2.45325e-06;0.000660631;0.223269;0.0112738;1.23542e-05;0.00556324;0.00971649;3.36365e-05;0.00016882;0.647907;0.0790145;0.00389845
0.0157162;0.580925;7.45857e-06;0.000475698;0.00143239;2.29353e-05;0.000214219;0.0588603;0.222918;3.17429e-05;0.0125545;0.0479641;0.0588187;5.9121e-05
4.10721e-05;0.999594;3.06843e-09;2.82215e-08;1.92497e-08;1.14002e-08;0.000210811;4.40024e-05;1.26062e-05;1.23255e-05;1.591e-06;1.81143e-07;1.27138e-05;7.05595e-05
3.41498e-09;6.23554e-11;0.999999;2.69806e-10;1.0746e-07;1.48272e-09;8.64931e-10;1.88114e-07;6.60957e-09;4.33078e-10;1.91238e-09;8.12406e-07;1.08195e-12;1.61889e-10
9.56314e-06;2.53561e-05;1.41372e-06;4.93105e-07;0.000205803;4.72457e-07;2.07518e-08;0.998336;0.000433463;3.12748e-08;1.69313e-05;0.000957472;1.17623e-05;1.56926e-06
9.96732e-07;0.754222;3.51976e-10;9.41078e-08;2.46777e-07;8.96751e-10;0.000101625;2.40653e-06;2.05214e-06;1.34643e-05;8.83925e-07;2.92241e-08;9.21715e-07;0.245655
0.000145763;0.00404972;3.30615e-05;1.41634e-05;3.43207e-06;3.57666e-07;0.188897;0.000717498;0.383918;1.0585e-06;0.421208;4.06036e-06;0.0010071;1.42607e-07
3.10896e-05;0.0283842;1.11983e-08;1.34235e-05;0.00749382;7.9143e-05;7.37836e-07;0.955163;0.00325874;3.5754e-06;0.000149331;0.000389191;0.00472601;0.000307415
9.43625e-06;0.98537;5.84565e-08;1.02921e-08;3.454e-07;3.6693e-08;1.71911e-07;2.12908e-05;7.4257e-09;1.71712e-07;8.08315e-09;0.014571;2.01803e-05;7.05625e-06
5.40753e-06;0.00673727;9.7066e-06;2.14886e-05;0.00281843;0.00339164;4.32086e-06;0.000746741;1.26477e-05;9.59866e-07;2.67492e-06;0.0119578;0.00034136;0.97395
5.92177e-06;0.000538818;8.57824e-10;1.00781e-07;4.16956e-08;2.15785e-08;1.24547e-07;0.0048612;1.23881e-05;1.03579e-09;1.48621e-05;1.47665e-06;0.994565;7.20068e-09
2.98564e-06;0.00701917;2.8229e-08;2.48403e-07;3.2642e-07;5.93595e-08;1.1281e-09;6.24973e-05;3.59794e-06;1.32252e-08;5.70633e-07;0.992802;0.000106738;1.47413e-06
3.01154e-07;0.999672;8.39856e-12;6.12851e-08;7.50758e-07;3.66782e-07;1.20665e-05;4.0749e-05;1.03323e-09;1.36171e-05;8.96409e-09;1.77103e-08;3.93968e-05;0.000221175
3.66631e-09;4.44911e-08;0.999931;3.12221e-09;2.94185e-07;6.13958e-08;2.67537e-09;2.73433e-08;1.29375e-12;9.35545e-10;6.53516e-11;6.80946e-05;1.42637e-09;7.63212e-10
1.82639e-06;0.00218474;7.39872e-09;2.9808e-05;2.22822e-06;0.000647158;0.000559533;1.74319e-05;9.37448e-05;1.21612e-06;0.000216197;6.46896e-08;0.996047;0.000199025
1.25404e-05;0.00709377;0.985522;0.000302528;2.61369e-06;2.71467e-06;0.00657829;3.13873e-07;8.9207e-07;0.00031415;2.26441e-05;4.03394e-05;2.11138e-06;0.000105403
2.18375e-07;3.60522e-08;0.999952;3.43927e-07;6.04797e-09;4.33802e-09;1.72455e-05;3.80161e-08;8.94731e-06;1.35669e-08;2.04304e-05;5.46073e-07;5.91483e-10;9.00999e-11
1.56403e-06;0.00514095;8.1801e-10;2.05212e-07;3.85539e-08;2.11627e-07;3.73723e-09;0.00314101;1.8705e-05;1.86675e-08;3.8651e-06;3.1769e-06;0.99169;2.77871e-08
1.96706e-06;0.00377915;1.96689e-05;2.93486e-05;4.34853e-05;2.84235e-07;2.93943e-07;1.61632e-05;6.28187e-06;3.61814e-07;3.03699e-05;0.991642;1.37458e-06;0.00442931
9.12557e-06;0.0111337;1.43933e-06;0.000157972;7.51486e-05;6.94774e-08;5.21959e-06;0.987931;6.09532e-05;1.72239e-06;6.7509e-05;6.29874e-06;2.8045e-05;0.000521859
0.000108854;0.000186951;5.53419e-05;1.32633e-05;0.000856935;7.97316e-06;1.51288e-05;0.99786;5.66944e-05;8.48242e-05;0.000129878;4.8525e-07;0.000618933;5.19756e-06
2.36071e-08;1.29311e-06;0.999995;2.57348e-08;2.14083e-07;2.4631e-08;6.26801e-12;7.86632e-09;6.87592e-11;2.0782e-09;9.6936e-10;3.39886e-06;8.27924e-09;2.09294e-07
4.3469e-07;0.999209;2.77456e-07;2.95788e-07;2.16575e-07;2.00344e-07;1.04909e-05;0.000565478;7.72561e-05;4.83159e-08;5.64389e-05;9.5681e-07;7.77114e-05;1.33938e-06
