1.99808e-06;0.983345;1.40471e-08;3.03283e-07;1.79694e-07;1.99914e-06;7.41992e-06;0.00345745;4.86671e-07;1.21806e-05;1.48082e-07;2.57974e-07;0.0131704;1.85482e-06
3.70892e-11;2.5299e-10;0.999999;9.8464e-11;1.57505e-09;3.937e-11;3.68049e-11;4.05298e-10;7.68533e-13;3.09851e-11;2.81816e-12;5.47161e-07;6.17262e-13;3.96033e-12
1.38569e-05;0.471872;3.536e-06;4.68903e-05;6.31274e-06;1.42908e-05;0.00026547;0.000425561;4.26436e-05;3.93217e-06;0.0001975;0.000219314;0.526865;2.31883e-05
9.742e-07;0.0364429;0.963352;3.51529e-06;8.70527e-09;5.74313e-08;1.68401e-05;2.2197e-06;2.2812e-08;2.09169e-06;3.01791e-07;0.000164839;9.22558e-07;1.35828e-05
1.60307e-07;2.21256e-06;0.999971;1.18574e-08;1.74421e-07;6.0601e-10;2.76047e-07;1.51399e-06;3.67923e-08;2.0845e-09;4.89188e-07;2.3447e-05;4.63883e-10;4.1692e-07
1.49596e-06;0.91551;5.22034e-08;1.99994e-07;7.90003e-06;6.14075e-06;7.4069e-06;0.0790625;7.9854e-07;1.0067e-05;5.68051e-07;3.78309e-07;0.00461173;0.000781296
1.54744e-09;1.11144e-08;0.999991;2.62898e-09;2.83467e-09;4.83272e-09;7.47471e-10;1.65196e-07;2.46276e-09;2.21057e-10;6.34085e-09;8.98832e-06;6.00167e-10;1.6042e-09
7.80106e-05;0.00157279;0.859717;0.000207771;0.000562336;0.00019761;4.08978e-06;0.0756252;0.000102459;3.1551e-06;0.000275974;0.0519474;0.00012668;0.00957986
2.57653e-06;0.000142242;6.16182e-06;3.66395e-07;6.64897e-05;0.000359326;1.13189e-08;7.10284e-05;2.5945e-08;1.30811e-07;3.2093e-07;6.87055e-05;8.10372e-07;0.999282
0.00125374;0.00405069;3.19066e-06;5.08593e-06;0.00064265;9.31681e-05;2.05285e-07;0.914268;1.193e-05;7.83442e-08;0.000196954;0.0537334;0.0254457;0.000295227
0.000299668;0.774932;1.7064e-06;0.000280289;0.000503178;0.000744065;6.78592e-05;0.106176;0.000122768;2.08749e-05;5.3122e-05;0.00856983;0.107074;0.001155
5.89119e-05;0.229199;0.000294983;6.16019e-05;3.87573e-05;1.41279e-06;1.15339e-05;0.00529766;1.05079e-05;3.58673e-06;4.73604e-05;0.731993;7.47187e-05;0.0329065
0.000258363;0.918105;2.46288e-06;0.000155677;0.000208241;9.85547e-05;0.00254174;0.0250941;0.000539554;5.59546e-05;0.00329489;0.0393871;0.00237253;0.00788522
1.8374e-06;0.179258;2.28794e-06;2.38598e-07;2.16355e-07;4.14668e-08;1.76673e-06;8.05749e-06;1.20769e-07;9.91078e-09;2.91345e-07;0.819607;0.00110633;1.37994e-05
4.95716e-05;0.448143;1.27516e-06;1.8233e-05;0.000424197;0.000219525;0.000253244;0.0503059;3.5139e-05;6.46052e-06;1.07345e-05;0.0842213;0.301517;0.114794
0.000151139;0.0518909;2.16254e-05;2.62505e-05;0.0111895;0.0010486;4.07396e-06;0.762755;4.75225e-05;3.33408e-07;3.87648e-06;0.102731;0.0654494;0.00468028
0.000206901;0.112134;3.79789e-06;5.93014e-05;0.00553531;0.000181719;1.6711e-06;0.00261642;1.99673e-06;2.47146e-06;7.9527e-06;0.639197;0.0927389;0.147313
0.000289655;0.102464;1.1472e-06;0.000446679;0.0160048;0.000199529;3.58681e-05;0.411886;0.00188113;4.02348e-05;0.0020453;0.107191;0.357333;0.000180965
0.000358186;0.0266004;0.168693;0.00850326;0.00741274;0.0400022;0.000139043;3.4305e-05;0.000130326;0.00109774;0.00181643;0.000406785;0.743715;0.0010906
0.000400055;0.225002;0.76449;9.98752e-05;4.18509e-05;8.23346e-06;2.3304e-05;0.000223264;1.15167e-05;2.96108e-06;1.80225e-05;0.00893048;0.000703839;4.46919e-05
0.00064246;0.536299;1.05845e-06;0.000479229;0.000437434;0.00205941;0.00998592;0.00443428;0.0318645;7.9288e-05;0.0488419;0.00441064;0.359578;0.000887279
0.000285131;0.971864;5.10552e-07;3.26618e-05;0.000101453;8.31194e-06;5.88177e-06;0.00020116;0.000251488;7.41716e-06;2.87711e-05;0.00766466;0.0194373;0.000110847
9.05021e-05;0.978808;0.000425533;1.92953e-06;3.22082e-06;6.69372e-08;1.03737e-05;0.00329217;1.85604e-05;1.09249e-06;7.65926e-06;0.0138038;0.00352747;1.00675e-05
0.000311847;0.563199;4.04202e-08;0.00089182;0.0010286;0.00021567;0.0198532;0.00668721;0.00574027;0.00899875;0.00203693;0.0169897;0.000242803;0.373804
1.92884e-05;0.00298961;0.97025;5.79719e-06;1.02628e-06;4.33442e-07;6.02802e-05;4.82575e-05;4.18176e-06;3.11493e-07;1.60453e-05;0.0259363;0.000666999;1.49344e-06
3.50296e-05;0.938445;7.12144e-07;2.1848e-06;0.000877714;9.4633e-05;1.90896e-05;0.0168725;2.14782e-06;5.98531e-06;1.3936e-06;0.020637;0.0175226;0.00548382
1.60738e-06;0.00757971;6.14097e-09;3.83175e-07;2.01792e-05;0.000193189;7.06897e-07;3.86172e-05;3.78268e-07;9.72571e-07;1.01998e-06;0.000135014;0.991999;2.95781e-05
0.000177036;0.00111026;0.994593;9.43383e-05;0.001802;0.000996134;1.51249e-06;0.000160396;9.97514e-07;1.56518e-06;5.35908e-07;0.000228187;4.339e-05;0.000790942
4.41084e-05;0.503693;3.16575e-07;0.000214203;0.000425792;0.0015125;3.67839e-05;0.00176273;0.000784462;1.61643e-06;0.000235818;0.00120434;0.488053;0.00203076
0.00156419;0.655199;0.000585794;0.000462759;0.000721556;0.000342504;5.46792e-05;0.0621424;0.000216568;5.83924e-05;0.000733137;0.226807;0.0463598;0.00475244
0.000158909;0.05949;3.24144e-05;0.000718805;0.00184761;0.00179868;7.45578e-06;0.0884915;0.000528387;6.16546e-05;0.00373605;0.799678;0.0345456;0.00890511
1.61463e-06;0.153504;1.51499e-07;4.12115e-06;3.04779e-08;6.59568e-07;0.839476;1.41871e-06;1.59708e-05;0.0065363;0.000443733;2.43972e-07;1.03469e-06;1.54464e-05
1.88385e-08;9.1938e-09;0.99998;1.9157e-08;3.16836e-09;1.58804e-08;1.85712e-05;5.55462e-09;8.87154e-08;1.84492e-07;6.73732e-07;5.61536e-08;2.40639e-11;8.30374e-11
2.86666e-05;0.989814;2.01535e-10;1.53282e-06;9.58475e-08;3.33535e-07;1.04777e-05;6.83009e-05;0.000575695;4.68538e-07;0.000110736;0.000227123;0.00916264;3.05117e-08
9.81812e-05;0.0126391;0.00021921;2.1872e-05;9.31907e-05;4.34231e-07;1.63078e-06;7.45824e-05;7.20096e-06;8.41615e-07;4.35826e-06;0.986256;0.000300719;0.000282355
1.66868e-05;0.973436;4.30144e-09;3.60927e-07;1.39552e-05;1.74649e-06;5.35489e-06;0.0124822;9.54793e-06;3.6266e-07;3.31386e-07;8.95394e-05;0.0139057;3.80983e-05
4.91945e-07;0.00496511;3.53917e-10;3.72578e-07;2.86119e-06;5.97486e-05;8.21962e-07;8.06652e-06;7.72174e-07;1.93375e-06;5.20048e-07;0.000150422;0.994783;2.57611e-05
0.000103573;0.00646128;0.991787;0.000107298;0.000612637;0.00017757;1.47035e-06;3.77483e-05;1.1459e-06;5.64435e-06;7.09786e-07;0.000293072;3.57463e-06;0.000406776
4.73988e-05;0.954799;1.99545e-07;0.00048407;0.00031194;0.00010736;0.000719696;0.00135191;0.00064682;5.66469e-06;0.000503217;0.000613852;0.0287584;0.0116509
1.01828e-05;0.000795716;1.48609e-07;4.05516e-07;8.84336e-05;1.56547e-06;8.43194e-09;0.998724;2.50819e-07;6.54815e-08;4.75448e-07;0.000107302;0.000196294;7.56306e-05
3.01724e-06;0.986418;7.97552e-05;1.0803e-05;2.36046e-05;1.73655e-05;0.00355176;0.00134597;1.4011e-06;0.00105181;1.71616e-06;7.14635e-05;0.000389105;0.00703438
9.45341e-11;8.81992e-11;1;1.74233e-10;4.24898e-12;1.96482e-12;8.09599e-10;3.67893e-09;2.28988e-10;1.29854e-11;1.23795e-09;1.4862e-09;4.7477e-11;6.40544e-15
1.95524e-05;0.227182;0.0224544;1.66106e-05;0.000156648;3.81316e-06;1.01394e-06;0.00446682;2.138e-05;1.58107e-05;9.13717e-06;0.725341;3.99585e-05;0.0202716
1.80565e-05;0.969029;1.61695e-10;3.31263e-07;2.08169e-06;2.52241e-05;0.000210896;0.0212272;1.40382e-05;1.33323e-05;4.09877e-06;5.17159e-10;0.0085103;0.000945041
2.67231e-10;5.44578e-10;1;1.0665e-10;8.91232e-11;6.37753e-13;5.71019e-11;9.73123e-11;2.99329e-12;5.09976e-12;1.89087e-12;5.55032e-08;2.77371e-13;9.21324e-13
1.3875e-05;0.0639241;5.52703e-06;6.93348e-05;0.000799065;1.55731e-06;8.08828e-08;0.491531;3.87018e-05;8.21135e-07;6.35735e-07;0.432654;7.80962e-05;0.0108833
1.06213e-07;2.83142e-05;6.51091e-10;2.30139e-08;0.000205362;7.64227e-06;1.39395e-07;0.998182;1.06254e-08;1.64034e-07;8.28356e-09;2.67018e-10;0.00157495;1.45458e-06
3.3187e-05;0.0345155;0.748875;0.000104483;0.00562247;0.00507141;1.65071e-08;0.00223951;5.4904e-08;1.18802e-06;4.60126e-07;0.202316;0.000503501;0.000717159
1.16964e-05;0.790131;4.34821e-06;3.66804e-05;8.09946e-05;0.000139053;2.51851e-05;0.205726;0.000399336;5.79793e-07;0.000100264;8.15897e-05;0.000934447;0.00232853
