2.47553e-06;0.993584;1.06292e-05;3.17868e-06;6.76296e-07;1.89256e-06;0.00181127;2.53941e-07;6.12711e-09;0.00448456;9.39874e-07;4.21075e-07;2.47886e-05;7.50368e-05
3.34747e-09;1.06967e-08;0.999998;2.22753e-10;4.51273e-10;5.8762e-10;1.45588e-07;1.70488e-09;1.49907e-10;4.88704e-10;2.12344e-09;1.45072e-06;1.35187e-12;3.36585e-10
2.59014e-06;0.999087;2.04903e-09;5.72637e-09;9.42209e-08;2.33076e-07;5.07867e-06;7.75967e-05;3.55423e-08;2.70164e-08;1.44861e-07;5.752e-07;0.000826905;3.018e-08
1.0073e-06;7.80457e-05;0.000256614;1.5583e-06;8.51104e-05;0.990011;5.8509e-09;4.14057e-06;4.65275e-08;8.51251e-07;4.64928e-08;0.00141962;0.000706472;0.00743563
3.7945e-06;0.998944;1.74177e-08;3.19409e-08;3.1318e-08;3.90993e-07;0.000242376;0.000346665;3.48086e-08;2.58774e-06;6.46176e-08;3.22293e-06;1.42909e-05;0.000442392
6.81693e-09;1.66902e-07;0.999992;3.58926e-08;3.59873e-09;3.10334e-07;6.08037e-06;3.23242e-07;4.30827e-08;3.49997e-07;2.0513e-08;4.15693e-08;2.7491e-10;4.56752e-08
1.2592e-07;6.2062e-07;0.998929;3.29559e-07;2.52132e-08;3.69429e-08;9.26144e-08;0.00106376;8.45701e-07;5.38416e-09;8.01283e-07;3.23294e-06;1.60622e-06;4.73355e-09
4.74584e-09;1.55378e-05;8.65794e-05;5.0858e-07;1.34837e-07;3.94054e-08;3.69829e-07;9.02754e-06;2.51454e-08;1.02068e-07;1.11966e-07;3.05028e-05;2.08936e-07;0.999857
9.33133e-09;2.37338e-06;6.1421e-11;7.57339e-08;0.000781133;1.3498e-05;4.26871e-08;0.9992;6.59306e-07;5.50003e-09;1.51115e-07;8.69982e-10;2.12465e-06;1.46562e-07
4.29857e-10;3.96512e-07;0.999989;5.00796e-08;4.46269e-06;5.93879e-07;3.28471e-12;4.83401e-09;3.9718e-13;2.84719e-10;1.35556e-10;5.20838e-06;1.45318e-08;3.6581e-07
4.64072e-08;0.996251;2.4213e-08;4.0093e-07;3.54458e-07;3.9123e-07;6.2603e-06;8.20851e-05;4.17426e-07;5.86946e-09;6.55052e-06;2.53204e-06;0.00364936;1.16344e-07
7.29657e-10;4.61152e-06;0.999994;4.82058e-08;1.17853e-08;4.13111e-08;3.2353e-08;5.67747e-10;6.62083e-11;1.54574e-09;2.60619e-09;3.7121e-07;5.37843e-07;3.24932e-07
6.5627e-09;0.996455;2.37867e-09;5.61452e-10;7.93278e-08;6.7536e-09;3.89036e-09;0.00318493;3.5318e-11;1.07361e-09;1.5631e-11;9.41206e-07;0.00035798;1.21878e-06
5.39876e-08;0.00155809;3.80661e-09;6.33466e-07;1.42208e-06;0.000847704;1.21473e-07;3.77379e-05;6.50154e-07;8.83177e-07;3.36044e-07;3.88389e-06;0.996528;0.00102096
1.02235e-07;2.65253e-05;0.999809;2.10095e-06;2.09122e-07;6.04594e-07;1.46537e-06;9.54699e-08;3.30544e-09;1.40368e-05;1.05258e-08;0.000140794;4.50861e-07;4.96759e-06
1.65284e-06;2.07025e-07;0.99995;3.26513e-07;4.78896e-07;1.72481e-07;2.66144e-05;7.27289e-07;5.45075e-06;3.57098e-08;1.34233e-05;7.84457e-07;1.62194e-08;9.20161e-09
4.85558e-07;0.99694;3.88923e-07;1.23269e-07;1.02596e-07;2.24084e-08;0.000106926;0.000176015;3.58711e-07;1.2557e-05;4.32692e-08;2.64943e-07;8.62386e-07;0.0027621
9.00701e-10;1.12467e-09;0.999996;3.33823e-10;1.45247e-08;4.4308e-10;8.06367e-10;6.17047e-08;1.62594e-10;2.03295e-10;1.77896e-10;3.6149e-06;1.29056e-12;1.28421e-10
8.61218e-05;0.702206;5.73149e-08;9.04375e-06;1.17735e-05;3.34028e-05;4.25446e-06;0.00218229;1.3221e-05;4.79693e-07;4.93935e-06;1.32723e-05;0.29503;0.000405327
3.09936e-07;0.000901143;1.75775e-08;1.7481e-07;1.42248e-07;1.25977e-07;3.79961e-08;0.00025095;4.09825e-07;1.10006e-08;3.05512e-07;0.998818;7.98353e-06;2.02305e-05
2.98892e-05;0.409293;1.37705e-05;1.94443e-05;0.020131;0.000741775;1.39419e-06;0.48026;4.43439e-06;3.18978e-06;4.79592e-07;0.0421428;0.0414651;0.00589408
4.98451e-06;0.0174927;1.26249e-05;4.53949e-07;1.55395e-07;6.20131e-06;1.26109e-05;4.29314e-06;3.47543e-06;1.01309e-06;2.94023e-06;5.19237e-05;0.982406;1.48269e-07
2.7891e-06;0.00106896;0.91748;7.14717e-06;1.6232e-06;3.90663e-06;1.48129e-05;8.96517e-08;6.07114e-08;4.35271e-05;1.68749e-07;0.0813114;1.35617e-05;5.18996e-05
1.65288e-08;1.68499e-09;0.999998;1.15782e-08;1.66354e-08;8.56389e-09;1.20331e-06;6.34654e-09;1.49954e-07;1.4403e-08;5.14195e-07;7.2187e-08;1.2181e-11;1.49772e-09
6.35353e-07;0.994041;2.29397e-08;1.53628e-08;9.07253e-09;2.05936e-08;6.79278e-07;2.84993e-05;1.8407e-07;1.80578e-08;1.90068e-07;1.80548e-05;0.00591127;1.78675e-08
3.778e-05;0.720887;9.93277e-07;6.47359e-05;0.000104405;0.00267165;3.35693e-05;0.000553439;0.000372222;0.000123278;6.12249e-05;0.124954;0.134666;0.0154702
7.44743e-05;0.833719;0.0748776;0.000254036;4.99649e-05;1.85638e-05;3.73694e-05;7.05783e-06;3.78258e-07;2.96271e-05;1.11295e-05;0.0199922;0.000143463;0.0707856
5.05069e-06;4.05202e-05;0.998684;2.94569e-06;6.33128e-06;1.28366e-08;0.000611653;9.69051e-06;1.57937e-05;9.75362e-07;0.000536253;8.49495e-05;1.89082e-08;1.49407e-06
0.000322564;0.135051;5.91725e-07;4.24698e-05;0.000330285;0.00083072;0.000105016;0.74771;0.00448834;5.57468e-06;0.00170623;0.00817084;0.100732;0.000504536
1.69034e-06;0.00790701;1.06414e-10;6.42559e-07;9.13645e-07;5.06996e-06;2.7813e-07;3.78958e-05;1.28616e-06;5.52433e-08;6.64364e-06;0.00379074;0.988241;6.32839e-06
4.75059e-06;0.00755626;1.55279e-05;1.57593e-06;1.49892e-05;1.08955e-06;1.8048e-08;0.000248601;1.64375e-06;2.04802e-07;5.49647e-07;0.991613;0.00053509;7.13991e-06
0.000195066;0.935566;1.53532e-06;0.000695779;0.00303083;0.000359485;0.000236267;0.0058196;0.00102632;0.000174244;0.00154808;0.00159905;0.0450638;0.00468403
0.000267437;0.543674;0.248464;0.00276593;0.000108159;5.18902e-06;0.000474048;0.000587394;7.28071e-06;0.000379593;0.00017209;0.201715;0.000428041;0.000951625
0.000548425;0.870053;6.45076e-07;0.000277148;3.84649e-05;0.000148764;0.0116117;0.00105116;0.00216106;0.000159797;0.021359;0.0336427;0.0588576;9.0596e-05
0.000215458;0.493872;3.43489e-07;0.000455428;0.000267192;0.000990148;7.25658e-06;0.00542133;0.00148025;4.72862e-05;0.000903181;0.00524576;0.490672;0.000422424
0.000162053;0.00590106;0.901799;0.000106597;0.000241879;2.12202e-07;4.91331e-07;0.000697796;7.17046e-07;4.93356e-06;3.59377e-07;0.0777314;7.37262e-06;0.0133464
0.000558685;0.0320235;7.41102e-08;8.31129e-06;5.23254e-05;1.44887e-05;0.0131162;0.835427;0.0365152;0.000249855;0.00384954;3.76944e-06;0.0771719;0.00100951
9.2359e-09;2.06095e-08;1;2.05084e-09;1.78279e-09;1.05175e-09;1.53866e-09;4.85077e-08;1.00453e-08;4.87894e-10;6.69319e-09;2.30106e-07;1.2986e-09;7.44564e-11
1.97583e-05;0.0028048;0.991468;4.21162e-06;2.28743e-06;4.82751e-06;1.54932e-06;0.000996552;9.17939e-06;3.79928e-06;1.00478e-06;0.00454256;4.34679e-05;9.77259e-05
1.16501e-06;0.00293142;7.32752e-06;7.57233e-06;0.0903402;0.00422109;7.34876e-08;4.52467e-05;3.81132e-06;5.95681e-07;2.19178e-05;0.000270839;0.000963003;0.901186
3.80863e-05;0.053957;8.69577e-07;2.25343e-06;0.0328796;2.11281e-05;1.6294e-06;0.854137;7.50018e-06;3.86324e-06;9.1452e-06;0.00552089;0.0533351;8.57109e-05
0.000565629;0.00423337;0.168176;0.00488338;0.503784;0.184738;3.6961e-05;0.00176523;3.5487e-05;0.000487677;2.03498e-05;0.000629675;0.00607379;0.124571
0.000528435;0.997846;0.000831865;3.32611e-06;3.32855e-05;9.56333e-07;2.41289e-07;0.000513261;2.42447e-07;5.25265e-08;2.84812e-08;0.000125254;8.70603e-05;3.03915e-05
1.00039e-07;0.99983;2.24215e-10;9.22714e-09;5.4295e-08;1.9267e-10;4.66504e-06;5.40529e-05;8.43983e-09;1.13666e-06;1.7672e-10;9.434e-09;3.0638e-08;0.000109826
1.48356e-09;5.43665e-09;0.999993;1.18519e-09;1.49516e-08;1.08074e-10;2.84023e-09;1.19752e-07;1.14732e-09;1.73437e-10;2.89596e-10;6.96296e-06;2.09675e-13;4.43977e-11
3.96378e-05;0.795532;6.28581e-09;2.71672e-05;3.6524e-06;5.68277e-06;5.51702e-06;0.000676309;0.000135721;7.81566e-07;2.37492e-05;6.19448e-06;0.203518;2.53821e-05
4.03857e-05;0.0920676;1.15562e-05;6.94767e-07;1.01454e-05;1.01339e-05;4.32359e-08;0.0295719;4.34682e-06;4.21765e-08;1.82329e-06;0.875918;0.00152747;0.000836041
1.78555e-05;0.763629;4.63991e-06;9.11978e-07;0.010428;0.000219018;2.28775e-07;0.188568;6.40863e-08;1.37462e-07;3.46791e-07;0.00180751;0.0214216;0.0139033
2.27749e-05;0.0181015;5.44286e-06;6.45666e-05;0.000350507;0.00042868;3.04107e-06;0.00535465;0.000317409;1.39531e-05;0.000146742;0.0365313;0.937382;0.00127716
1.93818e-06;0.00663004;0.993007;2.70169e-05;4.22951e-07;2.85024e-05;8.55349e-06;2.60265e-06;1.47613e-08;1.69911e-05;1.70738e-07;3.98193e-05;4.19258e-05;0.000194674
1.64163e-08;6.60303e-09;1;2.28253e-08;2.54822e-09;8.69866e-09;3.31453e-08;9.06883e-09;1.74024e-08;7.21911e-10;3.38004e-07;4.36656e-08;1.74126e-09;6.24341e-10
4.53839e-06;0.810947;3.78524e-06;2.78615e-06;3.23841e-06;1.65134e-05;4.85111e-07;0.186454;5.33497e-06;1.49305e-06;2.53268e-06;0.000532686;0.000682755;0.00134271
2.20677e-05;0.0508904;8.45785e-07;1.71605e-05;2.97775e-05;6.38796e-06;5.18562e-06;0.00659656;1.84136e-05;1.6712e-06;0.000145801;0.0490027;0.893248;1.53056e-05
7.1169e-06;0.0100037;1.58499e-09;5.00529e-06;5.17645e-05;4.24794e-05;0.000317568;0.988077;2.53974e-05;5.40623e-05;2.21482e-05;4.91379e-07;0.00133669;5.68823e-05
8.19059e-09;1.5187e-09;0.999999;2.51733e-08;9.01053e-10;4.08741e-10;2.73764e-08;1.72623e-08;3.76156e-10;1.55269e-09;3.32814e-08;6.20158e-07;1.44302e-09;8.96628e-12
1.16491e-05;0.00271613;0.000122268;7.33275e-05;8.90729e-05;3.2275e-06;4.46044e-07;0.00511842;4.09408e-05;2.68973e-06;1.58615e-05;0.987733;1.58212e-05;0.0040576
4.70709e-05;0.787684;6.91141e-07;0.000161285;0.00118485;0.00197086;9.26028e-05;0.0167933;0.00101001;6.55929e-05;0.000452857;2.0693e-06;0.189792;0.000742985
6.31412e-05;0.00439226;0.00758505;2.75309e-05;0.000163162;2.07963e-06;1.45657e-07;9.99621e-06;1.54431e-06;6.06285e-07;5.2179e-07;0.985558;5.27476e-05;0.00214375
1.52082e-06;0.000252297;3.75212e-12;5.57019e-08;4.34403e-06;2.31219e-07;1.32619e-09;0.999717;1.45972e-05;1.38594e-09;7.20953e-08;1.99611e-07;9.42404e-06;9.26023e-08
5.85502e-06;0.836234;1.96056e-10;1.6258e-06;4.44311e-05;1.18181e-06;5.25778e-09;0.137737;3.36861e-08;3.17567e-07;2.67834e-08;0.000171367;0.0257983;6.04272e-06
0.000394736;0.503967;5.78244e-07;0.000526554;0.0045789;0.00194422;9.34892e-07;0.0340562;3.23233e-05;1.06614e-05;6.90294e-06;0.366547;0.0663938;0.0215401
0.00181786;0.635952;0.000144878;0.00195224;0.000485443;0.000465277;0.000441054;0.025213;0.000344626;4.29694e-05;0.0107543;0.216917;0.0886727;0.0167971
0.000184688;0.865269;1.46945e-07;0.00225787;0.000183205;0.000344275;0.000676971;0.00280658;0.00446699;0.000167894;0.0467171;0.00315917;0.0182069;0.055559
0.00113325;0.630415;1.61944e-06;0.00649252;0.146568;0.0841136;7.31575e-05;0.00860815;0.00285045;0.000510083;0.0273569;0.00409935;0.0302336;0.0575441
0.000764355;0.180652;0.00169083;1.22308e-05;0.000159391;1.24298e-07;3.46758e-06;0.058554;2.64045e-05;4.39356e-07;0.000469663;0.75457;0.00309625;3.74645e-07
8.79007e-05;0.652249;2.12083e-06;4.7673e-05;0.000364418;0.000431728;2.77854e-06;0.077711;0.000205597;1.14515e-05;1.74747e-05;0.00471515;0.262063;0.00209062
4.61349e-05;0.0783326;5.0366e-10;0.000240669;0.000156967;0.000352322;1.50007e-05;0.000362444;0.000807445;1.16187e-05;0.00153071;0.0184868;0.899543;0.000114066
0.000866758;0.0256542;0.00130471;4.16607e-05;0.000184484;3.64156e-06;6.22097e-07;0.00278178;0.000175743;1.24508e-06;0.000147808;0.961274;0.00756249;1.2597e-06
0.000342545;0.176802;2.91657e-06;0.00625706;0.00335288;0.00220289;5.36796e-06;0.626338;0.0104934;5.33321e-05;0.00196822;0.15905;0.0126286;0.000502752
1.77437e-05;0.993942;8.86993e-08;4.19926e-06;1.66236e-05;6.00654e-06;1.04315e-06;0.00476649;3.40176e-05;1.48678e-06;5.39494e-05;0.000133019;0.00101337;9.58665e-06
5.40354e-06;5.62073e-05;5.35209e-07;9.69448e-08;2.83232e-06;2.93995e-09;1.09835e-08;2.88648e-05;3.5506e-07;2.25215e-09;1.85709e-06;0.999893;1.03578e-05;1.38469e-08
0.00188092;0.00635321;1.92795e-07;1.51147e-05;1.82534e-05;1.18145e-06;1.89147e-05;0.0170991;0.956528;1.26491e-06;0.00369324;0.00231999;0.0120697;9.75719e-07
2.74439e-06;0.999941;2.88404e-09;3.06245e-08;3.33328e-08;1.29102e-08;9.66752e-08;7.88758e-06;2.35635e-06;1.18246e-08;7.65842e-08;4.8174e-06;4.04432e-05;3.37113e-07
4.74014e-08;4.18812e-05;5.59235e-08;7.69646e-07;4.19917e-06;3.55933e-06;8.50181e-10;4.69507e-06;1.11628e-06;6.54834e-09;1.92986e-07;0.999477;8.73302e-07;0.000465913
3.21273e-05;0.936561;3.08369e-08;1.07064e-05;1.26137e-06;7.50056e-06;6.554e-06;0.00469247;9.12754e-05;5.11014e-07;6.05566e-05;0.000121085;0.0584092;6.29931e-06
5.54903e-06;0.0653123;1.66385e-05;1.52628e-06;6.42028e-07;2.64948e-06;2.31373e-07;0.304065;1.72229e-05;6.88091e-08;2.30913e-05;0.627233;0.00332023;1.02564e-06
9.79158e-05;0.0375649;0.00137182;0.000431361;0.0833168;0.133652;1.72327e-06;0.123473;0.000105693;1.66961e-05;4.01316e-05;0.289848;0.00806601;0.322014
0.000317991;0.944826;2.38312e-05;0.000171791;4.41466e-05;0.000391513;5.94424e-05;0.00704235;0.000514909;9.99726e-06;0.00118625;0.0127751;0.028655;0.00398201
4.68758e-05;0.996395;2.6066e-08;2.26376e-06;5.93855e-07;4.25032e-06;1.57535e-06;0.000292182;5.53053e-06;5.61957e-07;9.66661e-06;0.00186929;0.00136178;1.01654e-05
8.20883e-06;0.0105094;3.57893e-08;6.10228e-07;5.82731e-06;5.2357e-07;1.02754e-08;0.00380548;1.86499e-05;3.43367e-08;3.50176e-05;0.983185;0.0024302;6.51087e-07
5.3958e-06;0.995901;6.61327e-07;7.28774e-07;3.91532e-07;1.38344e-06;0.00322481;1.51328e-05;8.41267e-07;0.000195962;1.48187e-07;6.06004e-08;6.35471e-05;0.000589979
2.6116e-08;2.26037e-08;0.999991;1.14477e-08;3.91334e-09;1.83492e-09;4.0692e-08;4.40955e-08;2.0359e-07;1.03564e-09;1.08174e-07;8.61342e-06;8.16201e-09;3.78272e-12
0.000138482;0.557106;0.000531703;3.4717e-05;3.53936e-05;8.54101e-05;0.00013276;0.38554;0.000995367;0.00010246;0.000117963;0.0350622;0.0154577;0.00465997
2.63419e-06;0.00119426;2.99573e-09;8.74081e-07;3.45199e-05;7.21039e-05;1.53246e-07;0.00353984;6.09507e-05;1.61529e-07;2.17415e-05;7.47318e-06;0.995065;5.78971e-07
1.7289e-06;0.000252689;9.052e-08;9.64823e-07;4.79142e-06;1.88585e-07;6.21491e-09;3.03227e-05;4.49801e-06;2.17106e-08;4.09636e-07;0.99968;2.16972e-05;2.96959e-06
2.7683e-06;0.999687;7.28202e-08;4.65482e-06;1.0965e-05;1.11353e-07;3.20225e-07;0.000229284;6.4667e-08;3.1691e-07;1.4648e-07;5.54152e-05;8.49701e-06;3.41373e-07
3.2719e-07;0.998604;1.19891e-09;1.42995e-08;3.05941e-08;9.48791e-09;3.48929e-07;1.63063e-06;1.37647e-09;3.79833e-08;3.33557e-09;3.94734e-06;0.0013847;5.01896e-06
8.15309e-10;3.06705e-07;8.78779e-08;1.87767e-08;4.24162e-07;2.96127e-08;4.59857e-11;1.47772e-07;2.46421e-09;1.87505e-11;5.66562e-09;0.999987;3.60797e-08;1.14969e-05
1.3701e-06;0.0855853;2.81097e-08;5.16248e-06;1.41572e-07;5.28795e-07;1.80006e-06;8.89588e-05;4.5821e-06;1.72641e-08;8.64125e-06;1.2477e-05;0.91429;7.72089e-07
1.17676e-05;0.00714535;1.90156e-06;5.25586e-06;4.43425e-06;6.52191e-06;1.14366e-08;0.000830732;1.55994e-05;4.50753e-08;1.18423e-05;0.990511;0.000872899;0.000583078
2.37332e-07;0.985169;4.11553e-10;9.88065e-07;8.61277e-07;4.29818e-07;7.2335e-05;1.62256e-05;6.9655e-09;1.52823e-05;2.62333e-08;1.27604e-08;6.10957e-07;0.0147239
3.9462e-11;3.3297e-11;1;3.52029e-10;1.40857e-11;1.4622e-12;1.11162e-09;2.78838e-11;3.42411e-12;1.41564e-11;2.13404e-10;1.17779e-07;5.54042e-15;4.21417e-13
0.00016407;0.993612;8.07123e-08;0.000152559;2.51392e-06;5.31736e-06;0.00035289;1.38244e-05;0.000222054;5.24382e-06;0.000530976;1.53519e-06;0.00430128;0.000635881
1.01028e-06;0.000235395;2.81453e-08;4.62414e-08;2.42819e-08;2.13402e-09;1.22889e-09;9.82353e-06;1.42206e-07;1.39372e-10;2.28211e-07;0.999736;1.55734e-05;1.26003e-06
8.0414e-06;0.0732981;1.15796e-06;8.46171e-07;0.000119586;3.87834e-06;1.4271e-07;0.0203626;4.44318e-07;6.18129e-08;4.04685e-07;0.00104414;0.905126;3.41411e-05
4.00652e-08;1.84896e-05;5.24311e-08;1.6236e-07;1.57611e-08;4.67214e-05;1.53089e-07;1.60444e-07;4.10258e-07;2.35804e-07;1.42477e-07;2.3487e-07;0.999933;3.54728e-07
6.85731e-09;4.57753e-07;0.999995;7.65199e-08;2.2551e-09;4.48069e-09;5.91733e-10;1.60545e-09;4.8413e-11;7.36389e-09;2.21269e-10;4.16793e-06;1.19614e-09;2.32783e-07
5.87145e-06;0.996447;7.43936e-07;4.12421e-05;6.68802e-06;2.01188e-05;0.00011456;0.000833011;0.000651151;1.38839e-06;0.000993116;2.8229e-06;0.00075806;0.000124351
