4.3701e-06;0.99963;1.23195e-05;2.31424e-05;3.79233e-07;8.72038e-08;3.43252e-07;5.08005e-05;2.17253e-07;1.6752e-07;5.11217e-07;0.000246967;3.01062e-05;5.10866e-07
3.18839e-05;0.995402;1.48704e-08;3.87148e-07;1.78463e-06;2.41872e-07;1.03e-06;0.00381058;7.8697e-07;8.82748e-07;9.016e-07;2.03659e-05;0.000645281;8.42214e-05
8.98908e-08;0.00025888;6.06987e-07;1.17479e-06;0.000140821;9.82829e-08;1.43218e-07;3.12511e-05;2.99436e-06;3.04849e-07;1.19105e-05;0.999546;6.41103e-07;5.0208e-06
3.21776e-06;0.984701;0.00272479;1.19105e-05;5.63863e-06;2.81963e-07;2.44486e-07;4.69411e-05;1.95145e-07;1.80549e-06;8.66677e-07;9.773e-05;0.0124037;1.77509e-06
0.000117586;0.128591;3.10525e-06;1.59569e-06;8.51736e-06;4.75265e-07;1.43272e-06;0.00491107;0.00136479;5.96523e-08;0.000441516;0.85996;0.00459751;1.45633e-06
0.000586638;0.928651;0.000424964;4.90286e-05;0.00997736;0.000290382;3.24228e-06;0.046489;0.00166941;3.26342e-05;4.01582e-05;0.00656842;0.00419436;0.00102358
0.000663599;0.00635703;0.000139176;2.14472e-05;1.4172e-05;1.87606e-05;2.84146e-05;0.00350768;0.00156415;1.26455e-05;0.000185583;0.0563972;0.931088;1.89896e-06
1.87901e-05;0.0611517;5.84591e-07;3.02954e-06;6.39307e-06;5.73587e-05;9.31818e-08;0.0163099;3.69904e-05;4.38594e-07;8.02689e-06;0.00130015;0.921102;4.42244e-06
7.87808e-05;0.00498119;0.675851;0.000165322;0.00425523;1.40162e-05;1.09655e-07;0.00290815;2.28522e-08;8.51182e-05;2.43421e-07;0.269693;3.57832e-05;0.0419322
1.01383e-07;0.00202275;9.90784e-10;1.35749e-07;9.9783e-10;8.24689e-09;0.997475;2.25879e-08;3.81957e-06;0.000488059;9.82804e-06;5.39158e-12;3.73404e-07;2.95384e-07
1.30726e-09;5.60018e-10;0.999999;2.32457e-09;1.52887e-10;5.13842e-10;1.16514e-06;7.61465e-10;1.59028e-08;1.73471e-08;3.40288e-08;1.32997e-08;4.23626e-13;6.33293e-12
2.91011e-05;0.989291;1.55166e-08;8.74808e-06;2.21503e-07;4.94733e-07;4.83972e-05;3.18694e-05;0.000729364;2.19191e-06;0.000410293;0.00283073;0.00661689;3.46649e-07
0.000974358;0.884701;0.000719139;0.00108571;0.00222103;3.28718e-05;0.000582401;0.0227064;0.000225354;0.000437657;0.000244809;0.0786676;0.000543188;0.00685879
0.000133057;0.534065;0.000258143;0.000549869;0.000391508;2.24154e-05;4.92064e-05;0.0644036;0.000111383;2.19846e-05;0.000213138;0.000267817;0.399501;1.12443e-05
2.83557e-05;0.0300979;1.00568e-05;3.38107e-05;2.25434e-05;3.71359e-05;5.01845e-06;0.00989946;0.000171354;9.34051e-07;0.000213143;0.931993;0.0272748;0.000212065
0.0015031;0.332273;7.15993e-07;0.00755816;0.0453978;0.0518746;2.27625e-06;0.387559;0.0127601;9.74946e-05;0.00479474;0.0203163;0.0119033;0.12396
0.0330268;0.322868;6.40965e-05;0.000105364;0.000245914;0.000248284;7.22215e-05;0.569076;0.00579606;2.92899e-05;0.00173578;0.0192215;0.0459298;0.00158101
2.8444e-05;0.832891;7.35137e-06;1.57884e-05;3.01241e-05;2.20825e-05;1.30272e-06;0.00231749;5.38622e-05;1.41767e-06;5.37577e-05;0.162977;0.00083192;0.000768976
3.65731e-05;0.0922775;0.000170777;1.84256e-05;0.000284135;3.4165e-05;3.56368e-07;0.112605;1.1166e-05;2.21269e-06;1.23567e-05;0.610569;0.183587;0.000391186
0.000761717;0.324812;0.00173434;0.000125454;0.0319208;0.000689432;7.615e-05;0.232213;0.000767392;4.39177e-05;0.00254933;0.087786;0.00871534;0.307805
7.38285e-05;0.00192457;4.40694e-08;1.36612e-06;0.000339437;7.61846e-06;2.6217e-07;0.77511;0.000291077;1.24458e-07;0.000179269;0.000161092;0.221894;1.75525e-05
2.16779e-05;0.00656432;1.45222e-08;2.54943e-06;8.38258e-07;4.08872e-06;6.3412e-08;0.000573693;3.20587e-05;4.91525e-08;1.99801e-06;0.000340533;0.992364;9.46241e-05
0.000503256;0.0311774;6.24702e-06;0.000638665;0.00860708;5.74198e-05;4.16031e-06;0.000551553;0.00129709;4.0692e-05;0.00100798;0.082981;0.000593265;0.872534
6.64937e-06;0.984673;0.00017442;1.99329e-05;1.15923e-05;4.70547e-07;9.43943e-07;1.07691e-06;2.27827e-07;1.93934e-06;6.39664e-06;0.000968254;0.0141027;3.28895e-05
1.70267e-06;0.0479284;5.98499e-08;1.10816e-06;7.16079e-07;2.33268e-08;3.53619e-05;0.000924258;2.06251e-05;2.3723e-08;0.000186384;0.950786;7.85284e-05;3.66893e-05
1.37459e-06;0.99873;4.87531e-09;3.11268e-05;6.17022e-06;6.04144e-06;2.48922e-06;0.000775197;3.99265e-06;5.6816e-06;2.27152e-05;0.000219615;0.000137551;5.80227e-05
1.95924e-05;0.00710331;5.58256e-06;3.47838e-05;1.98387e-07;1.00081e-06;2.62113e-06;0.0019979;6.2776e-05;3.59743e-07;0.000414005;0.981772;0.00858528;2.77439e-07
0.000115495;0.041304;2.40067e-05;9.81956e-06;0.00186103;1.46847e-05;4.95492e-07;0.933502;8.54255e-07;6.24539e-07;3.55033e-06;0.0104776;0.012437;0.000248337
0.000143216;0.348332;5.30272e-05;1.68839e-05;0.000488841;0.000116956;0.000303308;0.0293922;3.27328e-05;0.00024699;2.30031e-05;0.000177992;0.618093;0.00257955
3.39049e-10;1.35958e-10;1;2.60698e-10;1.41458e-10;9.78274e-11;2.41672e-10;1.59721e-10;4.53144e-10;1.994e-11;1.92996e-09;2.66368e-08;7.63747e-11;3.9637e-12
3.08114e-07;2.97185e-06;0.998755;2.08444e-07;1.54504e-07;1.10068e-07;1.71993e-08;0.000364621;7.43692e-07;2.09952e-08;1.49952e-07;0.000872603;8.878e-07;2.50185e-06
4.82245e-08;0.000217754;2.93339e-05;6.98783e-08;1.51304e-06;3.23885e-05;3.01999e-09;8.41954e-07;5.0638e-10;8.44231e-08;2.51479e-09;5.90471e-05;3.44315e-07;0.999659
0.000117825;0.00493037;2.43239e-08;9.9323e-06;0.000216776;0.000114857;2.22918e-06;0.421367;3.28605e-05;4.48829e-07;7.92484e-05;0.00021283;0.572914;1.70202e-06
5.8752e-07;0.0943678;1.26015e-05;8.19391e-06;7.87208e-07;1.43493e-05;1.11753e-08;5.09067e-06;1.05019e-09;2.73715e-07;6.03011e-08;6.29333e-07;0.905587;3.08956e-06
2.02375e-05;0.0360571;5.29082e-05;6.4649e-06;8.61858e-05;7.57351e-06;6.08464e-06;0.238292;1.24197e-06;1.18365e-06;3.12943e-05;0.68447;0.0406469;0.000321243
1.87105e-05;0.862059;2.18742e-05;6.60584e-05;0.00325253;0.0291991;0.0148691;0.0415454;3.6539e-06;0.000901491;0.000220868;4.79412e-06;0.040325;0.00751231
1.0532e-07;5.46093e-07;0.999996;3.3322e-08;1.58348e-08;1.816e-08;2.09208e-07;1.58408e-07;1.3061e-08;2.25784e-09;5.03448e-07;4.36771e-07;1.93608e-06;6.21501e-10
9.68737e-07;4.48197e-06;0.998682;5.04684e-07;5.84358e-06;1.45492e-07;1.90477e-07;0.000726257;5.48382e-07;2.43067e-08;1.16413e-06;0.000571437;6.44435e-07;6.05652e-06
2.38572e-08;5.15365e-05;5.78516e-07;2.84976e-08;5.27999e-06;2.37735e-05;2.40065e-10;2.13686e-06;3.67347e-10;1.71309e-08;2.56446e-09;2.27301e-05;1.00956e-08;0.999894
0.000220159;0.028005;3.7699e-07;2.93939e-06;1.88723e-05;6.39938e-05;1.33919e-06;0.558118;1.34823e-05;2.11456e-07;3.54704e-05;0.000301882;0.413217;1.50023e-06
1.81258e-07;0.991545;1.05302e-08;9.72771e-06;2.28524e-08;3.15949e-07;2.95545e-08;9.94768e-05;3.50577e-07;1.7986e-07;3.22262e-07;0.000613524;0.00773064;9.61583e-08
2.36369e-05;0.166889;2.58227e-08;0.00628106;2.60684e-05;0.000111178;0.000268309;0.0628084;4.69126e-05;0.00100486;0.00113536;0.0307743;0.730539;9.17795e-05
0.000256919;0.00857183;0.96686;0.00502213;0.00039894;2.2493e-05;0.00015558;0.000142585;1.55973e-06;0.000566532;0.000152187;0.0177541;1.0697e-05;8.38764e-05
1.36126e-07;0.00114742;1.09648e-09;1.20546e-06;8.68866e-10;5.78531e-08;0.997729;2.05779e-08;1.97761e-06;0.00109748;2.14104e-05;6.92515e-11;4.92455e-07;9.82382e-07
1.69458e-08;2.84494e-10;0.999996;2.6839e-07;1.53084e-09;1.69138e-08;1.57184e-06;3.50027e-10;1.22475e-07;7.6268e-08;1.8021e-06;1.02806e-07;3.44386e-11;6.04573e-12
9.07885e-05;0.993736;4.44195e-07;0.000663272;7.40054e-06;1.41369e-06;0.000911677;0.000400783;0.00165402;7.16312e-05;0.00111451;0.00125562;2.86781e-05;6.41338e-05
4.60679e-06;0.0120277;4.4725e-07;9.17396e-07;7.40388e-06;2.33298e-08;1.93248e-05;0.987924;6.55553e-06;2.37489e-06;2.84289e-06;1.84247e-06;1.51717e-06;6.71129e-07
2.63947e-07;3.65237e-06;0.999919;1.29361e-05;7.11655e-07;5.4941e-06;6.04128e-07;6.7485e-08;5.43423e-08;1.23605e-05;2.13224e-06;3.27171e-05;1.32802e-08;1.0088e-05
5.3728e-07;0.00216478;5.61979e-08;1.56599e-08;1.11386e-10;2.06801e-08;0.996964;9.21298e-09;1.09698e-06;0.000849588;1.77226e-05;3.20528e-12;1.4552e-06;5.75213e-07
7.31306e-11;1.55078e-12;1;2.27533e-11;1.83329e-11;8.77936e-12;3.0037e-09;2.31962e-10;4.75604e-09;3.17831e-10;1.42113e-09;5.96576e-10;3.74372e-15;3.15341e-14
