3.63732e-05;0.979939;5.72826e-07;1.87541e-06;7.22045e-05;7.68091e-06;6.5528e-06;0.00198489;1.77704e-06;4.79089e-07;1.0763e-06;0.0013468;0.0121105;0.00449002
6.85657e-06;0.148517;1.86452e-09;1.74191e-05;3.43256e-05;4.20834e-06;0.00113706;0.0070554;7.41421e-05;0.000232581;5.4521e-06;5.93947e-07;4.26858e-05;0.842873
1.73858e-08;7.84046e-09;0.999994;1.20622e-08;9.53467e-10;4.8434e-11;6.73579e-08;1.08729e-08;4.28872e-08;6.39316e-10;5.33513e-08;6.20292e-06;5.00571e-11;8.72275e-11
0.00220455;0.0819044;4.20219e-06;9.31278e-05;0.000118371;0.000475528;0.000521471;0.0858377;0.0567776;8.03776e-06;0.00556155;0.000550054;0.74839;0.0175535
0.000168543;0.59688;0.0169112;2.89234e-06;7.1473e-06;1.36207e-06;1.19422e-05;0.328432;2.94374e-05;2.68596e-06;2.60087e-05;0.0370863;0.0204304;9.50612e-06
0.000211121;0.168437;0.00016403;0.000249916;0.00295098;0.00756274;0.000235924;0.00253181;0.000255507;0.000225027;5.82361e-05;0.628593;0.122779;0.065745
0.000423153;0.0785161;2.92699e-08;0.00071962;0.000667514;0.000105606;0.00118201;0.0143486;0.267122;4.90038e-05;0.0386518;0.55501;0.0425922;0.000612881
0.000216298;0.86766;0.020825;0.000181466;7.87372e-05;1.81811e-05;6.24917e-06;8.68065e-05;1.58279e-05;2.93204e-05;8.33261e-05;0.00104684;0.109699;5.28863e-05
0.000914945;0.222266;2.59961e-06;5.13021e-05;0.000541487;0.000196943;3.59699e-05;0.00247952;0.00289614;3.23456e-06;0.000722502;0.672783;0.0706923;0.0264143
0.000198061;0.125815;5.82078e-07;2.17417e-05;0.00495988;0.000264032;5.95317e-06;0.514522;1.97108e-05;1.15945e-05;2.10391e-06;0.0109971;0.230881;0.112302
1.97247e-05;0.00074845;2.92935e-10;7.15482e-06;6.59146e-07;0.000512482;1.68918e-05;3.80066e-06;0.000141632;6.23353e-06;1.89025e-05;4.66488e-06;0.998464;5.53559e-05
0.00015714;0.000291825;0.99787;1.33742e-05;4.16432e-06;5.27429e-05;2.23384e-07;1.39879e-05;8.83692e-07;9.80691e-07;1.04283e-07;0.00122398;1.00592e-05;0.000360069
1.38085e-05;0.959299;1.86562e-07;8.77512e-06;3.87066e-05;9.91333e-05;9.42501e-06;0.0130776;0.000117955;5.77407e-07;4.5442e-05;0.000125245;0.026259;0.000904818
4.19532e-05;0.965443;3.79317e-06;2.90338e-05;5.7516e-06;1.56085e-06;0.000506201;0.00594257;4.77359e-06;0.00069352;1.04926e-05;0.000150098;0.0263058;0.000861093
3.94254e-07;8.39514e-07;0.999965;1.98575e-06;3.20609e-07;9.76158e-08;1.53738e-05;3.56009e-06;3.13895e-06;5.21199e-07;3.38642e-06;5.45643e-06;7.44951e-09;3.98764e-09
4.11841e-06;0.689544;2.48137e-05;5.58106e-05;3.88548e-06;2.83433e-06;1.5351e-06;2.17112e-05;3.05803e-07;5.74754e-07;1.53959e-05;0.000146758;0.310176;2.75591e-06
1.99659e-06;0.0443486;1.45515e-06;6.65081e-07;2.55289e-07;8.6161e-08;3.02569e-06;0.46285;1.20784e-06;4.94739e-08;2.78978e-05;0.487035;0.00571666;1.27748e-05
1.3115e-07;0.000253927;1.52297e-09;3.6942e-05;8.19476e-06;0.397555;1.04293e-05;6.16288e-06;1.19323e-06;3.58723e-05;1.86335e-05;1.29409e-07;0.601463;0.00060968
0.000641294;0.0256487;0.706911;0.000418217;8.23938e-06;9.49655e-05;4.76837e-05;0.000488941;4.96412e-06;1.93043e-05;6.41478e-05;0.259463;0.00612651;6.37109e-05
8.36922e-06;0.992809;1.28519e-08;4.55475e-05;1.04245e-05;8.96944e-06;2.92485e-05;0.000795049;0.000104102;1.06776e-06;0.000111306;0.000178973;0.0039295;0.00196826
9.11942e-07;0.000688155;4.56009e-09;1.90293e-08;4.67569e-05;2.04187e-08;1.75642e-09;0.999247;3.11813e-08;4.02981e-08;3.0663e-09;4.17392e-06;7.11168e-06;5.95525e-06
4.17198e-07;0.000143764;0.998739;2.00624e-06;5.19351e-06;3.5121e-05;6.75476e-09;1.75664e-06;1.80299e-08;7.10596e-07;3.3571e-07;0.000720398;0.000349868;1.55144e-06
1.08853e-05;0.991525;1.07084e-08;5.62817e-08;1.84437e-07;2.09636e-07;0.00789837;0.000475582;5.04548e-06;2.55279e-05;2.22361e-05;2.23615e-08;7.03542e-06;2.97207e-05
2.32204e-08;1.60138e-08;0.999997;1.06356e-08;1.7576e-08;3.83728e-09;8.11534e-07;8.90972e-08;6.36682e-08;1.62447e-08;2.24339e-08;1.74808e-06;3.39012e-11;3.91766e-10
0.000800188;0.210027;3.00098e-06;1.58159e-06;1.744e-05;1.02985e-06;3.97157e-05;0.78406;0.000548784;7.39503e-06;0.000181037;3.02679e-05;0.00418272;0.000100193
1.61419e-07;0.000738526;8.49381e-06;8.79265e-08;2.63098e-07;8.30799e-08;5.32912e-08;6.89314e-06;2.61539e-06;4.33623e-08;6.89918e-06;0.999228;4.0718e-06;3.88163e-06
2.53945e-06;0.998962;1.22202e-06;1.15312e-07;4.8939e-07;5.7754e-08;3.41485e-07;9.0811e-05;6.96018e-08;3.8731e-07;6.72671e-08;0.000296399;0.000644733;5.06462e-07
3.66086e-05;0.847009;4.93284e-08;5.19038e-06;4.37401e-05;0.000103607;0.105082;0.000329119;0.00144421;0.0161054;1.13444e-05;0.00516641;5.1327e-05;0.0246115
6.37687e-08;2.67032e-08;0.999998;8.29109e-08;8.06975e-08;4.85083e-07;7.06444e-07;1.30088e-07;4.16661e-07;8.70343e-08;3.42769e-08;3.15451e-08;1.23039e-09;9.22816e-10
0.00139571;0.708919;0.00141589;1.23515e-05;0.000737716;1.89861e-05;1.36826e-05;0.106914;5.68466e-05;1.44636e-06;5.62971e-06;0.000947466;0.17948;8.11932e-05
0.00049218;0.227876;1.74092e-06;0.0016068;0.00175319;0.000482879;0.000216628;0.486866;0.0862607;5.95588e-05;0.0103462;0.00112925;0.18033;0.00257744
0.000197892;0.0126421;9.47869e-07;4.122e-06;0.00261032;4.3475e-05;6.44341e-08;0.976003;6.7526e-06;2.15199e-06;7.59619e-06;9.60003e-05;0.00692671;0.00145925
6.91639e-08;0.000475018;2.65575e-07;8.76618e-08;1.621e-07;9.67442e-08;2.20642e-09;6.94439e-06;3.89536e-08;1.41072e-08;6.1557e-08;0.999443;3.08007e-05;4.35499e-05
1.13172e-05;0.252776;4.89826e-07;2.193e-06;0.00252517;4.65767e-06;1.34247e-07;0.704928;7.13136e-06;1.43972e-07;5.64466e-07;0.00246436;0.0370805;0.000199778
0.000586663;0.936344;0.000208384;3.69362e-05;0.00165548;8.76246e-07;2.15046e-05;0.0292034;0.000145257;5.62124e-05;4.15414e-05;0.0175715;0.01194;0.00218779
0.0018584;0.02314;3.04343e-06;0.000664215;0.0326634;0.000885217;3.2571e-05;0.111776;0.791453;8.46285e-05;0.00148873;0.00317579;0.0323792;0.000395661
0.000259847;0.997134;0.00120263;4.76153e-05;7.1104e-06;6.07311e-07;1.26881e-05;0.00118157;1.0041e-05;1.91943e-05;1.14093e-06;4.95186e-05;1.50543e-05;5.87224e-05
0.00204983;0.683973;0.00276105;0.00114893;0.000728588;0.000589862;0.000380298;0.176773;0.0026162;6.73041e-05;0.000496503;0.0201311;0.106631;0.00165225
0.000702279;0.0431386;0.000152784;0.000143667;0.00576985;0.00713988;5.00224e-06;0.00738942;0.000330135;2.18826e-05;0.000196571;0.546045;0.378622;0.0103428
0.00413535;0.0301495;3.68994e-06;0.000195664;0.00591538;0.0527274;3.48365e-06;0.0450599;0.00053105;0.000114752;4.35416e-05;0.00326153;0.84498;0.0128791
0.000676844;0.284532;5.96393e-05;2.14661e-05;5.8308e-06;1.37226e-05;0.692448;9.44209e-06;0.00057621;0.0206649;0.000163839;5.63609e-05;0.00029193;0.000480171
4.58401e-10;8.09419e-12;1;1.4736e-10;2.08572e-10;1.87745e-10;1.33729e-09;1.43935e-10;5.63727e-10;4.92976e-11;2.65953e-10;6.67164e-10;6.27184e-14;1.02803e-12
0.00160189;0.775762;1.35728e-05;0.000294501;0.000164653;0.000118531;2.21219e-05;0.167758;0.000607289;4.45358e-06;0.000287597;0.00138004;0.051758;0.000227734
2.68426e-05;0.0247722;1.41039e-05;6.52319e-05;9.00305e-05;8.67072e-06;3.77001e-07;0.97252;5.0965e-05;5.79499e-06;3.18635e-05;0.00121582;0.00117009;2.7993e-05
1.79164e-06;0.997931;1.90007e-09;5.1353e-07;5.96568e-07;6.73257e-07;4.54844e-05;0.000919678;3.61731e-07;5.22735e-05;3.30041e-06;5.52956e-08;4.62806e-06;0.00103973
3.68519e-08;1.27281e-09;0.999953;1.78038e-09;9.77855e-08;1.21587e-10;3.85545e-09;5.14517e-08;2.68404e-10;1.59849e-09;1.53357e-08;4.63304e-05;7.95743e-11;7.60899e-11
0.00197666;0.278896;0.000128307;0.000277418;0.000929837;0.00398029;0.000534763;0.480024;0.00158693;4.38725e-05;0.00288525;0.10372;0.0577077;0.0673089
0.000111134;0.000837639;7.11491e-09;4.41112e-06;1.33047e-05;2.08592e-05;5.97373e-06;0.0887835;0.000305862;4.39224e-07;0.000994548;5.92948e-05;0.908852;1.10958e-05
1.34004e-05;0.000366029;4.78044e-07;3.5368e-06;4.86042e-07;3.98458e-07;1.62028e-07;9.937e-06;9.23202e-05;4.25906e-07;3.46747e-05;0.99875;0.000722344;5.78072e-06
1.81262e-07;0.00160853;4.17565e-11;5.96871e-09;4.05348e-05;2.51757e-09;1.60874e-08;0.99835;1.91798e-08;2.29298e-08;3.58435e-09;1.33634e-08;2.35509e-07;3.82701e-07
8.73765e-07;0.000366495;0.979575;1.90188e-05;5.04935e-05;4.5743e-05;3.53389e-08;2.15045e-05;1.67514e-08;1.67284e-06;9.46359e-07;0.0195797;0.00032408;1.42764e-05
8.63993e-06;0.998087;1.47559e-09;6.00977e-08;3.69024e-07;7.25612e-08;0.000482454;0.00140379;5.82835e-07;4.97621e-06;4.01417e-06;2.86767e-08;1.4886e-06;6.39643e-06
8.09632e-08;4.0271e-09;0.999989;1.82735e-07;8.28844e-09;1.22423e-09;8.36039e-06;3.08678e-08;1.04673e-06;4.10478e-08;6.06604e-07;3.54164e-07;1.06037e-10;4.62499e-11
0.000438331;0.960096;9.94033e-07;7.84854e-05;4.08373e-07;4.74643e-08;0.000219119;0.0307135;0.00131248;1.07422e-06;0.00114123;0.000449344;0.00553608;1.26215e-05
1.12151e-07;0.00125769;2.77406e-10;6.42729e-06;0.000231783;3.50462e-07;1.41717e-08;0.998358;8.1531e-07;4.12702e-06;1.37416e-07;2.25581e-06;2.0554e-07;0.000137709
1.03152e-06;7.90512e-05;0.999628;7.35506e-05;8.67281e-06;6.80417e-06;8.27571e-08;5.03315e-06;2.87395e-07;1.03123e-05;1.37589e-05;0.00016655;8.17542e-07;5.56108e-06
7.86809e-05;0.0265661;2.78505e-06;0.000279501;2.04599e-06;2.02333e-05;0.00466242;0.00101918;0.0807473;0.000102488;0.879974;4.04609e-05;0.00649703;7.35e-06
