5.99004e-05;0.965671;3.7203e-07;1.64852e-06;1.0149e-05;2.71849e-07;5.70385e-07;0.0269575;8.41701e-06;1.00214e-06;3.33881e-06;9.52043e-05;0.00718674;3.74757e-06
3.16303e-05;0.537888;0.000328919;3.6073e-05;0.000707833;3.14779e-05;1.82897e-06;0.000300212;4.91611e-06;6.19655e-06;8.58833e-07;0.289701;0.000152097;0.170809
7.7065e-05;0.326739;2.5213e-07;0.000469438;0.0014893;0.000817525;0.00248985;0.239966;0.00319847;0.00021;0.000881775;4.41341e-07;0.390011;0.0336507
5.34343e-10;2.26917e-10;1;2.75178e-10;8.82902e-11;2.08706e-12;1.1382e-10;8.44971e-09;7.9644e-11;8.20865e-12;3.20653e-10;3.10038e-08;6.4258e-11;5.54749e-12
2.0054e-07;2.88905e-05;7.63104e-06;1.35562e-07;7.93587e-07;3.33561e-09;3.09397e-07;1.50474e-05;6.63793e-07;1.03872e-07;2.1652e-08;1.59483e-05;2.3236e-07;0.99993
1.62155e-06;1.64541e-05;2.96534e-11;2.09981e-08;0.000590561;2.37343e-06;3.19918e-07;0.999164;0.00021993;1.35177e-08;4.13665e-07;1.15505e-07;2.75648e-06;1.06822e-06
2.8442e-08;1.87275e-06;0.999869;3.45767e-08;1.55188e-05;5.24937e-08;1.44897e-11;2.64833e-08;1.78364e-11;6.88096e-10;9.41843e-11;0.00011363;1.62418e-08;4.36505e-07
6.40026e-08;0.999168;8.39985e-10;9.96851e-09;6.51227e-08;6.68535e-08;2.56254e-08;0.000151226;3.74479e-07;1.25303e-10;1.44141e-07;3.18615e-06;0.000676294;1.09822e-07
2.58098e-07;0.980319;2.45424e-11;1.74351e-06;1.77241e-06;4.95007e-08;2.69454e-08;0.00148512;7.5369e-09;6.0078e-08;1.67924e-08;0.00152381;0.0166641;3.90681e-06
5.1841e-06;0.945519;1.07624e-05;2.02771e-06;0.000672965;1.30557e-06;7.36739e-08;0.0466504;3.77285e-09;9.86067e-07;2.75124e-09;0.00328161;0.00153427;0.00232143
1.02425e-05;0.0235035;7.53662e-07;0.000249026;1.59212e-05;0.000140713;9.04787e-05;0.000236908;0.000167704;5.41799e-05;0.000630085;0.000157189;0.974492;0.000251688
1.43992e-06;0.000563633;0.999268;2.306e-05;4.2878e-07;7.28712e-07;6.03251e-06;2.60774e-08;1.70244e-08;1.48623e-05;4.58529e-07;0.00010932;1.53578e-07;1.16954e-05
9.19158e-07;1.59916e-06;0.999963;2.71841e-07;4.95759e-07;3.52071e-07;3.84903e-06;2.92149e-06;2.03773e-06;7.22753e-08;2.46556e-05;1.09771e-07;1.76338e-07;1.84003e-08
3.20833e-06;0.101368;5.50319e-08;3.16765e-07;0.00126705;4.5181e-06;1.08784e-08;0.894047;1.40974e-05;4.97672e-08;5.34548e-06;0.000924789;0.00222938;0.000135696
2.52295e-06;0.985816;1.85047e-07;1.27676e-05;0.000435898;1.06166e-05;1.86608e-07;0.00196456;5.03805e-06;4.54361e-06;2.16543e-05;0.0100615;0.000456413;0.00120806
8.94391e-05;0.00109809;9.35435e-06;2.04244e-05;0.888307;0.00466454;4.56252e-07;0.0096312;1.03403e-05;1.0441e-05;3.826e-06;0.00913178;0.00094098;0.086082
3.39877e-05;0.000246754;8.74462e-10;8.45915e-09;5.29928e-07;2.03836e-08;6.66019e-09;0.988406;8.75452e-06;1.77768e-09;8.08815e-07;3.19044e-07;0.0113026;2.52153e-08
6.47302e-05;0.00841536;4.57837e-06;8.61847e-06;1.14497e-05;8.82168e-06;2.98142e-08;0.00189507;5.13065e-05;1.62674e-06;1.57687e-05;0.982832;0.00287803;0.00381225
2.21291e-06;0.996926;5.49273e-09;4.37607e-07;3.83311e-08;5.12826e-08;1.5567e-07;3.32715e-05;2.36174e-06;1.90806e-07;1.94401e-06;0.00204809;0.000984988;4.10712e-08
3.90271e-06;0.00499734;3.05877e-08;1.32912e-06;1.1287e-05;3.53508e-07;1.42502e-08;0.0109442;2.09175e-05;5.96927e-08;6.78894e-05;0.982787;0.00116506;4.88117e-07
5.63954e-06;0.991247;2.98057e-06;6.61056e-06;2.93532e-06;4.94086e-05;0.00291527;0.000145525;1.72314e-06;0.0014797;1.95972e-06;8.35198e-08;0.000110447;0.00403109
1.02228e-08;4.11486e-09;0.999998;4.60549e-08;1.11404e-09;1.68585e-08;7.21801e-08;5.69568e-08;2.0887e-08;2.9628e-09;6.70585e-07;1.36617e-06;3.83145e-09;3.80205e-11
8.17581e-05;0.795415;0.00128105;0.000123205;6.35541e-06;0.000160154;0.000243119;0.0599813;0.000265026;5.43913e-05;0.00197237;0.00892283;0.129728;0.0017653
3.49999e-06;0.000173418;1.56989e-09;1.27821e-06;2.12916e-05;4.84145e-05;1.06629e-07;0.00896142;8.09591e-06;2.28769e-07;8.62425e-05;1.27828e-05;0.990644;3.95226e-05
1.73193e-05;0.0154462;1.67391e-07;4.74126e-06;7.12688e-06;4.1797e-06;5.35001e-08;0.00436091;2.91167e-06;8.76222e-07;2.83083e-06;0.977246;0.00249304;0.000413748
8.59624e-06;0.659188;7.56158e-08;7.23213e-05;0.000148082;2.17637e-05;5.49225e-05;0.006853;1.23156e-06;1.67666e-05;3.62308e-05;0.0168224;0.316727;5.02503e-05
0.000451749;0.152793;1.52822e-06;0.0408065;0.0238489;0.015992;5.41975e-05;0.0763876;0.000567278;0.000706222;0.0133781;0.340329;0.177054;0.157631
1.68226e-05;0.506527;3.48302e-06;7.09384e-05;1.56747e-07;1.18411e-05;0.465789;4.48407e-07;2.82745e-07;0.0219117;4.60265e-05;8.06117e-08;1.08048e-05;0.00561156
6.38859e-09;1.36946e-10;0.999994;7.91816e-09;2.89277e-10;9.10807e-11;5.67035e-06;3.75082e-09;7.08559e-09;2.85991e-08;4.27379e-07;7.24521e-09;1.25246e-12;1.35283e-12
0.000133435;0.196156;2.07152e-07;1.57971e-05;3.6599e-05;9.51082e-06;0.785748;0.00780384;0.00361632;0.00321904;0.00302575;1.07009e-06;0.000196579;3.71927e-05
1.13334e-08;7.8169e-09;0.999999;8.52515e-09;3.55106e-09;1.49007e-10;5.75653e-07;1.88059e-08;6.7509e-08;1.20041e-08;2.09305e-07;4.39315e-07;9.88393e-11;5.98576e-12
0.000266764;0.231456;0.000111274;0.000214593;0.00140428;5.51961e-05;7.42171e-05;0.0138618;0.00119982;1.02561e-05;0.00337588;0.700414;0.0452034;0.00235278
1.38511e-05;0.944967;1.4227e-06;6.02525e-06;0.000190531;1.44737e-06;1.1052e-05;0.0143789;3.05193e-06;3.96534e-06;1.00026e-05;0.00185342;0.0368893;0.00166996
1.981e-05;0.285065;0.000133894;8.16269e-05;0.000201865;9.56493e-06;6.9508e-05;0.00163149;7.40957e-05;4.817e-06;0.000239971;0.410349;0.000651944;0.301468
3.30476e-05;0.0922284;4.67683e-07;4.26704e-05;0.000625141;1.08685e-05;4.06005e-06;0.00314754;6.15923e-05;2.13187e-06;0.000266141;0.786697;0.081017;0.0358638
2.72157e-05;0.0416893;7.64872e-06;2.52826e-06;0.00175089;8.85505e-05;4.70669e-07;0.941912;7.37945e-07;2.76289e-07;5.46881e-07;0.00784181;0.0030597;0.00361881
1.94881e-05;0.0178302;3.11859e-09;3.84751e-07;9.59038e-05;6.12248e-05;4.49602e-07;0.96565;4.87637e-07;6.94833e-07;2.45615e-07;8.64517e-08;0.0161125;0.000228573
8.81713e-09;1.89854e-09;1;6.07911e-09;1.15989e-09;9.02427e-10;1.05551e-09;5.8739e-09;1.01432e-09;1.55649e-10;1.57184e-09;1.24491e-07;3.2625e-09;2.15253e-11
2.71599e-05;0.00299763;0.813084;7.77055e-05;3.70627e-05;4.81074e-06;4.97794e-06;0.00519972;1.18281e-05;2.60558e-06;1.18733e-05;0.177725;0.000334069;0.000481953
3.16975e-06;0.00970017;2.65617e-07;7.43196e-05;0.852486;0.00390895;1.36622e-06;0.0253721;5.75045e-06;3.09379e-05;7.33018e-06;2.05638e-06;8.76593e-06;0.108399
9.87284e-06;0.0337885;0.170739;0.00185025;0.0295489;0.0223314;1.88088e-06;3.95655e-05;4.22559e-08;1.80061e-05;5.8619e-05;0.734204;0.00364951;0.00376086
7.96201e-05;0.415425;7.0405e-05;9.90787e-05;1.21452e-05;2.59833e-05;2.09499e-05;0.00439127;5.36198e-05;4.44295e-07;0.00987923;0.00646692;0.563465;1.0218e-05
7.23326e-06;0.0684478;8.73211e-08;2.40777e-05;0.0116508;4.62485e-06;2.57577e-06;0.917433;4.05508e-06;8.28234e-06;1.19086e-05;0.000764669;0.000143272;0.00149792
4.82643e-05;0.0646561;0.887063;0.00182543;0.0136552;0.000253734;0.000124855;0.0272526;8.74963e-06;0.000682998;0.000333325;0.000443668;0.00333202;0.000320369
0.000300089;0.954836;0.000353967;0.0010184;0.00288188;0.00174195;0.000685558;8.78909e-05;9.48629e-06;0.000775136;0.00392918;0.00661997;0.0105186;0.0162416
0.000716415;0.00738228;0.0103103;4.62673e-05;0.000305245;7.16762e-06;1.99613e-06;5.55825e-05;9.44269e-05;1.83872e-07;0.000139631;0.980899;3.2449e-05;9.00308e-06
0.012243;0.72694;8.21318e-07;6.05883e-06;0.000117261;6.10718e-06;1.45385e-05;0.100274;0.157771;2.27424e-06;0.00105494;0.000222685;0.0013434;4.17251e-06
2.66057e-07;0.999966;1.99842e-10;1.05335e-09;1.08561e-09;5.25707e-10;1.84262e-05;1.82317e-06;4.36346e-07;8.06643e-06;7.82609e-09;2.00353e-09;4.15562e-06;5.89824e-07
1.74819e-10;4.66971e-10;1;6.38651e-12;2.75662e-10;8.39609e-13;8.89348e-11;9.58108e-09;1.10689e-09;3.10767e-11;1.10769e-11;4.31403e-07;2.30154e-13;1.49554e-14
2.74286e-05;0.00591543;7.7901e-07;0.000177411;3.13238e-05;5.60719e-05;0.000303822;0.0110739;0.97695;2.59289e-05;0.00424604;0.000569236;0.000555955;6.7063e-05
0.000549877;0.939488;5.44019e-08;0.000113258;3.15866e-05;4.00762e-05;2.03674e-05;0.00157624;0.00897211;4.83039e-06;0.00149831;0.00901648;0.0382935;0.000394911
2.39649e-06;0.99903;1.01869e-09;3.24509e-07;4.32241e-08;1.52431e-08;0.000597975;2.57054e-05;2.71241e-07;8.16901e-05;2.62227e-07;2.94861e-07;5.55547e-07;0.000260319
2.26467e-09;1.86184e-11;1;6.0163e-10;6.79103e-10;7.25129e-11;6.03248e-08;6.23556e-09;1.2924e-08;5.9759e-10;7.42195e-09;1.24119e-07;2.40821e-14;1.67212e-12
7.0618e-06;0.881244;4.80725e-06;6.3509e-06;1.7363e-07;1.10062e-06;8.79341e-06;1.29988e-06;9.18642e-07;1.34959e-06;9.01595e-06;1.43006e-06;0.118713;4.15273e-07
7.60706e-05;0.0561149;1.11229e-06;5.99114e-06;9.73384e-07;5.00551e-06;6.11368e-06;8.74345e-05;5.68933e-06;3.6468e-07;2.31481e-06;0.936263;0.00730816;0.000122723
9.21808e-05;0.0517359;0.00235332;4.87509e-06;0.018668;0.00109681;1.17491e-06;0.707688;1.82452e-07;6.50557e-07;2.68446e-07;0.0241458;0.190545;0.00366858
1.2282e-06;0.00541505;2.40033e-08;1.77666e-06;1.08248e-06;9.12329e-05;3.83129e-06;1.17401e-05;4.40337e-06;1.47889e-06;4.89016e-06;7.36423e-06;0.994442;1.39481e-05
4.21989e-06;0.00576047;0.993503;5.07156e-06;1.16324e-06;1.49558e-07;7.50616e-08;5.87378e-07;6.9336e-09;1.66189e-07;2.27719e-08;0.000666717;7.69576e-07;5.76866e-05
2.60417e-06;0.99746;5.27828e-08;7.00684e-06;1.32788e-05;2.10252e-06;6.72137e-06;0.000853823;3.14061e-05;1.2953e-07;8.75157e-05;6.29832e-06;0.000974624;0.000554126
3.88049e-05;0.071741;2.40572e-06;8.26267e-06;3.54406e-05;5.086e-06;4.56151e-08;0.89646;9.69468e-06;3.78798e-06;2.10217e-05;0.00101507;0.030106;0.000553057
6.09998e-06;0.0427645;1.14324e-06;6.52749e-06;3.42756e-05;1.80174e-05;0.000345687;2.89089e-05;5.59613e-07;0.00328992;1.9977e-06;5.02407e-05;6.14056e-06;0.953446
8.30299e-08;3.86106e-08;0.999971;1.69952e-07;9.44042e-08;1.63547e-08;8.878e-06;5.21667e-07;2.23707e-07;9.24433e-08;9.51464e-06;8.91651e-06;4.09868e-10;1.76391e-09
1.73157e-05;0.85034;8.28287e-09;3.04357e-06;1.59523e-06;1.20053e-07;4.03254e-05;0.00235248;1.45303e-05;1.28693e-06;6.50373e-05;0.00222658;0.144818;0.000120441
1.51629e-05;0.614099;1.40249e-05;1.44067e-06;0.00565454;3.50946e-05;6.64143e-06;0.311741;9.32661e-08;1.23309e-05;4.96881e-07;9.55308e-05;0.0030118;0.065313
6.10878e-07;0.00113579;1.70346e-08;2.92404e-07;3.76722e-07;0.000188847;2.70221e-06;5.47423e-07;1.27248e-06;1.19164e-06;2.97261e-07;3.96447e-06;0.998659;5.5223e-06
2.66619e-06;6.76276e-05;0.997113;1.44967e-05;1.51226e-06;6.81832e-06;0.000486737;1.18029e-08;2.69817e-07;0.000779695;1.5892e-07;0.00150016;6.45071e-07;2.58031e-05
2.74986e-07;2.47722e-08;0.999964;1.55264e-07;3.93243e-08;3.75151e-08;2.5104e-05;1.90559e-09;7.12615e-06;9.89235e-08;3.07806e-06;1.09597e-07;2.35937e-11;9.32406e-10
1.41031e-05;0.999128;1.17413e-07;2.41864e-07;8.40434e-09;5.78568e-09;1.70342e-06;0.00053676;0.00023406;4.74766e-08;2.21569e-05;2.22524e-05;4.10822e-05;5.10223e-09
2.6035e-06;0.990583;1.88083e-07;6.84621e-06;4.19303e-06;1.82809e-07;0.00144485;1.32881e-05;8.87312e-07;0.00167856;2.3703e-07;9.33405e-06;4.91402e-07;0.00625508
2.00613e-06;9.1978e-07;0.999957;6.28003e-07;2.84877e-08;1.76754e-08;1.459e-05;9.12456e-07;5.77798e-06;4.07384e-08;1.17429e-05;6.20216e-06;4.10506e-07;4.29566e-09
5.65325e-06;0.997913;4.1033e-08;1.17101e-07;4.84015e-06;3.8806e-08;1.47531e-06;0.00201508;9.94729e-07;1.16395e-06;3.26692e-07;7.83597e-08;5.09484e-05;6.05347e-06
4.3163e-05;5.85199e-05;0.000192145;9.18398e-06;0.0217945;2.02261e-06;1.64752e-08;0.000365515;4.14556e-06;1.69896e-06;1.18955e-07;0.977059;2.41474e-06;0.000467391
8.01244e-05;7.7169e-05;1.60745e-07;2.47256e-07;2.48035e-08;9.16995e-09;0.00186402;0.00291323;0.994488;6.32e-07;0.000538383;9.63772e-11;3.75211e-05;4.8431e-09
2.88264e-05;0.997463;1.6566e-07;4.36737e-06;2.25793e-06;3.6873e-07;3.99017e-06;0.00125707;0.000496311;3.74558e-07;3.24607e-06;0.00011623;0.000570487;5.28129e-05
1.11428e-05;0.000397937;2.74464e-09;0.000139946;0.000361903;4.65879e-05;1.95618e-08;0.984575;0.000144293;6.6918e-06;1.89174e-05;0.0139066;6.37461e-05;0.00032688
5.66779e-05;0.988172;1.36575e-08;1.75615e-06;3.14242e-06;4.71147e-06;8.75474e-06;0.00410687;2.22356e-06;1.10822e-06;7.64429e-06;0.000177703;0.00742743;3.01639e-05
4.31762e-06;0.000604492;4.5986e-09;1.25087e-06;1.4171e-05;2.46012e-06;5.86983e-08;0.00792284;1.76634e-05;1.07722e-07;1.00572e-05;0.000206677;0.991215;4.80655e-07
1.61021e-05;0.997945;0.000274177;0.000213378;2.43654e-06;2.72999e-05;0.000131823;0.0006343;7.16968e-06;0.000219453;3.07583e-06;1.20058e-05;0.000146032;0.000367805
7.39301e-09;3.93309e-08;0.999999;8.31413e-08;2.04715e-09;7.63609e-09;3.80162e-08;3.26214e-07;3.95013e-09;1.32699e-08;2.11897e-07;3.14248e-07;2.42966e-08;4.48423e-10
1.13143e-06;0.000191229;0.975495;2.99963e-05;2.48559e-06;3.71226e-05;4.31457e-06;0.000129694;1.0313e-06;2.84323e-06;0.000242892;0.0235136;2.42977e-05;0.000324425
3.22959e-05;0.0191785;0.000218322;5.49455e-05;0.0105281;0.137016;1.76606e-06;0.00150749;3.05798e-05;4.60504e-06;0.00318051;0.00200149;0.000459813;0.825786
1.71925e-05;0.574441;1.95705e-06;3.92762e-05;0.000239688;0.00959469;0.000226014;0.00335864;2.40675e-08;0.000357543;2.59954e-06;6.12227e-08;0.00271353;0.409007
2.84405e-11;4.66829e-11;1;1.38642e-10;5.60922e-10;1.41737e-09;1.13279e-11;3.56927e-11;3.49649e-14;1.22811e-12;1.9257e-11;3.9143e-08;8.242e-12;7.24244e-12
3.75988e-05;0.284129;0.000284646;3.16872e-05;0.00139938;0.00563997;1.2414e-05;0.437758;1.13075e-06;9.33399e-06;1.1154e-05;4.79012e-05;0.232262;0.0383754
6.97274e-11;2.76958e-09;1;6.32419e-10;1.42519e-08;4.70648e-08;3.17971e-12;1.79739e-09;4.96271e-14;1.78941e-12;6.73167e-12;2.4182e-07;3.95993e-11;2.35558e-10
1.94749e-06;0.00962233;0.00057068;0.000146265;0.000141081;0.000354839;3.58797e-08;0.000619768;1.37479e-06;4.50958e-07;2.45902e-05;0.924744;0.000290708;0.0634822
4.00659e-06;0.972601;3.6041e-09;8.99923e-06;0.000120018;0.000517418;2.20216e-08;0.00172848;8.70223e-08;8.72584e-08;7.74161e-06;6.71432e-05;0.0245391;0.000405514
6.81369e-08;6.88318e-06;1.0672e-09;1.03803e-08;0.000135946;1.63283e-07;9.99514e-11;0.999802;1.19873e-10;9.88732e-10;5.31586e-09;2.75172e-05;2.66286e-05;1.20062e-06
2.04227e-09;4.87436e-05;0.99995;1.05253e-08;5.46144e-07;1.06247e-07;1.09219e-11;2.26601e-08;3.62113e-12;1.40003e-10;4.08089e-11;2.12183e-08;2.62446e-07;5.76574e-07
4.917e-06;0.198045;1.01785e-05;4.96633e-06;0.000142275;0.00645218;1.59854e-06;0.00844014;1.36177e-05;1.23218e-06;5.54601e-05;0.000193652;0.786167;0.000467746
