2.9162e-06;0.976833;6.84909e-09;1.90132e-07;7.90653e-07;2.01644e-06;3.58313e-06;0.00582543;2.59313e-07;4.87327e-06;5.18319e-08;6.29909e-07;0.0172982;2.79284e-05
4.59702e-10;5.15137e-09;0.999992;1.5034e-09;5.07901e-08;5.27336e-10;1.41169e-10;4.20346e-09;2.01586e-11;8.30224e-11;4.77903e-11;7.69619e-06;4.78861e-11;1.11912e-09
5.9291e-06;0.993177;0.000258397;4.57958e-05;8.33201e-06;2.18382e-07;9.92176e-05;0.00163975;2.68226e-05;2.38393e-07;3.36183e-05;0.00295867;0.00160697;0.000138486
0.000108401;0.0424566;1.98076e-05;0.000258235;2.17188e-05;1.78426e-05;0.000350985;0.0327016;0.000340894;3.51184e-06;0.00438132;0.907187;0.0119671;0.000185246
1.18681e-05;0.000731683;1.11192e-07;2.56551e-08;4.19084e-06;3.80512e-08;3.2018e-07;0.999222;1.634e-07;4.08309e-09;7.18014e-08;1.18417e-06;2.46548e-05;3.66924e-06
1.33691e-06;8.7568e-05;1.06222e-06;5.68405e-05;0.960379;0.00035258;2.16452e-07;0.0111927;1.37587e-05;2.12986e-06;9.54675e-06;0.0100627;6.40862e-05;0.017776
8.98425e-07;0.00295018;0.996977;1.68748e-05;7.70031e-07;2.8219e-06;3.35599e-07;2.32327e-07;1.07119e-07;3.15431e-07;3.17502e-06;3.73731e-06;3.30484e-05;1.0756e-05
4.14662e-06;0.990569;1.21704e-07;1.80795e-07;1.99254e-07;1.07783e-05;9.52609e-07;1.29832e-05;2.1912e-07;8.82957e-08;2.48596e-06;0.00139299;0.00796623;3.92907e-05
1.19881e-06;0.0510544;1.50205e-07;3.86148e-06;1.64412e-05;0.000245283;7.14932e-08;0.00249028;1.42876e-05;1.95382e-07;0.000230824;0.232585;0.713332;2.52873e-05
5.59823e-05;0.386928;0.389226;0.00151223;0.00226564;0.00554572;6.36944e-07;0.0190718;3.65879e-06;5.06622e-05;1.1324e-05;0.0137098;0.114636;0.0669829
7.20976e-05;0.0365634;6.45947e-06;6.08167e-05;9.06288e-05;5.84806e-05;8.69092e-05;0.000848371;0.00107981;1.0479e-06;0.00628588;0.0156787;0.939086;8.10196e-05
1.6183e-05;0.0212498;3.06796e-06;1.05099e-05;0.00336102;0.00176088;2.95043e-05;0.962957;1.81549e-05;0.000235678;4.02624e-05;7.03364e-06;0.00963905;0.000671903
3.16126e-09;5.86113e-10;1;1.04671e-09;3.38585e-10;1.90369e-10;1.74854e-09;1.38402e-09;4.77139e-10;1.45928e-09;6.11316e-09;5.8858e-08;4.01299e-10;6.14397e-12
2.1217e-06;1.19108e-05;0.996184;9.34207e-08;4.07234e-07;4.28898e-08;6.08656e-08;7.83297e-05;1.86988e-07;8.91402e-08;6.55866e-08;0.0037208;3.94887e-07;1.71175e-06
8.49395e-06;0.00313699;1.19905e-06;2.1402e-06;0.0137501;0.00275448;1.30921e-06;0.000107792;1.82293e-05;1.00287e-05;1.05136e-05;9.29344e-05;5.79826e-05;0.980048
0.000164289;0.00201645;0.000484436;5.46323e-06;0.00458093;4.98614e-05;1.4775e-06;0.00352165;0.00012308;1.97889e-06;9.94523e-05;0.948464;0.0404726;1.38891e-05
0.00164314;0.459507;8.97656e-05;6.00687e-08;0.000278865;8.19959e-07;2.10378e-07;0.538041;1.51311e-05;2.85054e-08;7.50048e-08;4.02038e-05;0.000381449;1.92167e-06
9.73541e-07;0.00578637;2.01347e-08;4.98464e-07;1.84346e-05;1.59643e-06;3.58907e-08;0.992445;5.86358e-05;7.16857e-08;9.37594e-08;0.00024536;0.00144059;2.00669e-06
1.2954e-05;0.0308771;1.33588e-08;1.62039e-07;0.000102501;2.55573e-06;7.4991e-09;0.963034;2.06806e-08;8.71024e-07;1.44548e-08;5.42736e-06;0.00570973;0.000254675
1.10722e-07;0.000326636;6.06071e-06;2.30196e-06;1.48923e-05;2.30615e-06;2.11206e-07;4.18857e-05;1.16178e-06;3.77045e-07;3.05506e-06;0.999473;4.14507e-06;0.000123424
8.13069e-06;0.982074;6.65008e-09;5.73168e-06;4.69868e-05;4.78084e-07;8.01917e-06;0.00340585;5.32996e-06;9.33621e-07;1.15875e-05;2.4307e-05;0.0144071;1.61113e-06
1.60884e-05;6.10702e-06;1.8648e-11;4.62499e-10;1.37151e-06;1.81643e-09;4.40294e-09;0.999973;1.23708e-06;4.54159e-10;3.03779e-09;1.48159e-07;1.86104e-06;1.00035e-08
2.00508e-05;0.000953195;3.59199e-06;3.01687e-05;0.00255597;4.83242e-05;7.85121e-07;0.00012904;2.91069e-05;1.0341e-06;2.46664e-06;0.991621;1.01015e-05;0.00459536
2.12363e-05;0.0294022;6.88545e-09;6.57425e-07;1.23935e-06;1.02379e-07;8.19656e-06;0.00202114;6.14037e-06;4.15922e-08;7.07176e-06;1.19066e-06;0.968529;1.49915e-06
4.31582e-06;0.0224556;3.44592e-07;0.000118665;0.000107662;1.45532e-06;1.04513e-07;0.000199734;3.64965e-05;9.18659e-08;5.9804e-06;0.823339;0.00116281;0.152568
0.000220856;0.491439;1.57194e-07;0.00215687;0.000103883;2.88617e-06;0.000160641;0.0140313;0.0052804;4.23173e-06;0.0037544;0.239873;0.241893;0.00107876
0.000147585;0.865033;6.16412e-07;7.85635e-05;1.7087e-05;1.76304e-05;4.63157e-06;0.0129553;1.21436e-05;6.39627e-07;1.91887e-05;0.0519048;0.0589822;0.0108265
2.53648e-07;0.000320588;8.40229e-09;1.54669e-08;1.66875e-06;5.69851e-08;4.15901e-10;0.999075;2.11562e-09;8.11302e-09;1.36374e-09;0.000570193;3.20639e-05;3.02817e-07
3.29567e-06;0.0248461;0.427223;0.000780234;4.68628e-05;0.0106013;0.0318731;7.37078e-08;5.30249e-07;0.375855;9.76486e-06;1.27403e-07;7.93327e-06;0.128753
1.60044e-11;2.33504e-12;1;2.63584e-11;7.4814e-12;1.19462e-11;3.50161e-09;7.22131e-12;2.01366e-11;1.46692e-11;6.48008e-10;7.57266e-12;1.45558e-14;1.1351e-13
