2.06655e-05;0.998872;8.47836e-06;1.4654e-05;6.89037e-07;4.33703e-07;4.29632e-07;0.000142117;3.21273e-07;4.57022e-07;6.24773e-07;0.000744968;0.000192259;1.94211e-06
5.4536e-06;0.994942;1.18759e-08;3.12523e-07;2.42996e-07;4.60501e-07;0.00346791;2.01274e-05;5.12446e-07;0.00040355;3.31844e-07;3.83695e-07;0.00013859;0.00102008
1.47775e-08;1.51563e-08;0.998471;5.11809e-09;1.00298e-07;6.72157e-09;4.85633e-08;5.74872e-08;5.2377e-08;5.44247e-09;1.27244e-07;0.0015291;4.56114e-11;5.65026e-10
2.08816e-07;0.999312;2.30782e-12;4.99562e-09;1.4615e-08;5.21093e-09;0.000193255;7.6537e-05;3.04093e-08;1.55628e-06;1.54496e-08;8.33285e-11;0.000200279;0.000216252
1.23778e-10;7.98979e-10;0.999999;2.26274e-11;1.00418e-08;1.62185e-09;3.20211e-11;2.75883e-10;1.20091e-12;1.11055e-11;1.91141e-12;1.17479e-06;7.08077e-13;1.6683e-10
3.05813e-07;0.994498;5.94586e-08;2.05392e-06;6.88699e-06;1.81412e-05;0.000536328;0.00156317;1.22724e-06;2.62412e-06;5.69662e-07;5.20867e-09;0.00237114;0.00099982
1.00811e-10;1.73152e-09;1;1.14257e-09;1.2745e-10;5.44863e-10;5.35258e-10;8.59774e-10;5.04279e-11;5.52223e-11;8.515e-10;7.63516e-09;1.76877e-10;6.05397e-12
3.42342e-07;1.61985e-05;0.99608;1.64271e-06;7.1315e-07;5.12922e-07;6.79758e-08;0.00336828;4.59089e-07;4.18089e-08;1.12384e-06;0.000528168;1.30034e-06;1.62874e-06
7.60716e-08;0.000121507;0.000678296;2.0917e-07;5.30108e-06;0.000232921;5.27244e-09;1.74951e-05;1.35903e-09;1.20011e-07;4.96532e-08;8.24839e-05;9.38047e-08;0.998861
6.86379e-06;0.0237855;1.26435e-06;1.64414e-06;5.13906e-06;7.54718e-05;2.49291e-07;0.000640932;1.05493e-07;3.53125e-08;5.34857e-06;0.000144879;0.975329;3.36655e-06
9.79865e-06;0.13841;7.46849e-09;0.000335084;0.00209712;5.64429e-05;2.88795e-07;0.857322;9.82319e-06;1.28284e-05;6.50117e-06;0.000966548;0.000219855;0.000553625
4.20985e-05;0.412943;0.0244736;0.00594555;0.00108222;0.00154974;2.05078e-06;9.47764e-06;1.93735e-07;0.000154516;0.000118504;0.00693177;0.544395;0.00235177
0.005372;0.185248;1.02913e-05;0.000572435;6.78229e-05;2.27463e-05;0.00314265;0.106939;0.0182623;6.25261e-06;0.00810266;0.655195;0.0166857;0.000372949
0.000740432;0.0195421;1.14265e-06;0.0165613;0.187772;0.0648866;2.54887e-06;0.320541;0.00979416;0.000192292;0.000766613;0.199863;0.00056976;0.178768
0.000129863;0.995088;2.37049e-08;0.000194789;1.30789e-06;7.74785e-06;0.000146215;1.83571e-05;0.000885168;8.59594e-05;0.0002301;0.00027926;0.00275939;0.00017372
0.000400294;0.0197676;0.000670811;6.11931e-05;6.40944e-05;1.52312e-06;1.45343e-07;3.14358e-05;3.92707e-06;1.30631e-06;3.76994e-06;0.978548;0.000136347;0.000309943
0.000943402;0.208019;6.36262e-08;1.72737e-05;2.27796e-05;4.41418e-06;0.769795;0.00475888;0.0101447;0.00274914;0.00168978;9.37275e-08;5.1998e-05;0.00180396
5.0991e-08;2.61159e-08;0.999999;9.33329e-09;2.14573e-08;1.21177e-08;8.5264e-08;8.47997e-07;2.18707e-07;3.73216e-08;4.19774e-08;5.98033e-08;2.27207e-10;1.49382e-10
0.000298262;0.616667;1.21301e-05;1.22362e-05;0.000140075;1.28837e-05;1.81472e-06;0.0190845;0.00410737;1.71297e-06;0.000559248;0.315026;0.044009;6.8432e-05
0.000649173;0.464759;0.000376753;1.05025e-05;0.000406334;2.1672e-07;6.35153e-05;0.359763;0.000354381;7.68873e-06;0.000587914;0.17096;0.0020503;1.13292e-05
0.00229057;0.670948;1.85296e-05;0.000186047;0.00100768;1.40927e-05;0.00116024;0.152205;0.0509055;0.000171187;0.00169917;0.105784;0.00948709;0.00412257
7.11364e-06;2.56545e-06;2.47271e-11;5.61703e-09;4.37091e-08;3.47527e-10;4.00397e-07;0.996906;0.00308088;1.59596e-08;1.19223e-06;2.47387e-09;2.24088e-06;1.01121e-08
4.52448e-05;0.000114621;1.47616e-06;7.00909e-07;2.37391e-06;3.99108e-07;6.88378e-07;0.000471285;0.000173473;2.99597e-07;7.17164e-07;0.99917;3.08902e-06;1.56068e-05
1.41053e-05;0.996515;1.64969e-07;2.56214e-07;6.99333e-07;3.28628e-09;3.45679e-07;0.00116157;4.83857e-06;3.39228e-08;8.3223e-07;0.000326695;0.0019746;9.48687e-07
1.78408e-06;0.978193;3.21222e-09;2.79669e-07;1.69683e-06;2.03815e-06;0.00443712;9.82318e-06;2.18791e-07;0.000378942;9.42547e-08;1.94075e-07;1.66089e-05;0.0169586
6.82423e-11;1.22284e-11;1;4.13976e-10;2.25602e-09;4.12036e-09;7.19911e-10;2.70884e-10;1.55986e-11;4.23136e-11;1.70909e-10;9.32057e-08;2.0462e-12;7.92676e-11
6.59035e-06;0.00105448;8.24253e-09;1.18909e-06;1.50628e-06;2.32667e-06;8.81907e-08;0.0178866;1.30375e-05;1.46236e-08;0.00014165;0.000134289;0.980757;1.20326e-06
3.43785e-05;0.00827251;1.40422e-06;2.77046e-05;7.44192e-06;1.17041e-05;3.90029e-07;0.00196551;8.26887e-05;9.93974e-07;0.000284104;0.964425;0.0246351;0.000251376
3.31061e-06;0.995517;1.60011e-05;5.97122e-06;4.90665e-07;1.21445e-07;1.27091e-06;0.000883799;9.19736e-07;1.56726e-07;1.65735e-05;0.00238787;0.00116558;8.17436e-07
9.93901e-07;0.0108604;1.04908e-09;4.25266e-05;4.39004e-06;1.02371e-06;0.000111171;3.76513e-05;4.4523e-07;0.000379782;9.00175e-06;0.0011591;1.95538e-06;0.987392
4.6809e-06;0.000655582;0.99485;7.50937e-06;1.18395e-06;8.89152e-07;0.00430153;0.00011227;2.12437e-07;5.36348e-06;5.69703e-05;8.02583e-07;1.09318e-06;1.61064e-06
1.45824e-05;0.0729453;0.0155691;0.000203721;0.000493534;0.00010234;1.36329e-05;0.0010816;1.67579e-06;9.41371e-06;6.2057e-05;0.000293399;0.909201;8.70947e-06
5.78875e-06;0.996711;1.93465e-07;1.29068e-07;2.10953e-05;4.47484e-07;2.04832e-05;0.00168292;2.85496e-06;6.42026e-07;1.2665e-05;0.00108245;0.000310928;0.000148291
0.000302602;0.017622;0.0736031;0.000103388;0.805201;0.00153988;3.07108e-07;0.0300139;5.33941e-06;3.04017e-06;1.81732e-05;0.0263235;0.000274761;0.0449893
0.000776451;0.645107;9.54756e-06;3.01885e-05;0.000201202;4.96286e-05;0.00131447;0.0132167;0.0405173;1.31294e-06;0.0308377;0.00392182;0.260701;0.00331613
3.1859e-05;0.979209;3.41053e-08;1.14037e-05;8.86718e-05;2.95227e-05;3.86294e-07;0.0162598;1.6451e-05;2.74337e-06;3.12717e-06;0.0012895;0.00112024;0.00193743
1.60407e-05;5.54642e-05;4.82166e-09;1.05817e-07;2.61849e-07;2.68991e-07;4.19904e-08;0.0104334;4.84465e-05;6.10724e-09;1.48033e-05;9.22445e-05;0.989339;2.05262e-08
0.000245787;0.0068958;2.32343e-06;1.1463e-05;1.73792e-05;6.80338e-07;6.62429e-08;0.0918179;0.000305362;9.78581e-07;7.59273e-05;0.896694;0.00298202;0.000950171
0.000138286;0.883088;1.54655e-06;3.68708e-05;0.00010377;1.03808e-05;0.066803;0.00881443;0.000164539;0.0203949;0.000114498;6.00493e-06;0.000907368;0.0194164
2.77093e-08;3.84165e-07;0.999985;1.16187e-07;1.94315e-07;3.97842e-09;2.49581e-06;8.10496e-08;1.18293e-07;6.58548e-08;2.30329e-06;9.42505e-06;1.76243e-10;7.71932e-09
1.30161e-06;0.982125;5.03488e-06;9.96475e-06;1.52074e-06;1.91525e-08;4.93635e-07;6.02443e-06;6.81734e-07;4.25036e-08;1.09194e-05;0.000192998;0.0176427;3.11429e-06
3.84729e-06;0.36517;9.8952e-09;1.42536e-06;2.7909e-05;3.51775e-06;5.1552e-05;0.00273794;4.5951e-06;1.0091e-06;4.52303e-05;0.087866;0.00249466;0.541592
2.17266e-07;0.0550811;1.12689e-07;2.46476e-06;1.62845e-06;0.000435512;2.44646e-06;0.000265295;3.30313e-08;5.77313e-07;2.08731e-07;2.68939e-06;0.94414;6.74082e-05
1.15989e-06;7.52762e-06;0.992344;3.03573e-06;1.29272e-05;1.32017e-05;6.87839e-09;5.34151e-07;5.03112e-10;9.35398e-08;1.79252e-08;0.00737111;2.34726e-06;0.000244249
3.65399e-06;0.967297;5.31002e-08;1.29639e-05;2.27765e-05;3.00499e-05;1.04751e-05;0.00119876;1.69659e-05;1.11716e-07;0.000117877;9.31915e-05;0.0310288;0.000167154
3.32162e-08;4.41637e-05;8.42116e-12;6.77951e-11;6.97048e-08;6.62784e-11;3.48527e-11;0.999954;2.46088e-10;7.79365e-11;3.56401e-11;3.41578e-08;1.57561e-06;2.09023e-08
2.25664e-07;0.00113214;2.90332e-05;5.69125e-06;0.00148877;0.0003931;4.43853e-07;0.000511002;4.13567e-08;5.08709e-05;1.20631e-07;3.58047e-05;7.35117e-05;0.996279
5.95541e-09;1.13286e-07;0.999999;1.19497e-08;4.84854e-10;3.20732e-10;1.92743e-08;1.21893e-08;6.35197e-09;4.03567e-10;4.06745e-07;7.67195e-09;2.05242e-08;4.68907e-10
3.16703e-07;7.18591e-05;0.994571;9.07786e-07;3.48201e-07;9.73442e-09;4.8695e-07;0.00381817;1.10049e-06;2.40742e-08;6.34214e-06;0.00151884;2.96187e-06;7.53061e-06
3.88445e-09;4.10977e-05;6.66365e-06;6.6759e-08;1.84718e-06;2.94193e-06;2.33926e-10;7.05057e-07;1.38577e-10;6.54133e-09;2.57536e-09;5.9204e-05;2.44946e-08;0.999887
1.97518e-07;0.997391;1.65979e-08;2.86051e-07;2.11585e-06;3.96389e-07;1.42241e-08;0.00143063;6.73392e-09;3.16072e-09;6.21312e-07;1.73898e-05;0.0011552;2.23293e-06
2.25687e-07;0.00650459;3.3345e-08;8.01987e-06;0.000274085;3.29936e-05;1.26443e-08;0.990707;4.00806e-07;7.81819e-08;1.0926e-06;0.000239853;0.00106468;0.00116644
5.21238e-07;0.00776362;6.33868e-10;6.75438e-06;3.64135e-06;8.79256e-06;1.71837e-07;0.00171759;2.70844e-09;3.01859e-07;1.33903e-05;0.00039813;0.990073;1.36452e-05
0.00210499;0.000824234;0.0150472;0.0444555;0.913989;0.00049129;9.12734e-05;0.00152494;2.67436e-05;0.000104859;0.000302343;0.0025267;7.14464e-05;0.0184397
0.000261039;0.939362;7.51161e-10;3.37844e-07;1.16803e-05;7.29146e-10;1.19836e-06;0.0603108;1.68008e-05;1.2066e-07;1.46314e-06;2.57584e-08;7.38266e-07;3.43585e-05
3.21683e-05;3.26574e-05;0.00318343;6.01353e-05;8.89563e-05;1.14638e-06;3.21387e-08;3.67086e-05;3.10874e-06;6.82437e-07;3.30815e-07;0.995968;6.51385e-07;0.000592361
1.08352e-06;2.89393e-07;1.56463e-09;4.99722e-06;6.73011e-10;4.67389e-09;2.2446e-05;1.81044e-07;0.997226;5.04098e-08;0.00274445;2.03149e-09;1.91778e-07;5.72259e-10
1.74626e-05;0.999481;3.87084e-09;3.15382e-06;1.25308e-09;5.43674e-10;2.18836e-06;9.10962e-05;0.000234033;4.74257e-08;1.12641e-05;8.9944e-06;0.000150087;6.41024e-08
2.01108e-07;6.34023e-05;1.65794e-08;1.15582e-06;0.000418759;2.06044e-08;1.33762e-09;0.9995;4.7277e-07;2.59189e-06;7.28892e-09;1.15167e-05;8.19795e-07;1.28933e-06
1.05356e-06;1.08076e-05;0.999618;0.000122863;5.43507e-07;8.5669e-06;7.20411e-07;5.14303e-08;7.8501e-06;2.54651e-05;3.10186e-05;0.000146003;2.53683e-08;2.65458e-05
0.000462625;0.000147388;1.91666e-06;2.03597e-05;1.24818e-06;1.25093e-05;0.000424435;0.000402691;0.0392663;9.05063e-06;0.959122;5.1357e-06;0.000123159;9.64899e-07
