6.71557e-06;0.999332;2.4547e-07;3.94775e-07;5.60793e-09;4.04563e-09;8.2336e-07;0.000328505;3.79815e-06;2.35832e-08;1.20878e-05;0.000125336;0.000190255;1.32009e-08
3.95332e-08;0.997982;1.47807e-10;3.55092e-06;8.45735e-07;6.12621e-08;6.18641e-06;7.01357e-08;3.45953e-08;0.000185967;5.04904e-08;2.52246e-07;1.57419e-07;0.00182053
3.38821e-06;3.44335e-06;0.999868;2.42441e-06;1.35156e-07;3.74566e-07;3.24533e-06;4.64379e-06;8.96126e-06;2.62656e-08;4.46174e-05;3.71836e-05;2.34092e-05;6.82396e-09
1.47759e-05;0.844294;1.37993e-06;1.64572e-06;6.80365e-06;2.07545e-06;3.01779e-07;0.000884288;1.74005e-06;9.40426e-08;2.52495e-06;6.86605e-05;0.154721;6.65759e-07
3.14389e-05;0.0139515;5.34455e-07;4.5211e-05;0.000680497;6.71922e-05;4.72367e-08;0.000221587;1.9937e-05;1.26143e-05;2.66635e-06;0.9834;0.000213891;0.00135307
0.00181913;0.00611902;6.0546e-07;1.70406e-05;0.000396097;2.44201e-05;1.57212e-05;0.941419;0.0491937;5.10818e-06;5.00513e-05;7.63232e-05;0.000858924;5.30836e-06
0.0034199;0.867365;1.07457e-08;3.94779e-05;0.000166651;1.8672e-05;0.000103561;0.0138512;0.00491063;3.32147e-05;0.000252128;0.00136533;0.107909;0.000564803
0.00230727;0.60062;7.29138e-06;0.00511841;0.15963;0.000165913;2.33763e-06;0.187864;0.00196895;0.000402768;9.68676e-06;0.0210563;0.00105501;0.0197926
0.000146859;0.987079;5.92249e-08;1.35731e-06;4.70071e-05;3.60084e-06;3.83853e-06;0.00131665;4.82243e-06;1.47799e-06;4.82914e-07;0.00701475;0.00264078;0.00173982
3.73509e-05;0.0430764;1.05612e-08;4.00262e-06;0.000102024;0.00035343;9.43771e-05;3.98119e-05;9.48654e-06;1.38699e-05;8.78098e-06;0.000247928;0.954006;0.00200693
0.000438524;0.00531766;0.985904;0.000530683;0.00515172;0.000809271;8.79728e-06;8.14101e-05;9.15078e-06;4.59435e-06;1.22474e-05;0.00120705;0.000108622;0.000416677
6.88537e-05;0.918798;4.04869e-08;0.000953927;0.000696196;0.000219081;0.000155364;0.00180411;0.000976669;7.04038e-06;0.000344381;0.000104722;0.0421297;0.0337423
1.61385e-05;0.000705881;1.16376e-08;9.60257e-08;0.000108264;5.94871e-07;4.1697e-09;0.998966;6.85503e-08;3.89348e-08;1.21094e-07;2.24948e-06;2.87766e-05;0.000171476
1.39042e-06;0.986473;4.21393e-05;9.40257e-06;0.000100605;5.98447e-05;0.000111508;0.00270728;1.06311e-06;0.000141649;1.13605e-06;0.000119835;0.000521479;0.00970975
8.98508e-11;2.58324e-10;1;4.75824e-10;1.60722e-12;1.43585e-12;1.26082e-09;1.41676e-09;6.52657e-10;2.18892e-11;4.98963e-09;1.01989e-08;1.21566e-11;6.55729e-15
3.86921e-06;9.41304e-05;0.0015332;1.31691e-05;3.12262e-06;2.3107e-07;1.87989e-07;0.000448008;0.00079281;5.00843e-07;0.000188571;0.996915;1.87843e-06;5.34556e-06
7.74571e-06;0.00191724;9.18703e-08;2.97558e-08;2.69041e-06;4.26989e-05;2.11109e-08;0.000951805;1.38984e-06;4.36326e-08;1.32859e-06;1.43375e-06;0.997072;1.33071e-06
5.7066e-07;0.00207163;2.10243e-07;1.88427e-07;2.36716e-05;6.24705e-07;8.93364e-10;7.38507e-05;3.70308e-06;4.2259e-09;9.41928e-07;0.997811;1.08924e-05;2.76435e-06
2.75294e-05;0.0529231;6.75027e-06;6.89263e-07;0.160334;9.81261e-07;3.1514e-09;0.783185;2.07429e-07;1.93514e-08;7.79245e-10;0.0012005;0.00155631;0.000765266
6.06254e-08;5.15045e-07;3.04405e-06;1.09142e-08;0.00042465;4.23078e-08;1.92426e-10;0.999571;8.37929e-08;4.02045e-08;2.31963e-10;6.1251e-09;3.58122e-07;6.29663e-08
6.24691e-06;6.4153e-05;0.999697;1.50678e-06;0.000140777;4.55661e-05;2.1369e-10;1.20906e-05;2.06757e-08;1.59434e-07;3.90348e-08;7.39922e-06;1.13095e-05;1.38668e-05
8.06975e-06;0.898932;2.4987e-06;2.13418e-06;9.2461e-06;4.95394e-06;2.96528e-06;0.100067;0.000236295;3.02118e-07;3.13523e-05;0.000492469;0.000102173;0.000108964
