2.84104e-06;0.0452223;4.72191e-08;1.0827e-06;4.62839e-07;1.28344e-06;3.89951e-07;0.00115911;1.61464e-06;5.34713e-08;6.15965e-07;0.00010203;0.953508;4.33825e-07
7.05928e-06;0.0010884;8.45144e-09;0.000275778;9.69819e-05;0.000100054;3.23516e-07;0.000803862;0.000115542;5.94353e-06;7.92521e-05;0.996416;0.000219663;0.000790949
7.87812e-06;0.000152483;3.2356e-09;1.08404e-08;1.24574e-08;5.34528e-10;8.07222e-08;0.999835;3.7847e-06;4.32245e-10;3.31911e-07;6.27382e-08;4.80132e-07;2.65273e-09
3.85953e-07;2.08622e-05;2.35845e-07;1.56843e-06;0.00019967;5.02196e-05;1.02484e-09;1.36632e-05;3.89994e-08;5.56682e-08;2.00099e-07;0.000257037;8.7013e-07;0.999455
1.06634e-06;0.998806;1.50405e-07;6.46343e-08;3.88002e-09;1.96838e-08;0.000123235;4.54406e-06;1.8245e-07;1.61026e-05;1.00342e-07;1.85039e-08;4.24632e-06;0.00104471
3.49403e-10;4.03421e-09;0.999968;4.34749e-10;4.0128e-10;1.91268e-09;5.69506e-09;1.42298e-09;2.38717e-09;1.57899e-09;1.74417e-09;3.23374e-05;1.85628e-12;3.96646e-09
2.89916e-06;0.991308;5.65904e-08;1.72097e-06;1.6243e-08;1.39285e-07;6.04042e-05;6.3265e-05;1.59749e-05;2.53019e-07;2.47128e-05;0.000112048;0.00840543;4.64597e-06
3.17071e-06;0.122473;0.00027802;2.0806e-06;9.04876e-06;1.26347e-06;1.34286e-06;0.824377;4.12682e-06;2.32284e-07;3.47061e-05;0.052193;0.000616479;6.70348e-06
1.85961e-06;0.484333;3.28623e-07;0.000112756;0.00090291;0.0222594;1.33977e-07;0.121203;5.02312e-06;1.36174e-06;4.31425e-06;0.000264921;0.365182;0.00572903
4.73293e-06;0.040047;2.77441e-09;2.13471e-06;7.44257e-08;3.12828e-07;1.27702e-07;2.08192e-05;8.03699e-07;4.19535e-08;5.76222e-06;0.24652;0.71339;7.74968e-06
9.92575e-05;0.168571;0.000487011;4.52692e-06;0.000113451;2.49268e-05;1.46112e-07;0.0111915;1.36348e-06;4.12118e-06;4.99545e-06;0.725269;0.0931742;0.00105449
4.19759e-05;0.131963;5.22919e-06;0.000119371;0.00167239;0.016194;0.00010178;0.213932;0.00577939;0.000281567;0.00101012;0.00604344;0.622788;6.73161e-05
0.000354108;0.771306;0.199294;0.00340285;5.23431e-05;0.000121246;0.00257675;0.00021097;2.95034e-05;0.0144143;8.26945e-05;0.00582364;1.05081e-05;0.00232134
1.78855e-06;2.07092e-07;0.999962;3.20931e-07;8.24218e-08;1.21429e-09;1.22764e-05;1.156e-07;5.24474e-06;1.55864e-07;1.35649e-05;3.76793e-06;2.19958e-10;9.87613e-10
0.000320574;0.265533;3.01159e-06;4.85603e-06;1.01097e-05;9.68204e-08;2.90904e-05;0.716635;0.0059552;1.5661e-06;0.00633231;0.00425507;0.000912582;7.93363e-06
1.72902e-07;0.761475;3.2798e-11;2.34433e-07;4.65145e-07;2.73794e-08;0.000221153;1.61599e-07;7.43329e-07;2.64924e-05;2.55441e-07;1.40417e-07;4.40752e-08;0.238275
0.000201278;0.0073096;5.6912e-07;1.27671e-05;9.91427e-07;1.43293e-07;0.289938;0.00350487;0.623748;4.80022e-06;0.0744107;4.17135e-07;0.000868391;1.09919e-08
4.4278e-06;0.999536;4.57791e-08;1.1566e-07;4.87657e-08;5.04835e-09;6.48409e-07;0.000154501;2.12827e-06;2.31872e-08;4.01528e-07;1.02482e-05;0.00029184;2.67895e-08
1.40446e-08;7.3104e-05;1.70681e-08;3.75996e-08;2.18188e-06;4.31777e-08;3.93107e-11;4.98892e-06;2.8016e-08;2.83235e-10;1.13781e-08;0.999698;1.47284e-07;0.000221148
3.16202e-06;0.955501;3.7799e-09;1.1344e-06;3.56904e-07;1.50745e-07;3.01773e-07;0.000379647;6.6574e-06;2.63087e-08;1.81422e-06;0.000100091;0.0439872;1.8581e-05
8.50457e-06;0.371849;3.97513e-09;4.75348e-05;4.81539e-06;4.85841e-05;8.25952e-06;0.0050302;4.40819e-05;1.09427e-05;1.54193e-05;0.0129506;0.609432;0.000549447
1.09519e-05;0.00148829;0.942286;0.000603711;0.000843224;0.000273737;1.21351e-07;0.000426822;6.41062e-07;1.12315e-06;1.62444e-06;0.0530792;4.1425e-05;0.000943152
0.000154279;0.735233;2.26844e-07;0.000732091;2.99675e-05;4.17595e-05;9.59568e-05;0.0247553;0.00995214;3.96438e-05;0.0132965;0.00178095;0.213854;3.44559e-05
3.61452e-06;0.318737;0.679938;9.83441e-06;8.50903e-06;3.99585e-06;3.61003e-06;0.000363834;9.55001e-09;7.89613e-05;3.24048e-08;2.62287e-05;3.50661e-05;0.000791047
1.63317e-07;3.5616e-07;0.999982;3.01111e-07;4.95536e-07;6.84816e-08;1.35619e-07;1.39656e-07;8.84241e-07;2.68952e-08;1.49198e-05;3.57662e-07;1.81737e-07;6.53556e-08
8.84728e-05;0.0479787;0.516005;6.39073e-05;6.09948e-05;5.45112e-06;2.11285e-05;0.428591;0.000270822;9.95931e-06;0.000639098;0.00566471;0.000168561;0.000432098
3.13163e-06;0.00660996;0.000214843;6.60744e-06;2.86196e-05;0.000710712;4.66459e-07;0.000294549;9.27356e-07;8.41999e-06;5.81699e-06;0.00384354;4.85865e-06;0.988268
0.000221663;0.00457146;9.16946e-09;3.87939e-06;1.06305e-05;3.09784e-05;1.25192e-06;0.952256;9.09009e-05;1.03119e-07;0.000224182;2.83682e-06;0.0425838;2.45084e-06
2.68927e-05;0.547302;3.80818e-08;2.51582e-06;4.02095e-07;1.33557e-06;7.51176e-07;0.072914;1.16792e-06;1.89191e-06;1.50965e-06;0.00313788;0.376591;1.87099e-05
2.90145e-06;0.00515776;3.98035e-05;1.37316e-05;6.52894e-05;6.569e-05;7.54512e-07;0.000362228;1.85235e-08;2.82103e-06;2.34617e-07;0.982012;0.00062816;0.0116483
1.19699e-06;0.63343;2.30135e-08;0.000206874;6.64985e-05;1.97888e-06;0.357861;0.000145554;6.9449e-05;0.00257728;0.000131516;2.63653e-07;0.00148575;0.00402284
2.35261e-08;3.66077e-07;0.999973;6.03887e-08;6.85708e-09;5.88036e-09;2.43834e-05;1.12782e-08;1.13046e-07;3.71735e-08;2.3213e-06;2.99372e-09;3.54553e-08;2.23129e-11
0.000121898;0.980545;4.69718e-06;2.5512e-05;7.9991e-05;1.14763e-06;6.06644e-06;0.0155875;5.97969e-05;1.62191e-06;6.93899e-06;0.000143624;0.00341648;6.1919e-08
0.000699088;0.57582;4.49495e-06;4.33114e-06;2.971e-05;1.06104e-06;3.82515e-06;0.0432669;3.29032e-05;1.43192e-06;7.06205e-06;0.0143338;0.365781;1.40359e-05
0.000108325;0.681068;4.20653e-07;7.93357e-05;0.000193741;2.03098e-05;0.0321432;6.86335e-05;0.000258773;0.0109924;0.00015548;1.56259e-05;5.3139e-05;0.274843
8.98053e-09;6.33273e-10;0.999999;9.89005e-10;1.96136e-10;3.57524e-11;5.67981e-08;1.9091e-09;1.8199e-08;7.95365e-10;1.5229e-08;6.08555e-07;1.97186e-11;8.27314e-13
1.36345e-05;0.826175;9.43469e-08;4.81747e-06;4.89695e-05;5.08055e-06;0.132443;0.000228251;0.000227257;0.00218295;2.47265e-05;3.64979e-05;9.65654e-06;0.0386003
6.85605e-08;6.7349e-07;0.999997;2.55804e-08;1.21402e-08;1.53418e-08;1.32232e-06;3.84003e-07;1.48324e-07;4.46643e-09;2.67432e-07;2.14912e-07;4.04664e-07;1.62921e-09
3.15158e-06;0.0247468;1.24995e-07;6.07704e-07;1.10195e-06;1.2747e-06;1.6041e-07;0.0039114;1.06706e-06;9.76192e-09;3.71695e-07;0.000285625;0.971032;1.64441e-05
3.17988e-07;7.72443e-05;4.00227e-06;3.84114e-07;3.14136e-05;1.35989e-07;1.17078e-09;4.25492e-07;9.75131e-08;2.87124e-08;1.19015e-08;6.58839e-05;1.8146e-05;0.999802
3.50227e-05;0.915932;2.41723e-09;4.77433e-06;4.01254e-06;4.41174e-09;0.000112958;0.0763253;0.00479316;7.49338e-07;3.65047e-05;0.0010595;0.00157377;0.000122408
4.47509e-05;0.944749;1.11576e-06;2.48671e-05;8.9784e-06;2.21301e-06;1.62716e-05;0.011805;0.00015357;2.33981e-06;1.02156e-05;0.0391796;0.00382438;0.000178097
4.99847e-06;0.712693;3.8366e-07;9.26791e-07;8.10769e-07;4.24408e-07;1.453e-08;0.00027411;2.982e-08;7.7957e-08;7.3607e-09;0.286611;0.000185266;0.000229439
6.94329e-05;0.0431265;2.68895e-07;2.66984e-06;0.02943;0.000683223;8.8895e-06;0.0335381;1.46025e-07;1.7292e-05;1.30876e-07;0.000233019;0.225791;0.6671
1.18862e-05;0.00111123;1.12909e-05;5.81228e-05;2.9833e-05;0.0062938;7.23561e-05;2.41031e-05;0.000122339;4.64021e-05;9.67182e-05;0.00429821;0.987716;0.000107831
8.89986e-06;0.00221855;0.996975;3.55717e-05;2.26291e-06;2.10318e-05;0.000207403;4.69907e-07;1.63466e-07;5.85734e-05;4.12928e-07;0.000459895;6.62693e-06;5.28763e-06
7.97228e-08;2.88626e-08;0.999998;1.41246e-08;1.16828e-07;9.6469e-08;4.84252e-07;7.61745e-08;1.01394e-07;5.21543e-09;4.596e-07;2.94028e-07;8.28978e-09;2.79858e-09
2.07024e-06;0.998168;2.13653e-07;8.33727e-08;2.35937e-07;1.32828e-06;0.000695615;0.000300694;1.71853e-06;0.000199363;8.87696e-07;3.5464e-07;0.00022599;0.000403608
1.21168e-10;1.55401e-10;0.999995;2.03746e-10;2.58576e-08;2.47611e-08;4.98026e-10;9.12382e-10;2.48752e-10;6.47365e-10;2.72668e-09;4.68625e-06;4.34168e-13;1.98095e-09
4.91971e-05;0.0932389;8.00312e-06;1.70053e-06;0.000298808;9.64595e-06;1.92148e-05;0.900366;0.000120628;5.49661e-07;0.000307935;0.00115717;0.00396253;0.000460085
1.98968e-06;0.987593;6.10934e-09;5.02952e-07;4.38805e-06;1.82881e-06;0.000705778;0.000117385;9.96458e-07;0.000356576;1.54717e-06;1.87572e-07;2.35006e-06;0.0112135
1.98169e-09;7.31506e-09;0.999999;1.25156e-09;1.30932e-08;3.36253e-10;6.94898e-10;1.79179e-09;1.82642e-10;7.86339e-10;1.50543e-09;1.07046e-06;1.45195e-12;1.27309e-10
0.000128545;0.0835064;5.39374e-06;1.19707e-05;4.55869e-05;3.87128e-06;1.75119e-05;0.868916;0.00254823;1.06843e-06;0.00515736;0.000630029;0.039027;1.08403e-06
0.000455065;0.16571;5.25862e-05;0.000248757;0.0847177;0.0951268;7.16154e-05;0.397641;0.000813654;0.000309379;0.000292845;0.0409785;0.0638768;0.149705
1.61063e-05;0.00135376;1.88669e-10;1.63584e-06;2.38691e-06;2.91121e-06;2.75787e-06;0.000290447;8.9238e-05;4.33309e-07;0.00013801;0.00136927;0.996733;2.97083e-07
0.000514201;0.000752416;5.98284e-05;1.52996e-05;2.13771e-05;1.37808e-06;1.08741e-06;0.00108025;0.000827126;2.5495e-06;7.86762e-05;0.994876;0.00174792;2.23495e-05
0.000757447;0.314265;6.78847e-07;5.19007e-06;0.000272547;2.57054e-05;1.83093e-06;0.664725;0.000659417;1.08603e-05;1.31985e-05;0.000563689;0.0181367;0.000562778
6.58883e-07;0.00140022;2.75264e-07;3.96077e-07;1.56933e-05;1.20214e-07;7.22127e-09;9.65606e-05;2.89045e-06;2.19896e-08;2.27673e-06;0.998468;9.02405e-06;3.86023e-06
8.21875e-05;0.929829;0.000100768;3.29972e-06;0.00040262;2.96593e-06;1.93493e-06;0.0640055;2.92495e-06;6.03348e-06;2.37582e-06;0.00060981;0.00368792;0.00126244
5.97188e-06;0.905089;1.47823e-10;7.2842e-07;7.84505e-07;2.07291e-08;0.00114438;1.09899e-05;0.000319368;1.27273e-05;1.35569e-05;5.53298e-06;2.40884e-05;0.0933728
0.000309681;0.00195723;3.34167e-06;2.77871e-06;8.27519e-07;4.57893e-08;0.0125641;0.00229757;0.971602;6.38517e-07;0.0110724;2.79087e-07;0.000189373;6.04383e-09
2.37702e-07;0.000373713;1.5922e-11;6.94626e-11;2.06646e-08;3.44741e-10;1.06842e-10;0.999613;4.67834e-07;4.00947e-10;9.08894e-11;1.7514e-08;1.26192e-05;2.60269e-09
5.57618e-07;3.26576e-05;4.58512e-07;5.19163e-06;0.00481744;0.000385791;1.31444e-09;0.000261287;2.00983e-07;7.10782e-07;5.43558e-08;0.741868;0.000366616;0.252261
2.11786e-06;0.00189657;8.01792e-08;8.34293e-07;2.9694e-07;1.26286e-08;6.65229e-07;0.00215376;3.5966e-05;6.04802e-08;4.08205e-05;7.22523e-06;0.995862;1.51972e-08
1.48155e-06;0.999801;2.15701e-06;4.06692e-05;1.03731e-07;4.05091e-07;5.57318e-07;1.52351e-05;2.2042e-06;5.59569e-07;5.38821e-07;3.25174e-05;4.01381e-05;6.20148e-05
6.36383e-06;2.41669e-05;6.52412e-10;1.11658e-06;2.41391e-06;7.69375e-08;8.08641e-08;0.999874;5.35287e-05;3.80973e-08;2.37278e-05;4.84519e-08;8.34932e-06;6.19538e-06
1.28001e-06;0.211734;2.62754e-07;8.17174e-06;5.92213e-07;1.94399e-06;0.000169786;8.26649e-06;2.41986e-07;0.0003925;7.36832e-06;5.25461e-06;2.72948e-07;0.78767
2.28058e-09;2.02408e-10;0.999993;4.76654e-09;9.47609e-10;1.41828e-09;3.48607e-09;8.59712e-09;1.18638e-09;5.38797e-11;3.95975e-07;7.02953e-06;6.61976e-12;7.47917e-11
8.39278e-06;0.218403;2.17854e-07;4.95785e-05;2.15621e-06;3.25825e-05;6.62075e-06;0.0511861;0.000323275;1.68295e-06;0.00139296;4.59713e-05;0.728341;0.000207023
0.000393886;0.0376883;7.80626e-06;0.000747656;0.0137105;4.99236e-05;6.94413e-05;0.354079;0.00774981;9.59833e-06;0.0173721;0.563451;0.00238879;0.00228272
2.92963e-05;0.00582534;0.963949;0.000623421;0.0164866;0.000612032;5.59221e-07;0.00335408;7.72132e-07;1.09352e-05;0.000191831;0.00567501;0.000347463;0.00289355
7.27795e-05;0.0203468;0.000466306;0.000134537;7.90949e-06;2.29509e-05;0.00437154;2.94578e-05;0.000526316;3.73584e-06;0.935161;0.00327546;0.0355213;5.97837e-05
2.41323e-06;0.979759;1.3621e-08;4.21691e-06;1.1326e-05;0.000181765;1.12031e-07;0.0170002;2.38221e-07;9.9341e-07;3.13568e-06;2.36996e-05;0.0017233;0.00128994
2.88776e-06;0.000516975;7.80885e-10;1.2125e-06;8.70972e-06;1.97692e-05;3.423e-08;0.00276913;1.52078e-06;8.81544e-08;1.018e-05;0.00241623;0.994203;5.03472e-05
3.3339e-05;0.000638126;4.982e-05;2.74544e-06;6.44107e-05;7.53918e-07;5.23339e-08;0.00029045;7.18651e-06;1.36043e-07;1.80834e-05;0.998371;0.000521378;2.1341e-06
3.16077e-05;0.776216;1.47826e-07;4.01344e-06;0.00154064;2.27421e-05;0.000309218;0.22152;0.000128986;1.64522e-05;1.27348e-05;4.55304e-05;9.07032e-05;6.14254e-05
0.000238963;0.00299304;0.0361216;0.000842244;0.0433442;0.00334931;3.44606e-07;5.71612e-05;1.2683e-06;1.98229e-05;1.53987e-05;0.891121;0.00956893;0.0123271
0.000356268;0.757658;1.28283e-07;1.98972e-05;0.000506926;4.32556e-06;0.00195419;0.202312;0.0217032;1.90502e-06;0.00577634;0.00201947;0.00768184;6.05538e-06
0.000454925;0.78138;0.191838;0.00174575;0.00826825;2.92426e-05;3.82157e-06;0.00014088;3.24011e-05;6.54065e-05;5.60597e-05;0.0118806;0.00182816;0.00227598
0.000184242;0.592298;7.07319e-08;8.2088e-07;0.00273894;3.44894e-06;5.53525e-05;0.39983;0.00355541;3.60453e-06;5.67583e-05;0.000230066;0.00103331;1.04951e-05
0.00119185;0.00155232;0.733997;0.00364972;0.0612481;0.0307841;3.21992e-05;0.00621521;0.00292009;0.000745958;0.000443156;0.129573;0.0190127;0.00863501
0.00304041;0.994956;4.82354e-07;3.22559e-07;1.93959e-06;1.58636e-08;3.83973e-05;0.00108692;0.000608797;9.55844e-07;0.000185714;2.17925e-05;4.63236e-05;1.15304e-05
8.64218e-06;0.999548;1.09079e-10;2.42654e-08;4.5091e-07;8.73857e-08;0.000304769;1.49426e-05;2.34954e-05;9.03553e-06;5.59031e-09;5.267e-09;1.83284e-06;8.90225e-05
1.61143e-09;5.88391e-11;1;4.74333e-10;4.87707e-09;3.49689e-11;1.70719e-08;2.74934e-09;6.86038e-08;3.36489e-10;1.29094e-09;2.01778e-08;3.40062e-14;4.7006e-13
0.000299217;0.0490893;2.36232e-06;7.92806e-05;9.43695e-07;9.30805e-07;0.00425702;0.00118155;0.915112;1.07627e-05;0.0294471;0.000167743;0.000348127;3.46812e-06
9.9493e-05;0.988496;3.64585e-07;1.87057e-05;6.53985e-06;2.70089e-07;2.58517e-06;4.29709e-05;1.69616e-05;5.91833e-06;1.7718e-06;0.0108764;8.75452e-05;0.000344059
2.43479e-05;0.0016331;8.1703e-10;4.18279e-07;1.90562e-05;2.91979e-07;1.14009e-06;0.998065;5.29527e-05;1.30838e-06;2.99104e-07;1.5779e-07;0.000158788;4.32018e-05
0.000107096;0.0582705;0.940866;7.34922e-05;3.03606e-05;1.08988e-06;5.77196e-07;0.000171865;4.4648e-05;1.04917e-05;1.00716e-05;0.000303727;6.05166e-05;4.91205e-05
0.00021465;0.000826113;8.76926e-06;4.37315e-05;1.54479e-05;8.55947e-05;0.000239099;0.00202989;0.95939;5.14783e-05;0.0358877;0.0008398;0.000266041;0.000102027
