4.30992e-06;0.664358;1.78343e-10;7.59419e-06;7.86692e-05;5.81813e-07;2.67278e-07;0.335342;6.94361e-06;1.54701e-06;2.22623e-06;5.48249e-05;5.39265e-05;8.89536e-05
5.8907e-05;0.0576991;0.00954101;0.000903072;0.00311587;0.00140223;5.5865e-06;0.000271395;3.59613e-06;0.00010574;0.000103499;0.0281987;0.893783;0.00480798
9.46025e-05;0.983654;3.82135e-06;1.75343e-06;0.000609471;7.64669e-06;8.32963e-05;0.00929167;8.46215e-06;3.88257e-06;4.98199e-05;0.00414127;8.84069e-05;0.00196241
0.000405721;0.00754148;0.0423603;0.000106305;0.679559;0.00144947;9.41131e-07;0.00947306;1.01112e-05;1.35721e-06;2.38601e-05;0.00464042;0.000349676;0.254078
0.000512453;0.959244;5.02047e-06;7.07849e-06;3.15682e-05;4.25956e-06;0.000407781;0.00145649;0.00350932;1.5944e-07;0.00112353;0.000207231;0.031381;0.00211004
2.38189e-05;0.957541;1.03848e-08;1.56679e-05;4.89082e-05;8.12169e-05;1.35114e-07;0.0158371;8.92631e-06;1.90894e-06;7.76695e-07;0.000297147;0.000326055;0.0258175
7.63248e-06;0.00013491;3.35529e-09;1.04771e-07;1.32909e-06;4.07068e-07;9.26198e-09;0.00571503;1.41526e-06;3.03834e-09;1.76587e-06;0.000724134;0.993413;1.97287e-07
0.000199831;0.124767;6.8869e-06;1.18902e-05;3.88908e-06;5.15417e-05;2.43936e-05;0.0555515;7.36413e-05;4.40779e-05;5.67636e-06;0.000793142;0.816581;0.00188565
5.12393e-08;2.55651e-07;0.999963;1.36453e-07;4.32032e-08;6.05207e-09;1.89827e-08;2.51147e-05;1.09329e-07;2.54173e-09;8.49199e-08;1.08418e-05;2.77785e-08;7.70216e-10
3.47988e-08;0.000204871;0.000123799;9.14443e-07;2.63471e-07;7.78737e-09;3.6828e-07;0.000129884;4.13671e-08;1.82172e-07;3.57393e-08;0.000123562;2.8785e-06;0.999413
6.78978e-08;2.22144e-06;1.42363e-11;3.90549e-07;0.00268906;3.27854e-06;1.1931e-07;0.997285;1.15567e-05;2.62546e-08;7.68912e-07;8.63915e-08;1.47762e-06;6.18433e-06
2.83155e-09;1.02513e-06;0.999875;5.22399e-07;0.000120716;3.32156e-07;3.21865e-09;5.91149e-07;2.02467e-11;3.35352e-08;1.98384e-09;1.84329e-06;3.88763e-08;1.51707e-07
1.87079e-06;0.991242;9.50714e-05;4.34869e-07;5.72167e-07;2.81828e-08;3.48821e-06;1.09529e-06;2.39282e-08;1.58032e-08;1.29237e-06;2.27608e-06;0.00865065;1.10502e-06
4.87246e-08;0.0966381;4.20379e-08;1.99747e-08;1.39793e-06;2.35986e-07;6.67287e-10;8.68981e-05;1.70597e-08;1.75473e-10;8.31596e-08;0.901632;0.00126507;0.000376462
1.39333e-07;0.994724;1.42364e-08;1.19513e-07;1.85948e-06;3.01035e-07;5.51456e-09;0.00140107;7.60867e-09;5.9544e-10;1.44742e-08;0.00084279;0.00300469;2.5233e-05
7.16356e-06;0.0484192;1.38029e-06;2.91283e-06;0.000185457;1.28339e-06;2.38521e-09;0.796048;7.82704e-07;8.25571e-08;1.60687e-07;0.14984;0.00535953;0.000134335
1.28008e-05;0.00529696;1.3671e-06;5.20998e-06;6.99813e-06;0.000205705;1.00463e-06;0.000909497;2.61559e-06;3.82944e-06;4.6276e-06;2.02796e-05;0.993404;0.000125148
2.59995e-06;0.000102222;0.994259;5.40276e-06;1.5965e-07;6.39451e-08;2.35321e-08;1.17342e-06;8.01013e-09;3.22101e-07;2.02135e-07;0.0056202;5.95771e-06;2.97516e-06
3.07408e-06;0.988506;4.14344e-09;2.72417e-06;1.10475e-05;8.87863e-08;4.70856e-06;0.00641775;7.53905e-05;1.40947e-07;0.000269539;0.000247749;0.00442647;3.51731e-05
8.76181e-07;0.00406563;3.16322e-10;3.63947e-08;1.40435e-05;1.66402e-10;2.12703e-08;0.995904;1.33005e-06;1.3362e-07;4.38919e-08;7.7581e-06;1.61518e-06;4.59274e-06
1.4727e-07;0.00045004;0.997377;1.94742e-06;1.60709e-05;5.50794e-07;9.71172e-09;4.38905e-06;3.5403e-09;3.31647e-07;5.79154e-08;0.0020164;0.000127705;5.58811e-06
2.67846e-05;0.0084616;2.01495e-08;2.06129e-07;3.93547e-05;5.34324e-07;3.30017e-06;0.983936;9.01424e-05;1.11802e-07;0.000192561;5.6017e-06;0.0072421;1.5489e-06
5.9389e-05;0.997056;6.05223e-05;5.66774e-05;2.60441e-06;1.03171e-07;8.64183e-07;0.00165515;4.04714e-06;9.73395e-07;1.57824e-06;0.000812902;0.000221824;6.7315e-05
2.80444e-05;0.319857;1.3929e-08;0.000385301;0.000234293;1.19535e-06;3.25177e-06;0.667975;0.00182783;5.35948e-06;0.000950555;0.00822442;0.000194103;0.000313529
0.000188469;0.966758;0.00012733;0.000430283;0.00151048;0.000142892;6.25987e-06;0.000271784;4.20446e-06;6.63092e-05;0.000116466;0.0219192;0.00670221;0.00175643
8.11969e-05;0.00801323;2.36312e-06;4.06502e-06;1.03999e-05;1.40933e-07;3.64394e-06;0.00107973;7.35768e-05;4.73518e-08;0.00031005;0.990215;0.000203273;2.89745e-06
1.43351e-05;0.971912;5.04455e-09;5.98574e-05;0.00740016;9.6829e-05;1.07441e-08;0.0167906;4.83436e-05;9.79222e-08;1.1095e-05;0.000396302;0.00201609;0.00125464
3.84565e-05;0.342471;2.12839e-08;3.46764e-07;7.26894e-07;2.58913e-05;2.74388e-06;0.000687685;2.07996e-06;1.86861e-06;1.66542e-07;2.14083e-07;0.65637;0.00039905
1.75636e-09;1.70477e-09;0.999999;7.68164e-10;8.47941e-10;1.20229e-10;7.04144e-11;3.22326e-08;2.21311e-10;2.42352e-11;2.48365e-10;5.11294e-07;1.38763e-09;5.26164e-11
5.25449e-08;8.14413e-06;1.3541e-05;2.35551e-07;3.10335e-07;3.20633e-09;1.71394e-06;3.01737e-05;3.10058e-07;2.03783e-07;1.38928e-07;4.65826e-05;6.23873e-07;0.999898
6.20146e-08;4.62084e-06;1.4035e-10;4.44092e-08;0.000171622;1.11105e-06;1.45074e-07;0.999815;5.60455e-06;6.20544e-09;9.34723e-08;8.01468e-09;1.20099e-06;1.80258e-07
7.48629e-09;1.48446e-05;0.999899;2.03816e-07;8.64372e-06;1.18177e-07;4.29148e-11;2.92748e-08;3.17602e-12;1.9408e-09;1.8895e-10;7.51232e-05;2.55511e-08;2.40961e-06
8.03713e-09;0.999872;5.8221e-11;2.84224e-09;1.00654e-08;7.20517e-09;1.29672e-08;7.03587e-06;1.23657e-08;2.32389e-11;2.89604e-08;4.41996e-07;0.000120043;4.25295e-08
1.28733e-07;0.989454;1.57717e-11;5.71025e-07;7.29255e-07;1.83451e-08;2.44049e-08;0.00014441;1.12057e-09;1.73746e-08;2.47625e-09;0.000471169;0.00991983;8.88042e-06
1.43732e-06;0.971562;5.993e-06;2.96296e-07;0.000290769;2.48878e-07;2.46938e-08;0.0217116;2.51521e-10;4.82774e-07;7.85091e-11;0.00147507;0.00121442;0.00373797
1.57297e-06;0.00197811;3.09758e-07;1.76801e-05;1.55738e-06;0.000201179;0.00012425;2.97147e-05;1.32871e-05;4.33423e-05;1.70394e-05;3.10982e-05;0.997531;9.39887e-06
1.06209e-07;3.69411e-05;0.999703;2.78351e-06;4.05567e-08;1.84158e-07;1.14921e-05;2.14947e-10;1.02747e-09;1.14245e-05;2.5892e-08;0.000233504;8.776e-09;5.65828e-07
1.32791e-06;3.02871e-06;0.999771;4.89519e-07;6.06845e-07;7.88157e-07;0.000195776;1.81997e-07;3.26608e-06;3.70243e-07;1.98069e-05;2.57594e-06;1.39827e-08;3.19833e-07
3.00557e-08;0.999961;2.8567e-10;3.24352e-11;2.08026e-10;2.38926e-10;7.72393e-09;1.89298e-06;2.52e-10;1.88248e-10;4.27993e-10;2.32733e-06;3.44216e-05;3.14492e-09
2.05036e-08;6.00503e-05;2.53397e-06;4.24721e-07;0.000129087;0.000498562;1.61588e-08;1.52701e-05;1.83357e-08;1.20647e-07;1.53802e-08;0.0076616;2.00222e-06;0.99163
5.13549e-07;0.00325164;1.19894e-08;3.59089e-07;9.16298e-09;2.69428e-08;2.12416e-07;0.000843725;4.66446e-07;3.87988e-09;5.47463e-06;3.28221e-06;0.995894;3.44704e-08
1.96201e-06;0.0282;4.30349e-08;1.07418e-06;4.55159e-07;3.69346e-07;6.0456e-09;0.000170526;2.02302e-06;4.62359e-08;1.03428e-06;0.971101;0.000491327;2.97746e-05
2.41495e-07;0.998465;4.04244e-11;2.72207e-07;7.9106e-07;1.39235e-06;0.000110331;3.04106e-05;1.10893e-09;4.70624e-05;4.89041e-08;2.09155e-08;6.24076e-05;0.00128267
2.19386e-10;1.17859e-09;0.999999;4.68807e-10;1.54438e-08;7.10832e-09;2.02097e-10;1.75462e-09;1.27239e-13;7.2254e-11;2.01663e-11;8.07446e-07;3.37002e-11;6.67853e-11
4.66111e-06;0.0167572;1.24634e-08;5.25713e-05;5.75968e-06;0.00234332;0.00035516;0.000192312;3.64647e-05;2.96757e-06;0.000447468;4.95386e-07;0.978652;0.0011493
6.36518e-06;0.00213502;0.996687;8.18712e-05;1.37586e-06;7.13386e-06;0.000827454;1.23666e-06;1.25043e-07;0.000146782;1.37086e-05;4.7575e-05;1.24574e-05;3.16146e-05
2.39982e-08;2.9824e-09;0.999989;3.79336e-08;1.63547e-08;6.06441e-09;1.94327e-06;1.37179e-08;2.12459e-07;6.8496e-09;7.2538e-06;1.4702e-06;5.0674e-10;1.24158e-10
1.2427e-06;0.971298;6.86908e-11;9.32959e-07;5.33873e-08;3.82847e-07;0.0259639;0.000109105;3.02279e-06;0.000383387;1.90186e-05;2.98239e-09;0.0020993;0.00012194
3.89889e-09;6.6415e-09;0.999999;4.9431e-08;5.87525e-09;2.94134e-09;8.5492e-07;3.47518e-10;6.64444e-09;2.09348e-08;1.87052e-08;3.64123e-08;1.07105e-12;9.67722e-09
0.000597813;0.000724192;1.42413e-06;0.000160363;0.00553423;3.50273e-06;0.00130097;0.987778;0.00172176;2.18492e-06;0.000390641;0.000180801;0.000384677;0.0012193
7.50537e-06;0.00971647;1.53305e-05;2.10131e-06;0.00110508;1.62322e-06;7.59764e-05;0.989021;9.49309e-06;1.32467e-05;5.57439e-06;1.52644e-08;1.16524e-05;1.47711e-05
7.57682e-05;0.000542052;0.972636;1.10021e-05;0.000183969;1.69986e-05;5.26388e-08;2.9229e-05;5.46326e-07;1.82393e-06;5.62096e-06;0.0263327;1.19087e-05;0.000151866
1.93025e-05;0.983662;4.91895e-06;2.015e-06;2.15169e-05;2.31177e-06;1.15454e-05;0.0140207;0.00205205;2.39929e-07;8.79854e-05;3.89267e-05;2.52957e-05;5.09589e-05
