5.92483e-05;0.978856;5.78468e-08;1.57019e-05;1.50677e-05;1.72221e-06;5.94067e-05;0.0162478;0.000236827;5.2261e-06;6.1981e-05;0.000257511;0.00403723;0.000146389
7.35512e-05;0.865622;4.12645e-05;5.82115e-06;1.60824e-05;3.5687e-08;1.30992e-05;0.0023422;1.16768e-05;1.82608e-06;1.18098e-05;0.1311;6.98886e-05;0.000690303
7.48037e-05;0.990178;1.71926e-06;2.67863e-06;4.76864e-05;4.59239e-06;0.000375452;0.00197259;1.8163e-05;1.21147e-05;4.06387e-05;0.00285154;0.00165655;0.00276317
1.09043e-06;0.00399382;1.49688e-05;1.96237e-07;8.26811e-07;3.6235e-06;1.39536e-06;0.000173574;6.18354e-07;3.39644e-08;9.66072e-07;0.995539;0.000229631;4.00412e-05
1.00782e-06;0.994836;4.21852e-10;7.79951e-07;5.8771e-07;1.89032e-05;0.000196906;0.00130718;6.0846e-06;1.6016e-05;3.30875e-07;4.44126e-08;0.000404257;0.00321202
8.51476e-10;1.33839e-09;0.999999;8.01115e-10;1.01416e-09;1.64983e-09;1.07786e-09;6.09635e-09;9.22018e-11;5.16613e-10;5.82268e-10;5.50581e-07;1.00149e-11;5.68173e-11
3.62482e-06;0.920783;5.06039e-07;5.11602e-08;1.91486e-07;5.39643e-07;1.90273e-07;0.000251354;1.43536e-07;8.33127e-08;3.90758e-07;8.1327e-05;0.0788694;9.21997e-06
5.26427e-06;0.0203728;7.8707e-06;1.56221e-05;0.000185926;0.00638174;2.64743e-06;0.00366599;0.000226754;1.7379e-05;0.000225597;0.609972;0.348216;0.0107041
8.61453e-05;0.408812;0.42923;0.00519003;0.000309472;0.0249312;0.0143217;9.1895e-05;4.61493e-06;0.0275587;7.19284e-05;0.00867514;0.002502;0.0782153
5.03223e-09;1.58836e-09;1;3.26337e-09;4.60769e-09;2.32849e-10;1.11265e-07;6.81432e-09;1.58567e-09;1.20697e-09;8.16528e-08;2.38445e-07;7.65676e-12;2.16972e-11
0.000174672;0.364549;7.53629e-07;3.72493e-06;0.00119407;0.000196871;0.00692414;0.593399;0.00105118;0.000134074;0.000352454;6.69713e-07;0.0318499;0.000169288
7.74236e-09;6.73178e-09;1;2.06854e-09;2.69789e-09;9.07538e-10;1.04733e-08;2.24659e-08;8.26077e-09;2.32465e-09;9.22408e-09;2.20489e-07;1.88109e-09;2.97929e-11
1.58206e-06;2.8314e-05;0.993836;7.92112e-07;1.05478e-06;2.42048e-07;2.36542e-08;0.000190858;2.02732e-06;1.07359e-07;7.30068e-08;0.00592204;3.45942e-07;1.67028e-05
8.84884e-06;0.000871328;4.53715e-07;4.79905e-07;0.00666032;0.00123344;4.31618e-08;4.69752e-05;1.77233e-05;3.12675e-07;2.03219e-05;0.000212509;4.08927e-05;0.990886
2.8851e-06;0.999129;1.29994e-07;9.96071e-10;7.53489e-08;9.73221e-09;1.57045e-06;1.97067e-06;3.77652e-10;1.36863e-06;3.05402e-11;1.55707e-06;1.47144e-06;0.000859993
6.99007e-10;2.4413e-11;0.999999;5.77154e-12;8.64469e-08;1.09978e-10;4.34117e-11;8.99415e-07;3.06539e-11;4.95147e-12;1.86236e-12;3.43166e-08;1.33207e-13;7.47774e-12
2.06303e-06;0.00396174;1.10009e-06;7.03273e-07;8.86893e-07;2.45123e-06;5.6679e-07;0.994981;4.35651e-05;6.14512e-08;1.1361e-06;1.02338e-06;0.00100342;2.34042e-08
2.78826e-06;0.0255862;6.93976e-09;5.2535e-07;8.20297e-05;1.53473e-06;4.2242e-09;0.973944;3.47607e-07;1.45137e-07;9.51164e-07;3.38305e-05;0.000333489;1.39802e-05
4.36279e-08;0.998658;7.21984e-10;2.29891e-09;1.91226e-08;7.6454e-09;4.46883e-06;9.23535e-07;1.0316e-11;7.47942e-05;2.85083e-11;2.87878e-08;1.74073e-06;0.00126037
7.16434e-12;5.10425e-12;1;3.65062e-12;3.00807e-10;1.50037e-12;2.9405e-10;5.61927e-12;2.31822e-13;1.0978e-11;4.54663e-12;2.81161e-07;2.75181e-16;2.81352e-11
8.01977e-05;0.188411;4.67959e-06;0.000517609;4.26892e-06;2.02372e-06;0.538885;0.00808693;0.154741;8.29086e-06;0.0465097;1.19354e-06;0.0627462;1.96273e-06
8.65514e-05;0.0681734;1.517e-07;1.81853e-06;5.61571e-05;1.11036e-06;1.90865e-06;0.928663;9.84664e-06;1.94228e-06;3.46654e-06;7.58077e-06;0.00270725;0.000285287
7.82021e-07;0.00602766;4.84726e-06;7.10683e-06;7.44535e-05;1.29919e-05;9.99438e-08;0.000218981;5.07155e-07;4.08428e-07;8.84451e-07;0.990306;8.13363e-05;0.00326358
5.43333e-06;0.0132768;1.13684e-06;1.93893e-06;1.33053e-06;3.65739e-08;2.76152e-07;0.000853624;1.97884e-06;4.41378e-08;1.621e-05;0.000172095;0.985669;1.48909e-07
3.34407e-05;0.0212614;0.00558702;8.96859e-07;5.60728e-06;8.67969e-07;3.46386e-09;0.0040805;2.41159e-06;1.27504e-06;2.94311e-07;0.938947;0.0300774;2.09721e-06
6.21081e-05;0.313008;8.52758e-06;0.00886911;0.000567525;0.00331167;0.000555282;0.0425989;0.0457965;0.00245619;0.0347934;0.00158169;0.545647;0.000744812
