7.13142e-06;0.999169;2.28907e-05;5.63091e-05;2.27477e-06;1.98396e-07;1.12945e-06;0.000102647;5.08905e-07;4.57583e-07;1.15702e-06;0.000586918;4.82797e-05;1.1583e-06
9.81239e-05;0.65767;1.48337e-08;9.07969e-07;2.56283e-05;1.23375e-06;2.27263e-06;0.340093;6.90432e-06;9.52992e-07;3.50397e-06;4.10804e-05;0.00199522;6.15023e-05
5.08649e-07;0.001636;4.29555e-06;9.55823e-07;4.17029e-05;6.96583e-06;3.87948e-08;7.64446e-05;3.74436e-07;1.64043e-07;3.86261e-06;0.997976;0.000124252;0.000128794
8.85686e-06;0.989558;4.75981e-07;3.9608e-06;1.5051e-05;1.50409e-06;0.000466587;0.00705525;1.73326e-05;0.0007957;4.64727e-06;6.8003e-07;0.000156993;0.00191513
9.30569e-09;6.99888e-08;0.999998;5.05451e-10;1.16836e-08;1.00871e-09;2.893e-09;7.08247e-09;2.63447e-10;1.32858e-09;5.59929e-11;1.91004e-06;4.24557e-12;2.62196e-09
0.000443136;0.0385885;5.68963e-06;2.28135e-06;0.000438773;1.07438e-06;2.30547e-07;0.95208;8.66944e-05;4.2318e-07;9.76586e-06;0.00496503;0.00324574;0.000132462
0.00298068;0.0930392;6.53667e-05;0.000700898;0.00120241;0.000571825;0.000805207;0.124373;0.583822;0.000105869;0.0364932;0.0795696;0.0721942;0.00407663
0.000711814;0.979168;9.14071e-06;0.000351243;0.000115535;1.8781e-05;0.000442262;0.00150709;0.00175747;8.67869e-05;0.00113006;0.00228505;0.00381396;0.0086033
4.59722e-06;0.000243826;6.09047e-09;1.40621e-08;1.73336e-06;3.61795e-09;2.59403e-08;0.999738;8.75032e-06;1.04874e-08;2.22681e-07;9.58642e-07;1.86744e-06;8.55576e-08
1.14271e-06;3.72609e-05;1.42173e-06;3.79239e-06;0.000687682;2.07843e-05;4.30373e-09;0.000459792;5.04918e-07;4.79505e-07;1.22975e-06;0.0306261;2.39765e-06;0.968157
7.27238e-07;0.999719;2.06693e-08;2.25025e-08;1.69328e-10;3.67791e-10;0.000235339;1.06837e-06;1.35104e-07;1.07543e-05;2.49965e-07;2.62684e-09;1.69786e-05;1.53818e-05
3.61551e-11;3.52195e-10;1;2.01713e-11;4.62579e-10;3.894e-11;2.44929e-09;1.61118e-09;2.23238e-11;3.42678e-10;6.77163e-11;8.23658e-08;1.38105e-14;5.30303e-10
6.29645e-07;0.0576064;8.66289e-05;1.95888e-05;1.02713e-05;0.000101638;1.31004e-07;5.1729e-05;4.91961e-07;1.465e-06;1.10935e-05;1.12812e-05;0.94209;8.96752e-06
3.14604e-06;0.647389;1.40452e-06;3.50641e-06;7.68117e-06;2.85405e-05;0.000502742;0.00208061;6.37634e-06;0.00022047;0.000100427;5.46836e-05;7.49817e-05;0.349527
3.93058e-10;3.13496e-08;1;6.76072e-10;4.85972e-09;7.75783e-08;2.51981e-10;1.07991e-08;3.42598e-12;9.93841e-11;6.33349e-10;2.7295e-07;3.45895e-10;1.52506e-08
1.32603e-05;0.00958046;7.58045e-05;1.13249e-06;7.27635e-05;4.33909e-05;1.50806e-08;0.140856;3.07855e-07;6.58274e-08;2.23131e-05;0.0260346;0.823219;8.1833e-05
0.000291165;0.0445037;0.00168817;0.000465398;0.00059589;0.00504434;0.000275903;0.0522229;0.00058831;3.08944e-05;0.0176394;0.180235;0.68694;0.00947872
0.000130634;0.110504;0.000171872;0.000617336;0.000184973;0.00218882;6.02706e-05;0.869912;1.79494e-05;0.000322782;0.000292758;0.00200026;0.00813834;0.00545763
1.74737e-05;0.868675;4.70018e-06;0.000148908;0.000204817;0.00023298;5.34597e-06;0.00087452;8.31387e-06;6.38544e-06;0.000768108;0.0819004;0.0414147;0.00573849
2.17114e-05;0.000656321;1.4501e-05;3.09633e-06;1.44948e-05;8.66516e-07;2.51424e-07;0.000751245;1.86139e-06;3.28677e-07;7.34491e-06;0.991909;0.00658857;3.06984e-05
0.00370839;0.0257444;0.00174847;9.36196e-05;0.00359011;0.000983096;0.00079284;0.903729;0.0216541;2.67746e-05;0.0106773;0.00273185;0.0205529;0.00396675
1.88511e-05;0.0236466;5.06552e-08;1.70266e-06;2.53145e-05;5.42284e-07;1.79727e-07;0.928314;8.99998e-05;2.11839e-07;1.82388e-05;9.32918e-05;0.0477892;1.58175e-06
3.36343e-06;0.000374459;3.21276e-09;8.81375e-09;3.81272e-05;7.32737e-09;8.93825e-09;0.999511;9.9577e-08;9.76125e-09;1.22816e-08;1.51957e-05;1.81751e-06;5.59118e-05
1.22841e-06;0.00879782;3.54702e-05;2.64281e-05;0.00264568;0.000267691;1.46006e-05;0.00620275;5.29773e-07;9.23165e-05;8.21649e-07;6.16251e-05;0.00046808;0.981385
2.97463e-09;8.17291e-09;1;8.96619e-09;2.99232e-10;2.97922e-10;1.36864e-08;4.73962e-09;2.85723e-09;2.14339e-10;4.6134e-08;1.01343e-08;3.92255e-09;5.89703e-11
5.01646e-07;0.000543837;0.996294;1.20133e-06;1.36154e-07;1.51972e-08;9.255e-07;0.00284205;3.788e-07;5.52498e-08;7.41154e-07;0.000305847;1.11545e-06;8.84133e-06
9.74486e-09;4.65587e-05;8.57378e-05;2.0086e-07;2.89998e-06;9.85411e-06;3.07161e-10;3.15679e-06;2.86096e-10;1.42119e-08;1.33353e-09;0.00180285;2.3095e-08;0.998049
1.32594e-07;0.999715;2.53201e-09;1.31477e-07;9.95711e-08;4.35128e-08;4.65016e-08;0.0001131;5.15851e-09;1.51562e-09;2.07933e-07;3.46356e-05;0.000136625;2.30917e-07
2.71007e-06;0.939495;4.74e-06;0.000114087;5.8548e-06;1.74571e-05;8.91779e-08;0.0562515;2.07441e-07;1.35597e-06;8.15823e-07;0.000461931;0.00347326;0.000171513
1.82144e-05;0.386286;0.000384115;4.51851e-05;1.3893e-06;3.37184e-05;4.86686e-06;0.000335943;5.08108e-08;1.89222e-06;3.22166e-05;0.482486;0.12963;0.000740559
1.19255e-07;0.00556138;4.84431e-10;2.43321e-06;0.000452328;3.70001e-06;2.60558e-07;0.993499;1.78963e-06;3.88679e-08;9.79253e-06;0.000199411;0.000269295;3.84742e-07
0.000957042;0.496891;0.256005;0.0931541;0.00474554;0.087278;0.000233614;0.00123117;1.40158e-05;0.000964241;0.00153697;0.00952812;0.0113207;0.0361405
0.00753139;0.512112;0.016574;1.32134e-05;2.55351e-05;1.25122e-05;0.00118167;0.0505133;3.03861e-06;1.3697e-06;0.000324926;0.401735;0.00995983;1.23161e-05
4.30792e-06;0.84455;0.000687216;4.7295e-05;0.000399823;0.000799264;0.000155051;0.130144;2.18775e-06;3.92302e-05;2.95168e-06;0.00132036;0.0114522;0.0103958
3.00608e-09;7.50755e-09;0.999999;2.11489e-08;1.08411e-08;4.15166e-09;2.48585e-08;7.94994e-08;1.85879e-09;1.32887e-09;6.64795e-08;9.8698e-07;1.35975e-07;2.53923e-10
3.57586e-07;0.00143598;0.00584035;1.4056e-06;1.13041e-06;4.21926e-08;3.03171e-08;4.0195e-05;3.09903e-06;4.39496e-08;5.83942e-06;0.992662;1.36676e-07;9.52071e-06
2.08742e-07;0.993996;1.04762e-10;6.89664e-08;5.17846e-08;1.97614e-07;0.00012579;3.52849e-05;4.51575e-07;1.0175e-05;6.6557e-07;8.43837e-11;2.49495e-05;0.00580654
6.68654e-12;6.57114e-11;1;3.58301e-11;3.13235e-10;4.26695e-13;3.66285e-12;3.20079e-11;2.66193e-12;1.85031e-13;1.56746e-12;4.02486e-07;1.10541e-14;3.34086e-12
8.20617e-06;0.649784;4.89497e-05;2.36313e-05;0.00141345;2.55078e-06;4.09245e-08;0.340999;1.25084e-05;8.00828e-08;3.47077e-07;0.00297355;0.0017184;0.0030158
5.82163e-08;6.74765e-06;7.45224e-08;4.12873e-09;2.80195e-05;6.20479e-08;5.38486e-10;0.999699;9.00434e-09;1.1199e-08;3.38767e-10;3.09505e-08;0.000266295;8.07916e-09
3.68119e-09;3.47415e-06;0.999991;2.5065e-08;1.16665e-06;4.51448e-07;1.02944e-12;4.96965e-09;8.96153e-13;1.81975e-09;2.35662e-10;3.19694e-06;3.21091e-08;7.24086e-07
1.37829e-07;0.998553;1.07331e-06;2.58702e-07;1.65805e-07;2.63134e-07;4.88416e-06;0.00120177;4.12689e-06;2.96421e-08;2.18752e-05;7.63999e-06;0.000203185;1.98273e-06
