7.21963e-05;0.882575;0.100187;7.52246e-05;5.98099e-05;1.50342e-07;1.33268e-06;0.0161806;7.73054e-07;1.56487e-06;1.38165e-06;0.000674338;0.000155999;1.43845e-05
0.00013496;0.809391;8.86899e-06;0.000171613;0.00219959;0.00017053;2.35454e-05;0.00109189;0.000107822;3.23228e-06;0.000180157;0.0696199;0.0266301;0.0902669
0.000282605;0.0883476;3.00044e-06;9.86427e-05;0.00613876;9.45328e-05;1.0296e-05;0.340992;0.000374415;2.29816e-05;0.000564367;0.540775;0.012652;0.00964327
1.50376e-06;0.999347;2.83568e-09;2.12046e-08;2.55956e-08;3.47582e-08;1.93884e-05;0.000413362;5.02157e-08;1.41525e-06;2.46404e-08;5.13999e-08;6.43076e-06;0.000211402
7.46874e-10;2.28909e-11;0.999997;9.62037e-10;2.42834e-07;2.13753e-08;3.75348e-10;3.64694e-07;9.17394e-11;2.21942e-10;5.59476e-10;2.111e-06;3.1765e-13;3.44925e-08
4.19331e-05;0.00391084;3.01808e-05;5.00828e-05;0.00794908;0.000117363;2.43484e-06;0.952091;0.000166506;6.16067e-07;0.00127065;0.033082;0.000958043;0.00032977
8.24198e-07;0.934368;2.35627e-09;1.98264e-07;9.72779e-08;6.24401e-09;0.000140865;1.96071e-06;2.78379e-07;7.42654e-06;2.69789e-06;6.60581e-07;4.58003e-05;0.0654311
5.43802e-05;0.00313517;1.17571e-05;1.05344e-05;7.66826e-07;1.19635e-06;0.142832;4.5666e-05;0.021469;4.74574e-07;0.827577;5.03015e-06;0.00485665;1.5588e-07
1.85166e-05;0.0295821;5.14727e-08;6.06968e-08;3.29623e-05;6.18906e-07;3.89194e-08;0.969009;1.03e-06;1.90321e-07;8.78744e-07;2.84516e-05;0.00125549;7.10821e-05
2.07587e-08;0.000410759;1.30316e-06;1.16955e-07;1.19767e-05;1.86084e-06;7.26263e-10;1.37321e-05;4.89217e-08;2.40932e-08;1.85849e-07;0.996184;2.3214e-06;0.0033735
1.56745e-07;0.987384;1.08251e-08;6.49318e-09;5.81233e-09;1.16307e-07;5.16216e-08;7.51546e-07;1.27505e-09;1.33785e-08;3.38394e-09;3.90254e-06;0.0126102;6.89089e-07
3.96881e-06;0.00021927;1.52568e-06;5.37519e-08;0.000221989;2.35133e-06;2.2233e-09;0.00026248;2.48017e-07;1.46666e-08;7.90975e-09;0.998968;6.89081e-05;0.000251173
0.00032727;0.0151578;1.06912e-07;3.81525e-05;0.011016;0.00100759;1.53208e-05;0.963079;0.001799;7.90737e-05;2.35503e-06;1.79488e-08;0.00640845;0.00106956
6.99802e-09;4.51467e-10;1;9.43715e-11;4.57634e-11;3.88018e-12;2.8774e-11;1.2239e-08;6.09272e-10;6.11103e-12;3.38275e-11;1.21111e-08;4.92515e-11;7.76898e-14
6.58184e-06;0.000264606;0.000209247;8.00273e-07;3.69801e-06;4.74423e-07;6.05602e-09;0.000240067;3.12317e-05;5.10399e-08;2.76421e-07;0.999044;2.17278e-06;0.00019668
1.43208e-05;0.00332887;1.12468e-08;1.64437e-08;0.00136748;4.56975e-06;2.77142e-08;0.993579;6.73947e-07;3.05703e-08;9.29746e-08;1.09894e-06;0.000760709;0.000942752
0.000305275;0.899989;5.5347e-07;3.14187e-07;0.000297899;1.33088e-05;2.81469e-05;0.0819306;4.42455e-06;2.61645e-05;4.62817e-08;0.000292493;0.0166086;0.000503557
2.09107e-09;1.53105e-09;0.999995;9.68702e-11;1.66556e-08;1.50362e-09;7.94219e-11;3.91475e-06;3.07481e-10;7.037e-11;4.1482e-12;9.74249e-07;1.61475e-12;7.55174e-11
6.89504e-06;0.00655102;8.91708e-07;3.64573e-06;5.1004e-05;7.11632e-06;5.5085e-07;0.992132;6.19398e-05;8.34863e-08;1.3497e-06;0.000836512;0.000344913;2.17503e-06
1.41577e-06;0.809182;8.22561e-10;0.000295604;1.79385e-05;1.61044e-05;1.7547e-07;0.174461;5.28588e-05;7.36223e-06;5.04601e-06;0.00586472;0.0100589;3.679e-05
0.0018549;0.840067;0.00114828;0.00922708;0.000195978;2.10984e-05;0.000343694;0.0267082;3.20563e-05;0.00135361;0.000683195;0.103864;0.00334157;0.0111595
0.000179197;0.103349;0.00063326;0.000493053;7.49798e-05;1.40624e-05;4.06801e-06;1.40914e-05;4.45933e-05;6.39094e-06;0.000303977;0.29418;0.600659;4.40867e-05
6.4864e-05;0.444863;2.29441e-08;3.60772e-06;1.96925e-05;3.99555e-05;6.04554e-06;0.177652;0.000284493;1.19073e-06;0.000202142;0.0456926;0.327357;0.00381289
4.72902e-06;0.000908854;8.62758e-10;0.00012871;0.000946205;0.935837;1.08314e-06;0.000134591;0.000184203;5.17002e-05;4.06557e-05;4.37442e-07;0.0191154;0.0426464
0.00161091;0.000824455;0.806224;3.18943e-05;3.91521e-05;2.11637e-05;3.12538e-07;7.56872e-05;2.90037e-06;1.13715e-06;8.06377e-06;0.191032;7.76548e-05;5.06321e-05
6.26723e-05;0.943951;6.41215e-07;1.09402e-05;0.000435239;0.000167293;3.8172e-06;0.016537;7.5228e-05;2.93521e-07;2.21507e-05;0.00638325;0.0275783;0.00477264
3.09125e-07;0.00184233;5.40601e-11;1.79813e-07;3.95394e-07;2.73662e-07;5.28894e-09;0.000156565;4.6851e-07;2.02776e-08;1.63966e-06;2.69657e-05;0.99797;3.55657e-07
6.62036e-06;0.000907149;5.90722e-07;2.27139e-05;1.3965e-05;2.67128e-06;1.78014e-07;3.4132e-05;3.30349e-05;2.04033e-06;1.18173e-05;0.997845;0.00108495;3.54295e-05
4.77828e-05;0.998551;1.08714e-05;0.000111528;6.05029e-06;1.80509e-06;3.90798e-06;0.000276052;3.31491e-06;5.01102e-06;1.29157e-05;0.00062544;0.000339583;5.03595e-06
2.31976e-05;0.87155;3.63603e-07;4.7564e-06;4.48201e-07;2.11535e-07;0.123683;0.000453922;1.00099e-05;0.00214827;2.83153e-05;4.06624e-06;0.000824615;0.00126845
1.91005e-08;1.97145e-08;0.99999;7.50723e-08;3.59279e-08;1.21286e-08;2.85652e-06;1.30831e-07;2.79881e-07;6.99161e-08;3.19307e-06;3.68485e-06;1.06058e-10;7.98716e-10
2.48822e-07;0.461443;4.27663e-07;7.7344e-07;2.74602e-07;1.31992e-07;1.59851e-08;1.01977e-06;2.74406e-08;9.21888e-09;5.07532e-07;4.06089e-06;0.53855;9.88881e-08
1.31543e-05;0.160606;7.78373e-08;5.73496e-07;7.82622e-06;1.85051e-05;2.63199e-06;0.738457;2.87875e-05;3.41285e-07;0.000109333;0.0652587;0.0330293;0.00246832
4.89408e-08;2.20944e-05;1.6196e-09;1.53628e-06;1.74171e-05;0.632602;1.60274e-07;1.65853e-06;3.01859e-07;2.26123e-06;1.73175e-06;3.7795e-08;0.367151;0.000199763
1.47204e-05;4.96114e-05;0.988665;1.25499e-06;1.3197e-06;4.48727e-06;2.82242e-08;5.94666e-06;1.74435e-08;9.46289e-08;8.81189e-08;0.0109377;0.000316535;3.21773e-06
1.19095e-05;0.995056;2.57642e-07;1.09329e-05;1.38099e-05;1.08661e-05;5.37199e-06;0.00198464;6.07384e-05;5.32668e-07;3.10471e-05;7.07231e-06;0.00210396;0.000702882
2.91517e-05;8.85244e-05;4.75739e-09;1.37555e-07;1.1803e-06;1.69511e-07;1.22008e-08;0.999744;3.89398e-05;1.83116e-08;1.64141e-06;2.39759e-06;9.25613e-05;1.39545e-06
1.25907e-06;0.0221898;2.98476e-06;1.85272e-06;1.90524e-07;7.14953e-07;0.00024311;1.38083e-07;2.12399e-07;0.000659816;4.05152e-07;1.24353e-06;1.09992e-07;0.976898
5.83578e-10;2.31317e-11;0.999996;6.25738e-10;2.40136e-10;6.01796e-10;2.43393e-08;1.50905e-11;1.37018e-09;7.14511e-10;3.30607e-08;3.79034e-06;3.44528e-14;1.52077e-10
3.62014e-06;0.99582;1.50437e-08;4.02559e-08;1.6566e-08;1.37388e-07;1.65243e-05;0.00011907;1.92868e-06;3.82476e-08;2.2181e-06;8.31041e-08;0.00403595;2.69006e-08
5.60798e-07;0.00191942;6.55879e-07;6.11646e-06;5.68873e-06;2.91608e-05;7.40785e-08;8.6663e-05;1.78311e-05;1.30996e-07;1.22694e-05;0.997651;1.00622e-05;0.000260808
2.20977e-05;0.0334051;4.5484e-06;1.02119e-05;9.97939e-06;3.53049e-05;3.70902e-06;0.000783065;7.61611e-06;9.2454e-08;5.73094e-05;0.00804817;0.957588;2.49486e-05
3.53433e-05;0.706117;1.11016e-05;1.9419e-06;0.000148817;0.00016918;5.22988e-07;0.24732;1.02467e-05;3.56147e-07;1.74357e-06;0.00277319;0.0392131;0.00419759
1.19145e-05;0.00180461;1.25794e-07;3.46204e-06;0.00138419;0.000243453;1.26241e-08;0.235704;1.85992e-06;2.77407e-07;2.55562e-06;0.000233807;0.754006;0.00660441
1.14158e-06;0.000468425;1.25658e-07;5.05621e-06;1.97791e-07;1.03674e-07;3.41158e-08;1.91573e-05;1.25675e-05;9.20382e-08;8.21861e-06;0.998795;0.000678569;1.15201e-05
6.69885e-06;0.99952;1.14103e-06;1.492e-05;5.73996e-07;2.01131e-07;7.47824e-08;5.58035e-05;1.85978e-07;1.02616e-07;2.61116e-06;0.000180212;0.00021687;9.31679e-07
1.54988e-06;0.994575;1.69676e-08;1.85329e-07;1.1138e-07;5.49459e-08;0.0027551;1.56195e-05;8.84284e-08;8.91771e-05;1.99179e-07;7.42395e-07;3.66657e-05;0.00252531
2.68858e-08;2.25536e-08;0.99996;5.89461e-08;3.98314e-08;1.25298e-08;8.72166e-07;1.34936e-07;7.56228e-07;3.02709e-08;2.39437e-06;3.57825e-05;2.86391e-11;4.93763e-10
1.41971e-07;0.997887;2.89216e-09;8.03585e-08;8.44991e-10;7.59925e-10;5.38547e-08;2.65603e-08;4.20293e-08;6.46881e-09;1.71607e-07;3.08453e-09;0.00211272;4.55053e-09
3.40268e-07;0.000513862;1.68774e-09;2.78568e-08;1.95243e-07;2.69886e-08;1.22695e-10;2.80448e-05;1.1485e-07;1.41049e-10;1.49696e-07;0.99944;1.04418e-05;7.12893e-06
3.38183e-06;0.0524386;2.51944e-06;6.04705e-07;0.000612987;0.000115407;2.29878e-09;0.0301459;4.98789e-08;2.97436e-08;6.09205e-08;0.000165151;0.916405;0.000109821
4.31571e-09;1.26955e-06;1.03241e-08;5.26774e-09;1.6652e-09;1.80701e-05;5.46008e-10;4.25915e-08;2.27435e-09;6.0975e-09;2.61259e-09;6.22848e-08;0.99998;4.63478e-08
6.97991e-09;1.34037e-06;0.999997;4.43326e-08;1.9525e-09;1.02662e-08;1.73572e-10;4.0525e-09;1.23042e-11;3.32652e-09;7.25204e-11;1.35539e-06;5.68998e-09;3.2269e-07
1.14814e-06;0.998418;5.79938e-07;1.31061e-05;2.13128e-06;7.53751e-06;2.01398e-05;0.000606184;4.0747e-05;5.07592e-07;0.000148362;1.10975e-06;0.000656271;8.43973e-05
