2.60036e-06;0.0278876;5.69707e-08;1.35729e-06;3.84753e-07;1.71201e-06;3.6977e-07;0.00119851;2.34683e-06;4.02511e-08;5.58687e-07;6.08989e-05;0.970843;2.15158e-07
5.56691e-06;0.000128848;1.8252e-09;0.000184233;7.14698e-05;9.67638e-05;6.21637e-08;0.00214483;0.000137445;1.91954e-06;5.89619e-05;0.9969;7.55606e-05;0.000194692
2.43861e-05;0.00107764;1.38529e-09;1.2974e-08;2.44728e-08;1.89245e-09;2.32888e-07;0.99886;9.06248e-07;1.80762e-09;9.92498e-08;2.06266e-08;3.6522e-05;1.51236e-08
1.26671e-05;0.000236224;0.000110187;2.92804e-05;0.950428;0.000121058;3.40236e-06;0.0136531;2.15228e-06;1.78174e-05;4.99942e-07;0.00107512;5.37614e-07;0.0343097
1.18641e-06;0.000136797;0.99977;5.52301e-06;8.31254e-07;2.11301e-06;3.44262e-08;1.75125e-07;3.01217e-07;8.72657e-08;1.82203e-06;6.92826e-05;1.12964e-05;9.41399e-07
3.02448e-06;0.997168;1.42865e-07;5.38411e-07;3.30488e-07;1.68177e-06;0.000697862;8.26701e-05;3.6382e-06;3.46071e-05;4.54841e-06;1.42419e-06;6.20529e-05;0.00193975
2.78656e-11;8.0832e-11;1;3.41004e-10;7.64576e-11;2.40279e-10;1.47431e-09;9.19843e-11;5.15447e-11;5.72471e-10;2.59796e-10;2.81608e-07;1.65082e-14;3.66336e-11
7.69551e-06;0.991756;1.38473e-06;2.52354e-06;4.66098e-08;7.74878e-07;8.32143e-06;1.26447e-05;2.82321e-06;5.92922e-08;3.60766e-05;0.000306598;0.00786496;2.83722e-07
3.54968e-05;0.0139845;7.97058e-05;2.00484e-05;8.28956e-05;1.98189e-05;5.85323e-06;0.00137905;0.000155747;1.08227e-06;0.00141814;0.972835;0.00850105;0.00148157
1.29517e-05;0.10577;1.55114e-08;0.000112589;0.00174512;0.000478331;4.07398e-06;0.886341;0.000117049;9.14391e-06;0.000554304;2.3864e-05;0.000855066;0.00397606
5.90164e-05;0.00995915;1.02944e-06;2.10824e-05;3.22117e-06;2.74683e-05;3.449e-05;0.000333508;7.50146e-06;7.83024e-07;0.00101535;0.00552778;0.982998;1.21184e-05
0.00084802;0.742605;3.7774e-06;0.00421878;0.00553983;0.0234702;3.62906e-05;0.0749452;0.000104792;0.000701808;0.000436434;0.00167394;0.00687191;0.138544
0.00188722;0.804872;2.44244e-09;0.00011002;8.57623e-06;5.24636e-05;0.000288643;0.00590209;0.00323392;1.17085e-05;0.0164896;0.00065824;0.166463;2.286e-05
0.000473493;0.0128929;8.3971e-06;4.60073e-06;4.58022e-05;3.50321e-06;5.92225e-08;0.00151705;1.31606e-05;5.89091e-07;2.24568e-06;0.970169;0.014863;6.42157e-06
0.000497668;0.324448;1.39528e-05;3.86066e-05;0.000236349;0.000209211;1.64836e-05;0.476693;0.000715519;5.08572e-05;7.52686e-05;0.129656;0.0671823;0.000167241
1.44686e-07;0.000508453;1.2045e-09;0.000148373;1.79458e-06;4.34759e-05;0.266744;1.54474e-08;4.88412e-06;0.730877;7.78293e-06;1.80828e-07;3.53689e-07;0.00166377
2.02328e-09;6.64411e-11;0.999994;1.06393e-07;3.11715e-10;2.79868e-09;4.67345e-06;9.02361e-11;3.27298e-08;1.24807e-07;1.30303e-06;9.3815e-09;7.23003e-13;1.30115e-12
0.00118957;0.980426;3.56413e-05;0.000210635;7.39581e-06;3.14932e-05;0.00017153;0.00277915;0.000205124;5.00675e-06;0.000862916;0.000103042;0.013958;1.45773e-05
4.45312e-06;0.982262;1.47873e-08;1.06131e-05;4.68823e-07;8.2621e-07;0.00943162;0.000171303;4.32309e-06;0.00136938;2.24607e-06;4.03448e-08;1.28728e-05;0.00672983
8.17095e-10;2.14825e-11;0.999997;1.56426e-09;4.0648e-09;1.49992e-10;1.11161e-09;1.22733e-09;7.32089e-10;5.27264e-10;2.09405e-09;2.58899e-06;3.35696e-13;7.15317e-12
0.000192148;0.972363;3.08325e-07;0.00048038;4.92811e-06;2.02062e-05;0.000316551;0.00577817;0.00460921;3.54608e-05;0.00281054;0.000398758;0.0128144;0.000175971
0.000498538;0.896573;3.68168e-05;0.000147126;0.000960549;4.77753e-05;9.93708e-06;0.0366378;4.22618e-05;0.000282416;4.44747e-05;0.0277946;0.00114067;0.0357845
1.09551e-06;0.00421278;3.25123e-08;1.18089e-06;1.89072e-09;7.62444e-07;0.989198;2.23972e-08;3.21166e-05;0.00646891;4.10078e-05;1.31398e-08;3.7374e-05;6.88404e-06
6.51247e-12;2.23182e-13;1;1.09909e-11;5.88106e-13;1.79146e-12;1.17441e-09;2.14455e-12;5.75999e-11;2.21367e-11;2.21683e-10;5.28363e-12;2.2881e-16;4.71166e-15
