1.12404e-06;0.957562;3.39611e-09;4.40312e-08;2.48762e-09;1.46804e-08;1.62173e-07;7.34445e-07;1.42122e-07;3.10432e-09;3.80541e-07;6.43337e-05;0.0423707;1.22511e-08
5.23456e-06;0.00240007;5.67797e-08;3.64732e-06;0.000324197;0.000310576;2.8502e-08;0.000355344;1.02704e-05;8.3878e-07;1.04788e-06;0.974738;0.000340094;0.0215102
2.23016e-06;0.997564;5.04246e-08;2.18441e-07;2.82435e-08;1.00339e-06;9.21398e-06;3.87936e-07;3.18722e-07;1.81785e-07;5.09785e-07;0.000164351;0.00225664;8.19056e-07
4.736e-07;0.00513977;6.06078e-07;1.25472e-06;3.41136e-06;8.09497e-06;8.51973e-08;5.5971e-05;6.57433e-07;1.24149e-08;1.46712e-06;0.994708;4.83578e-05;3.19734e-05
3.28415e-05;0.922342;8.06582e-05;3.37491e-05;0.000613979;0.000792026;1.93877e-05;0.00352782;9.18848e-07;1.46249e-05;1.24625e-06;0.000867366;0.00417843;0.0674949
1.05423e-06;0.0147559;2.25119e-05;1.41885e-06;2.72781e-07;4.23866e-06;2.75714e-08;3.08722e-06;1.25773e-07;3.41481e-08;6.30371e-08;0.98479;3.11918e-05;0.000389739
1.22066e-06;0.996743;4.46466e-09;1.47162e-07;2.58966e-08;6.02976e-07;0.000663512;0.000528224;3.56561e-07;2.55512e-05;9.38045e-08;1.04139e-08;0.000118145;0.00191927
5.5222e-11;1.3473e-10;1;4.73925e-10;1.6545e-11;9.22355e-10;8.75306e-10;2.16525e-11;7.9633e-11;3.20485e-10;6.5495e-10;2.57843e-08;1.45186e-13;1.54735e-11
6.96202e-06;0.999242;1.09048e-05;1.67491e-06;5.26684e-09;5.33954e-09;1.33136e-06;0.000463939;6.94973e-06;1.14993e-07;6.20427e-05;3.76195e-05;0.000166008;4.08814e-08
2.34162e-07;0.994105;3.19852e-09;1.54409e-06;4.34957e-05;1.77495e-08;6.34819e-08;0.00375884;1.41703e-07;2.09892e-06;3.65281e-07;0.00197641;2.59237e-06;0.00010867
1.67115e-06;0.000970335;0.00167049;6.48516e-05;0.000232608;0.000629622;2.90511e-07;6.82811e-06;7.85394e-08;8.5973e-06;2.8757e-06;0.994705;4.03964e-05;0.00166599
5.75651e-05;0.000999161;1.64481e-09;2.83554e-07;1.08879e-06;4.20269e-07;4.36122e-06;0.99057;0.000109287;5.48659e-08;0.000214813;1.4853e-05;0.00802772;7.796e-08
0.000468135;0.00632515;0.000317963;1.81889e-05;2.25618e-05;3.42548e-06;1.43179e-06;0.0352419;6.7782e-05;2.20632e-06;6.1585e-05;0.943937;0.0133401;0.000192475
1.11024e-05;0.0859073;1.0722e-06;2.00473e-05;1.28828e-05;0.000235626;1.44931e-05;0.00772231;2.79479e-05;4.24923e-06;2.71454e-05;0.00513848;0.900832;4.51012e-05
1.2813e-05;0.00370407;0.00269161;0.000721805;0.000482041;6.39465e-05;7.58306e-07;0.0153372;1.38607e-06;4.34937e-05;1.39869e-05;0.973222;0.000126477;0.00357868
7.01952e-06;0.99303;1.93459e-09;4.34646e-07;1.05758e-07;4.18064e-07;0.00372632;2.3177e-05;1.7394e-07;0.00018762;3.90803e-06;1.25301e-08;1.37733e-06;0.00301888
4.46246e-09;1.28613e-10;0.999956;1.15617e-09;2.29669e-09;1.44096e-09;1.50805e-08;1.11585e-08;3.26315e-10;4.09848e-10;3.38438e-08;4.38066e-05;6.51769e-11;2.37223e-11
1.69085e-06;0.0426604;1.90775e-09;3.44837e-06;8.86397e-08;3.37479e-07;0.956282;1.24417e-05;0.000221935;0.000197714;0.00013222;4.93624e-10;1.43533e-05;0.000473378
1.33498e-09;2.51103e-10;0.999999;3.02073e-09;4.51093e-10;2.68304e-10;1.18938e-06;1.17867e-08;2.75348e-08;2.71693e-09;1.38134e-07;2.74451e-08;2.88512e-12;7.94816e-12
1.41198e-05;0.88964;2.14961e-07;1.69234e-06;1.31942e-05;1.29428e-06;1.86518e-06;0.108445;5.83255e-06;8.81849e-07;6.78029e-07;0.00130689;5.02189e-05;0.00051788
1.115e-05;0.0464687;1.7946e-08;2.25386e-06;1.70739e-06;1.3791e-08;2.35325e-06;0.0197109;1.70567e-05;1.41825e-07;2.9359e-05;0.000135765;0.93362;1.91047e-07
2.49218e-05;0.974072;2.59665e-05;0.000155092;7.67519e-05;4.56993e-08;1.6185e-05;0.0145739;5.87893e-06;9.70754e-06;1.5143e-05;0.0106874;2.34157e-05;0.000314161
9.1427e-07;0.994387;1.13208e-06;0.000111071;2.40078e-05;2.82588e-07;1.84624e-06;0.000154532;2.71792e-07;6.07539e-06;1.74195e-05;0.000157075;0.00508624;5.24414e-05
3.43298e-05;0.449804;1.19986e-07;6.49247e-06;4.90969e-05;0.000347182;2.55855e-05;0.0281515;4.83196e-06;6.06609e-07;0.000209412;0.436217;0.0690036;0.0161467
1.32735e-05;0.116962;2.05919e-06;2.88722e-05;0.0015402;0.00168732;1.15093e-05;0.00174644;1.09768e-07;2.82421e-07;4.07553e-05;0.00672927;0.857023;0.014215
0.000623751;0.000885444;5.99424e-06;0.00538427;0.375331;0.13979;1.58443e-06;0.0150251;9.32754e-05;2.27516e-05;0.000904765;0.0170085;0.0374691;0.407454
0.00298123;0.0492502;0.000321768;4.6348e-05;2.49243e-05;0.000248132;9.68467e-05;0.00621459;0.00207923;5.22505e-06;0.00479564;0.00355992;0.930353;2.34069e-05
0.000343329;0.0177587;5.13289e-06;5.86048e-06;0.00489261;0.000286149;2.71052e-07;0.945908;0.000133933;1.70069e-06;0.000168971;0.0261219;0.00294267;0.00143073
5.42222e-06;0.998706;6.82795e-09;3.22282e-08;4.48971e-07;3.18084e-07;0.000262821;4.89782e-06;7.99658e-08;0.000208925;1.41766e-08;5.99396e-08;1.68652e-05;0.000793897
1.91359e-08;1.889e-10;0.999138;1.51833e-09;1.08977e-07;6.09961e-10;2.6136e-08;8.49534e-09;4.61825e-08;3.07819e-09;2.83538e-08;0.00086237;2.81089e-12;1.87104e-11
1.35073e-06;0.998467;1.08177e-11;1.0912e-08;3.32658e-08;1.15633e-08;0.00113508;2.12901e-05;8.43058e-07;1.03753e-05;5.50245e-08;2.31704e-10;0.000349014;1.45444e-05
1.56302e-09;1.58554e-08;0.999998;1.13538e-10;6.40705e-08;2.03728e-09;5.68776e-11;1.338e-09;3.36206e-11;6.41425e-11;5.54507e-12;2.08799e-06;4.6002e-12;9.92201e-11
8.2882e-07;0.00587476;3.18519e-08;2.99037e-06;6.192e-07;0.000747843;3.17961e-05;2.69901e-06;4.76697e-05;8.78093e-07;1.23619e-05;2.66691e-08;0.993004;0.000273944
1.14837e-06;0.00236961;0.997046;1.24957e-05;8.14309e-08;2.61131e-06;1.99029e-05;1.27471e-07;6.70108e-08;1.28217e-05;6.56567e-07;0.000517247;1.27442e-05;4.78554e-06
1.57053e-08;3.58069e-07;0.999998;1.91317e-08;7.11309e-09;4.06799e-09;1.65133e-07;8.60231e-09;7.60423e-08;8.00042e-09;3.16002e-07;9.41693e-07;1.34308e-09;1.93144e-09
2.67365e-06;0.00814595;4.16981e-09;1.98025e-07;0.000216467;1.64777e-06;6.79398e-07;0.991123;4.36459e-06;6.44171e-08;1.56106e-06;0.000308093;0.000135686;5.98098e-05
3.02423e-05;0.000963979;2.42266e-09;6.10731e-06;5.0364e-05;2.01064e-07;9.30933e-07;0.995234;0.00041795;4.31532e-07;0.000200943;0.00109862;0.00199541;4.76688e-07
0.000246329;0.401818;0.000154193;0.000183145;4.8731e-06;6.56396e-07;2.01022e-05;6.77096e-06;2.11599e-05;6.58871e-06;0.000106749;9.57354e-06;0.597418;4.2434e-06
3.20816e-06;0.00222235;8.49517e-09;2.01483e-07;2.91713e-07;9.58963e-10;9.4306e-08;4.58487e-05;8.86303e-07;4.55406e-09;2.70101e-06;0.997671;4.84658e-05;5.21503e-06
3.64798e-06;0.299584;2.08785e-09;1.45516e-05;0.00276278;0.00019062;3.10471e-07;0.690845;1.14417e-05;4.73999e-06;3.68898e-06;0.000284247;0.00557445;0.000720412
7.96724e-08;2.82065e-07;1.04733e-08;1.96225e-08;9.02952e-10;3.57522e-06;7.18691e-08;4.20918e-09;2.94478e-08;8.07087e-08;6.05354e-07;5.62598e-07;0.999995;2.81106e-09
1.78262e-07;2.17814e-06;0.999997;6.40699e-08;1.77713e-08;1.6013e-08;4.4505e-09;3.97028e-08;2.84299e-09;7.59094e-09;6.44655e-10;4.29392e-08;6.3031e-09;4.63635e-08
2.4928e-06;0.991071;3.05752e-06;9.83764e-06;9.21214e-06;7.0423e-06;9.62796e-06;0.00681092;0.000249623;6.88452e-07;0.000119865;1.92261e-05;0.0016221;6.52627e-05
