1.40426e-05;0.984168;1.52267e-08;4.56866e-06;2.84095e-06;3.36139e-06;2.95332e-06;0.0023826;9.36204e-05;4.04826e-07;7.21356e-05;0.00779917;0.00544464;1.20434e-05
2.32651e-05;0.995246;2.99476e-10;2.48379e-05;7.00538e-06;1.40122e-07;0.00249202;4.74375e-05;7.06403e-06;0.00155074;4.40538e-05;3.87888e-05;8.91165e-07;0.000518123
1.14122e-06;3.5805e-07;0.999996;4.63392e-08;6.26812e-09;1.37147e-08;7.45348e-07;1.57484e-07;2.74137e-07;3.21548e-09;6.54838e-07;1.45327e-07;2.64127e-07;1.54188e-10
0.000259385;0.0505163;4.82403e-07;2.5798e-07;0.000194902;1.26691e-05;5.15348e-07;0.90341;3.19355e-05;1.88354e-06;2.35578e-06;0.000132169;0.0453363;0.000100821
6.92592e-07;0.000623822;8.26145e-06;6.66974e-07;5.46356e-05;3.99267e-06;7.65558e-08;2.72349e-05;4.3671e-06;1.65804e-07;7.0471e-07;0.999044;1.96585e-06;0.00022981
0.00027995;0.0363971;6.64181e-06;3.99372e-05;0.00273024;3.39173e-05;0.000131581;0.355495;0.000887659;1.50422e-05;0.000396143;0.000949295;0.602606;3.19895e-05
0.00297047;0.570998;0.000128206;0.000358968;0.016586;0.000885938;2.43269e-05;0.0946504;0.0203244;9.39613e-05;0.00100817;0.281315;0.00170948;0.00894735
0.0135145;0.86766;0.00011473;0.000953236;0.00295636;6.36099e-05;0.000577276;0.065872;0.0275364;0.000300703;0.00125797;0.0147702;0.0030055;0.00141746
5.95203e-05;0.968587;3.93105e-09;2.89278e-07;6.41146e-06;2.97684e-08;9.42975e-06;0.031019;0.000178608;1.99254e-06;2.27792e-05;5.55572e-06;7.70974e-05;3.25016e-05
1.13898e-05;0.00014854;0.00543323;4.08816e-06;0.983559;1.63639e-06;1.28248e-10;0.00421104;3.77397e-07;1.93365e-07;2.8971e-07;0.00619029;9.08065e-06;0.000430526
2.69894e-06;0.99844;1.80974e-10;2.5691e-08;4.10219e-08;1.50971e-09;0.000252174;7.51082e-06;4.0368e-05;6.11049e-06;6.98581e-07;1.34407e-06;4.45653e-05;0.00120478
1.19805e-05;0.000215697;3.56849e-07;1.1757e-05;2.41501e-07;2.94149e-06;0.135256;0.000358;0.733555;3.47949e-06;0.130371;1.63355e-08;0.000212739;6.47355e-09
2.25917e-05;0.996459;4.1141e-06;1.60752e-05;7.05549e-07;2.08062e-07;9.65163e-07;0.00309712;1.74153e-05;6.51971e-07;3.25227e-06;6.98924e-06;0.00037047;1.54104e-07
8.99531e-07;0.995471;1.08107e-09;7.43443e-08;1.68561e-08;1.72327e-08;4.07466e-07;2.26097e-05;1.70371e-07;3.72135e-07;9.32148e-08;0.00191966;0.00258423;1.57377e-07
4.88603e-06;0.984879;2.30047e-09;3.96867e-06;1.88956e-06;5.31333e-06;0.0001754;0.0133824;3.6535e-05;7.27222e-05;0.000107497;0.000287942;0.0010386;4.07087e-06
3.13861e-08;1.53561e-06;0.999994;1.08132e-07;3.75177e-07;2.49951e-08;6.40782e-08;1.52166e-06;4.01039e-09;1.57325e-08;8.14358e-08;2.75474e-06;1.97188e-09;9.61724e-09
0.000134743;0.932431;0.00261718;0.000152675;0.00203815;2.82914e-05;0.000119797;0.00402738;0.000234674;6.77712e-07;0.00108648;0.0323539;0.0134165;0.0113587
4.37383e-05;0.0266077;1.24218e-06;2.25721e-05;0.000198234;5.49647e-05;1.97447e-05;0.00230641;0.000193715;4.29527e-06;0.000816356;0.934485;0.032783;0.00246266
3.16371e-05;0.0150485;4.82425e-06;3.71136e-06;0.000410832;0.000444567;2.85381e-06;0.966283;8.75015e-06;7.69954e-07;6.06e-06;0.00787827;0.00896962;0.00090674
0.000585135;0.0124851;3.61577e-07;4.6776e-05;0.00191271;6.71452e-05;3.11893e-06;0.88915;0.000172004;4.44017e-07;0.000282282;0.0203508;0.0740594;0.000885191
0.000858619;0.448598;1.03781e-05;0.000100071;1.09559e-05;1.95749e-06;7.33551e-05;0.00706527;0.000696784;2.2898e-06;0.000183306;0.00159799;0.539765;0.0010359
0.000248384;0.376738;7.78374e-08;0.000132996;0.000255076;3.99301e-06;0.000204675;0.594968;0.00102856;5.6098e-05;0.000879193;0.0179293;0.00646699;0.00108831
0.000422369;0.0199806;0.620505;0.00383831;0.263016;9.63212e-05;9.34316e-05;0.0730852;0.0001766;4.69927e-05;0.0045821;0.0107986;0.000383682;0.00297461
0.000357141;0.397438;1.3351e-05;6.41378e-05;5.53006e-05;1.82684e-06;0.000711234;0.00211544;0.00245389;1.02985e-05;0.0206414;0.571193;0.000832655;0.00411153
0.000271205;0.542453;4.41084e-06;2.91587e-05;0.000555688;0.000435841;0.000107448;0.152034;0.000256967;1.97709e-05;0.000245904;0.0506288;0.252207;0.000751489
7.99783e-05;0.0048948;2.55281e-06;3.28733e-05;2.78985e-05;3.27884e-05;5.28405e-06;0.31789;0.00128397;2.96053e-06;0.000546988;0.151523;0.523664;1.38475e-05
5.51558e-05;0.982098;1.73447e-08;0.000192964;4.19816e-05;2.22744e-05;8.74814e-06;0.0147512;0.000154428;1.77326e-05;4.59434e-05;0.00022583;0.00142787;0.000957435
3.44407e-06;0.00187569;7.97866e-08;2.32408e-06;1.00119e-07;4.15803e-06;1.15233e-05;1.89695e-06;2.02979e-06;9.66098e-07;2.03388e-05;1.11646e-05;0.998066;7.91124e-07
1.43239e-05;0.000609107;0.99508;3.23626e-05;3.56818e-05;3.28282e-06;4.11722e-07;7.42214e-05;5.12263e-07;1.00349e-06;4.37961e-06;0.00358242;2.23406e-06;0.000559615
1.71645e-05;0.977996;9.66176e-08;3.05756e-06;0.00011215;3.46392e-07;1.35908e-06;0.0213824;3.5546e-06;2.70075e-07;8.49039e-06;6.10695e-05;0.000184998;0.000229532
0.000102004;0.000288297;8.9786e-08;1.27617e-05;0.00153408;0.000258587;2.05905e-06;0.987868;0.00270189;6.72432e-06;5.92465e-05;0.00579595;0.00132816;4.24981e-05
6.35229e-05;0.9986;3.25489e-08;1.58491e-05;2.18648e-05;3.86665e-06;4.18306e-05;0.000141526;0.000361776;2.98539e-06;0.000379257;0.000255433;5.50339e-05;5.71623e-05
1.24965e-05;0.994702;5.06094e-08;3.0148e-07;5.1071e-09;1.28533e-07;1.41387e-06;3.24286e-07;9.73908e-07;2.62297e-08;9.77258e-07;0.00128362;0.00399741;2.538e-07
3.63215e-06;0.00162068;1.18647e-07;1.01003e-06;0.000100316;0.000164134;6.06188e-09;0.00518181;1.78825e-05;7.57465e-08;3.85116e-06;0.991773;0.000760663;0.000372606
6.31791e-08;0.999588;2.36233e-08;3.38407e-07;6.07014e-09;1.55711e-06;0.000304959;1.74479e-06;1.7903e-08;4.95182e-05;1.58591e-07;8.29514e-08;8.79782e-06;4.48097e-05
6.0942e-11;5.37302e-09;1;1.75398e-09;2.37468e-10;1.36063e-08;2.06196e-09;3.16274e-10;1.4446e-11;2.60232e-10;4.42107e-09;9.79088e-08;1.44799e-11;7.44974e-11
4.5943e-05;0.0784624;9.93087e-06;5.49047e-06;0.000157841;0.00151025;0.00514767;0.0569181;4.96557e-05;8.03316e-05;0.00147145;3.01179e-06;0.855967;0.000171367
9.70095e-10;2.05909e-10;1;1.79321e-10;1.38925e-10;6.77711e-10;1.77325e-09;1.24282e-09;1.82561e-10;2.29617e-10;1.78305e-09;3.49267e-08;1.01627e-10;5.01515e-12
2.72384e-07;1.47228e-05;0.985304;5.12976e-08;1.78882e-07;3.42729e-07;1.35704e-08;4.21405e-06;2.94943e-08;3.26112e-08;1.38025e-08;0.0144799;1.56528e-07;0.000196404
2.57905e-08;0.0520762;1.07878e-08;2.0355e-09;2.95402e-05;1.20845e-05;9.60512e-08;4.04835e-06;5.57845e-10;2.01459e-07;7.82814e-10;1.3947e-09;1.12338e-06;0.947877
4.21334e-10;7.90815e-10;0.999909;3.54886e-12;1.27091e-07;2.73452e-11;4.39705e-13;4.02788e-08;2.3566e-13;7.67717e-13;6.42285e-13;9.06712e-05;2.05186e-11;4.14295e-11
3.98658e-06;0.00878887;2.76314e-06;4.80259e-07;9.6509e-05;0.000241276;1.40214e-07;0.976487;3.29828e-06;6.71764e-08;7.12733e-08;0.000206729;0.0140577;0.000111518
4.85412e-07;0.00409967;1.59484e-08;2.8564e-07;1.93765e-06;1.00036e-05;2.98078e-09;0.165057;2.52133e-08;2.35802e-08;1.13837e-08;3.91159e-06;0.830816;1.06113e-05
4.03461e-07;0.00199603;2.84928e-07;1.02797e-05;2.5808e-07;1.78993e-06;2.26791e-08;7.96297e-06;1.95594e-07;5.43724e-07;1.02254e-06;0.996917;0.000975761;8.86738e-05
4.70616e-07;0.0144793;1.52169e-09;2.44076e-07;0.000363914;1.29063e-07;1.11814e-06;0.985141;1.04105e-08;8.51509e-07;4.86848e-08;3.29714e-07;4.96342e-06;7.76844e-06
1.44414e-07;0.000100694;0.998293;5.55922e-06;8.49665e-06;1.10186e-05;2.97879e-08;1.03709e-06;6.26498e-10;6.14731e-07;2.84409e-07;0.000977662;0.000597996;2.98485e-06
2.71467e-06;0.998541;3.18085e-09;1.10993e-08;8.77284e-08;4.2846e-08;0.000863927;0.000582599;6.05662e-08;1.65075e-06;9.80393e-07;1.91646e-08;4.53144e-07;6.85499e-06
4.78271e-08;9.67969e-09;0.999995;2.36781e-08;6.59561e-08;1.32249e-09;1.56089e-06;2.76068e-07;1.44363e-07;1.08975e-08;1.28173e-07;3.1041e-06;1.35214e-10;1.001e-10
2.92172e-07;0.999849;5.84743e-11;4.8561e-08;7.47613e-10;1.23895e-09;4.2796e-06;9.23858e-05;1.51938e-06;4.43189e-07;1.19186e-06;4.7433e-09;4.88826e-05;1.54962e-06
1.52047e-08;2.88003e-05;0.991811;1.39652e-07;3.6425e-09;7.77488e-10;4.99662e-08;4.26025e-08;1.29954e-09;1.64088e-08;9.35327e-09;0.00816026;2.80673e-09;1.0259e-08
4.87209e-05;0.000924695;0.00233264;0.000165517;0.00116989;4.58778e-05;0.000105163;0.99178;5.48124e-05;2.03935e-05;0.000103342;0.000251143;0.000225866;0.00277221
3.91002e-06;1.07104e-05;9.23712e-09;1.41028e-06;4.62177e-07;0.00103272;0.00101279;8.58948e-06;0.000133318;1.79244e-05;0.000466173;5.39257e-09;0.99731;1.57025e-06
7.7056e-07;5.9198e-07;0.999996;1.32033e-07;9.75241e-08;1.26908e-08;2.68503e-08;1.07307e-08;4.35295e-09;2.96644e-08;1.23103e-08;2.23255e-06;3.57207e-09;1.9262e-07
5.06188e-06;0.996298;2.21081e-06;3.09548e-06;1.83266e-05;2.22091e-06;3.69522e-06;0.00314339;0.000227949;2.02638e-07;2.08949e-05;1.79635e-06;0.000237165;3.6305e-05
