1.59084e-05;0.994529;4.32076e-05;8.49555e-05;3.97949e-06;4.97301e-07;1.06741e-06;0.000341819;9.72483e-07;3.34331e-07;2.3493e-06;0.00483355;0.000141198;1.4427e-06
0.000148651;0.855428;2.5463e-08;2.78071e-06;2.83007e-05;9.99249e-06;4.70283e-06;0.133091;1.7078e-05;2.34122e-06;9.38808e-06;5.53155e-05;0.0105566;0.000646107
1.12254e-06;0.00243411;8.49544e-06;1.00683e-06;7.3529e-05;1.39092e-06;4.30506e-08;0.00081629;1.00315e-06;2.30357e-07;8.28631e-06;0.996494;4.0917e-05;0.000119499
5.97451e-08;0.999971;1.63373e-09;2.7736e-09;2.17471e-09;1.42356e-09;1.3284e-06;2.08855e-06;7.42976e-09;1.13956e-06;1.37014e-09;4.81893e-10;1.94117e-06;2.22449e-05
3.42334e-11;7.6907e-11;1;2.45623e-12;2.39808e-09;1.96714e-12;3.1623e-12;2.30593e-10;6.5656e-13;2.32202e-12;3.47218e-13;2.10399e-07;1.40381e-15;1.02789e-11
0.000228366;0.924416;9.48298e-06;6.57163e-05;0.00137267;1.14276e-05;0.000424299;0.0622027;0.00662252;7.76288e-06;0.000388118;3.8184e-05;0.00414889;6.43321e-05
0.000227134;0.151903;1.68822e-06;2.03734e-06;0.000106991;0.00013246;0.000392615;0.83653;0.000593525;0.000150965;2.07893e-05;3.27145e-07;0.00978768;0.000150518
9.85888e-09;1.72906e-10;0.999999;3.52603e-10;2.80577e-10;3.03833e-11;1.01498e-09;1.24646e-08;4.05538e-09;3.10227e-10;2.67558e-09;9.66642e-07;1.44776e-11;4.6539e-12
3.40158e-06;5.91397e-05;0.883549;2.617e-06;9.77724e-06;1.45195e-06;7.70481e-07;8.78319e-06;7.97951e-06;1.12987e-06;4.11357e-07;0.116082;1.62331e-06;0.000271485
3.83041e-05;0.166898;4.27887e-07;2.69243e-07;0.0248113;0.000234124;1.325e-06;0.0255323;2.71096e-05;1.9348e-06;1.1254e-05;1.76032e-06;4.72169e-05;0.782395
5.51941e-07;2.18291e-05;1.90019e-05;7.76826e-08;0.973435;6.38523e-07;6.90141e-12;0.0230778;4.04511e-09;1.67229e-09;3.96907e-09;0.00337927;5.21107e-06;6.07653e-05
1.0136e-06;0.998696;4.08171e-09;1.85759e-09;5.59069e-07;4.49051e-10;5.98228e-07;0.000399134;8.57926e-08;3.65813e-08;5.75098e-10;1.36135e-07;6.35389e-06;0.000895678
8.38373e-05;0.0188846;0.000154329;0.00015424;1.70017e-05;1.71227e-05;0.0029487;0.930425;0.02105;1.75544e-06;0.0022356;9.39605e-05;0.0239326;1.11865e-06
9.06346e-08;0.994564;6.53675e-10;1.6023e-07;7.2946e-08;4.50963e-08;2.17473e-09;0.00536022;1.31593e-08;1.08004e-08;3.78134e-09;7.66171e-06;6.4882e-05;3.26287e-06
1.59714e-05;0.887272;2.12364e-08;5.96939e-05;0.00013204;3.92522e-07;2.05314e-05;0.0165961;2.659e-06;1.89442e-05;0.000256916;0.0276783;0.0654376;0.00250873
8.89122e-05;0.0989742;5.9554e-07;3.13444e-05;0.0407883;2.7142e-05;3.22075e-05;0.102798;0.000206089;1.50488e-05;0.00132324;0.711502;0.000417251;0.0437957
0.00037825;0.390928;3.20474e-07;0.000118888;0.000179462;2.20343e-05;1.50899e-05;0.143128;0.000508575;3.43079e-06;0.0005215;0.428998;0.0351486;4.93318e-05
0.00013112;0.0507813;5.00183e-05;9.74676e-05;9.06984e-05;0.000449087;3.19107e-07;0.00421371;3.9138e-06;1.34717e-06;1.56618e-05;0.00120226;0.942942;2.09008e-05
2.63268e-05;0.0223633;4.88601e-07;7.40443e-05;0.000402074;0.0097793;1.56641e-06;5.35126e-05;3.76268e-05;3.04433e-06;0.000160401;0.00013431;0.963449;0.00351463
1.49904e-05;0.0245724;0.764728;2.81107e-05;0.000727699;7.00547e-05;2.66873e-08;1.34259e-05;1.15476e-08;4.86963e-07;3.68819e-07;0.0149994;0.000133204;0.194712
1.00647e-05;0.0183365;8.38092e-09;8.4752e-07;8.04985e-06;0.000113702;2.38387e-07;0.00137084;8.4465e-07;5.84404e-08;6.53414e-05;0.000298043;0.979538;0.000257496
1.27869e-06;0.000155963;4.66177e-09;5.26892e-07;2.14628e-07;4.84177e-06;8.62634e-09;0.0132561;1.59154e-06;2.15317e-08;1.15152e-05;5.75808e-05;0.986509;1.5959e-06
4.14897e-06;0.00115611;2.66104e-07;3.51443e-05;3.67094e-07;8.1733e-07;1.1683e-07;2.68286e-05;2.47551e-05;1.08176e-06;0.000125118;0.997786;0.00081828;2.07422e-05
4.0013e-07;0.0014725;3.46131e-10;2.84524e-07;0.000123409;1.13698e-08;1.36407e-07;0.998394;6.08857e-08;1.01412e-07;3.36811e-07;3.66714e-06;3.47315e-06;1.44963e-06
7.33101e-07;0.00308316;0.995428;2.193e-05;0.00014925;5.45733e-05;1.42364e-06;0.000607766;1.50346e-08;8.37538e-05;2.35817e-06;1.27964e-05;0.000533335;2.06717e-05
1.81972e-08;3.42495e-10;1;4.64092e-10;1.16547e-09;2.64004e-09;7.45938e-09;9.19894e-08;4.00771e-09;5.37562e-10;1.36237e-07;3.67776e-08;7.18641e-10;5.22219e-11
1.02471e-08;2.58541e-07;0.999492;3.8514e-10;3.90044e-10;3.78277e-09;1.18034e-09;1.42325e-08;5.53852e-09;1.9789e-10;9.91746e-09;0.000507475;1.89909e-08;1.88561e-07
4.5543e-08;0.00652256;2.62754e-09;1.82685e-09;5.22915e-05;0.0001378;1.26813e-07;1.54732e-05;7.02491e-09;1.84796e-07;3.31609e-09;1.19269e-10;9.79e-07;0.993271
1.2521e-09;2.47612e-09;0.999967;8.16155e-12;4.60679e-08;9.31068e-11;7.56231e-12;5.28585e-08;1.90051e-12;8.40068e-13;2.80845e-12;3.27776e-05;2.50098e-11;5.89911e-12
6.72199e-06;0.00462619;2.25472e-06;1.87177e-06;0.000462416;6.7462e-05;7.72045e-07;0.992411;1.32377e-05;1.54772e-07;4.33286e-07;4.40496e-05;0.00115856;0.00120494
9.13396e-06;0.617714;1.49635e-07;7.54767e-06;2.15021e-05;2.9238e-06;2.87455e-07;0.355534;7.89086e-07;2.40653e-07;1.84284e-07;0.000126538;0.0265427;3.98768e-05
4.08565e-05;0.17333;1.98269e-07;0.0035237;0.000920709;7.59624e-05;3.17651e-06;0.0602772;0.000113517;3.60363e-05;9.83263e-05;0.75054;0.00117135;0.00986948
9.02533e-05;0.713242;1.01782e-08;1.76602e-05;9.75497e-06;9.28096e-06;5.559e-06;0.000511025;1.41562e-06;6.36703e-07;4.01964e-06;0.00186647;0.283864;0.000378026
2.15276e-05;0.0013389;0.000153479;2.06205e-06;0.000533337;5.73276e-06;5.62446e-08;0.0534926;1.04509e-07;2.79534e-08;1.29863e-07;0.943078;0.00118748;0.000186655
2.44327e-06;0.33418;1.50906e-07;1.05945e-05;3.10729e-05;0.0121064;0.000179385;4.68257e-06;2.6746e-06;6.48956e-06;1.43821e-06;1.45561e-06;0.653254;0.000218594
0.000285722;0.195071;0.196571;8.48531e-05;2.89948e-05;0.000113425;3.03225e-05;3.89573e-05;1.17869e-06;3.96528e-06;3.93144e-06;0.547976;0.0586662;0.00112367
1.5897e-05;0.804386;2.04335e-07;0.000197801;0.000205393;0.000750658;1.03452e-05;0.0096567;0.000284109;5.78234e-06;8.88089e-05;6.46166e-06;0.00957531;0.174817
0.000155034;0.000397199;5.21432e-07;1.51364e-06;3.39549e-06;3.58604e-07;1.75132e-07;0.998727;0.000128898;1.55372e-07;2.33551e-05;2.52566e-05;0.000535382;1.69626e-06
2.55506e-05;0.307061;3.49679e-05;3.58885e-05;1.8728e-05;1.11239e-05;0.00380642;1.59171e-05;7.05696e-06;0.00427385;1.63985e-05;1.01557e-06;1.50868e-06;0.684691
3.78516e-10;2.21741e-12;0.999998;6.98059e-11;5.75561e-11;1.03726e-10;2.63251e-10;2.78685e-11;7.34091e-11;1.7591e-11;1.93535e-09;1.56827e-06;3.39344e-13;1.57759e-11
1.86356e-06;0.998565;2.2288e-09;8.57214e-09;3.32887e-09;7.10871e-09;0.00134585;1.64949e-05;9.70475e-08;4.53774e-06;2.47897e-07;7.4222e-09;1.76173e-05;4.83274e-05
7.51854e-11;1.49277e-11;0.999999;2.45536e-11;1.48725e-09;3.96097e-10;3.67005e-10;7.51843e-10;8.05671e-11;4.69108e-11;1.35026e-10;1.30165e-06;1.86499e-13;1.43387e-11
1.08615e-07;0.00093127;6.45002e-12;3.23211e-09;4.43501e-08;1.08927e-08;1.85509e-07;0.000320915;5.02161e-08;2.44873e-09;3.07055e-08;5.50675e-09;0.998747;7.76591e-08
8.2988e-08;1.02105e-05;8.15718e-08;1.67345e-06;3.24513e-06;1.65262e-07;5.07232e-09;3.45609e-06;1.9202e-05;8.94999e-10;2.91067e-06;0.999737;1.73533e-06;0.000220608
7.14578e-06;0.00575642;3.98688e-08;9.88502e-06;1.69945e-07;6.62098e-07;4.12574e-06;0.000900253;8.84823e-06;3.32409e-08;1.8587e-05;9.12039e-06;0.993282;2.35497e-06
1.39113e-06;0.000231955;1.00997e-06;3.09127e-06;4.71548e-07;5.76886e-08;5.27554e-09;2.99304e-05;7.63056e-06;2.70362e-08;2.07777e-06;0.999593;0.000101002;2.88663e-05
2.42017e-05;0.999371;6.77384e-09;5.1067e-05;1.14559e-05;1.60259e-05;1.35806e-05;6.13005e-05;2.02952e-05;1.57985e-06;1.71848e-05;2.77061e-05;0.000207827;0.000176925
1.40074e-07;0.000514164;7.83562e-08;4.40862e-08;2.09754e-09;7.91873e-10;4.09317e-10;3.1799e-06;2.80042e-08;1.52475e-11;1.0671e-07;0.999401;8.14221e-05;3.02357e-09
3.74659e-06;0.973497;4.41289e-06;5.60357e-07;0.000120556;7.66494e-06;8.97954e-08;0.0114536;2.47243e-08;1.73222e-07;2.66658e-08;1.29464e-05;0.0147821;0.000117043
7.33471e-09;2.01462e-07;2.60647e-10;3.62875e-08;6.27607e-09;2.08109e-05;1.53889e-07;1.82069e-08;1.75175e-07;7.65249e-08;2.86572e-07;4.08001e-09;0.999978;3.39828e-07
1.73262e-08;8.05659e-08;0.999998;5.06654e-08;3.08128e-09;3.17435e-09;4.95173e-10;3.24224e-09;1.20595e-10;1.00006e-08;5.32018e-10;1.71278e-06;2.39632e-10;1.98974e-07
2.53993e-06;0.99828;2.21101e-06;1.67233e-05;6.06551e-06;4.61657e-06;2.12434e-05;0.00101218;9.89247e-05;9.49799e-07;0.000102369;3.47679e-06;0.000422838;2.60889e-05
