1.3878e-05;0.996163;0.00104465;0.000246049;4.66743e-06;7.76007e-07;1.62633e-05;0.000337435;1.22664e-06;7.51141e-06;6.51182e-06;0.00167319;0.000465602;1.97575e-05
0.000158914;0.495034;6.80802e-09;0.000128288;0.00158133;1.54466e-06;0.000243675;0.499036;0.000441082;4.72697e-05;0.000978134;0.000671419;0.000796547;0.000882427
0.00033187;0.673436;0.300265;0.00210753;0.000345295;3.00928e-05;0.000449237;0.000389314;3.78439e-05;0.00060622;0.00194185;0.000695365;0.018803;0.000561491
0.000332165;0.964571;8.00921e-06;7.81822e-06;3.27817e-05;3.45868e-06;8.61592e-05;0.00116438;9.25226e-05;2.79659e-07;0.00273439;0.0105762;0.0195653;0.000825658
0.00151718;0.0584107;7.70534e-09;3.55603e-05;0.00186169;7.81396e-06;3.30812e-07;0.0036276;0.00939566;1.51814e-06;0.000588654;0.888552;0.0351856;0.00081527
0.00683366;0.00766629;2.42271e-07;2.88895e-06;0.000148374;0.000105258;2.91716e-06;0.934594;0.00747034;2.50966e-06;4.10066e-05;0.0167697;0.0263203;4.28916e-05
1.58353e-06;0.000235824;3.42158e-11;4.27967e-08;6.24515e-07;3.24044e-07;2.2268e-09;0.000394223;2.84423e-06;8.36844e-09;7.90783e-07;6.48332e-05;0.999299;2.21199e-07
0.000307641;0.00192392;2.64135e-06;0.000144958;0.000593795;6.30685e-05;8.95849e-07;0.00214289;0.00817553;1.45791e-05;0.000248093;0.983519;0.00225924;0.000604108
4.20547e-05;0.999697;1.40671e-06;2.61002e-05;4.62744e-06;5.87426e-07;5.12759e-07;9.6112e-05;8.76675e-06;1.45434e-06;1.74567e-06;0.000104955;1.1345e-05;3.50182e-06
1.38378e-05;0.99504;1.11644e-08;1.20822e-06;5.2239e-08;2.71121e-07;0.00341206;5.21199e-05;1.63406e-05;0.000640946;4.66924e-06;1.91363e-06;0.000421601;0.000394927
9.30093e-10;1.3581e-08;0.999999;8.54611e-10;3.17277e-08;6.59474e-10;8.10477e-09;6.72644e-08;1.30748e-09;5.30494e-09;2.43307e-09;8.03417e-07;2.21503e-13;1.33822e-08
5.52069e-07;0.961196;2.41537e-05;2.09954e-05;5.75408e-05;3.06736e-06;1.61191e-07;8.01685e-05;3.0717e-06;8.09961e-07;7.30905e-06;1.03723e-05;0.0385861;1.02344e-05
3.7966e-05;0.121723;3.84004e-06;2.21901e-05;0.000562675;0.000497783;7.91862e-05;0.630203;0.0107913;6.70271e-06;0.0588014;0.101199;0.0753271;0.000744572
0.000152035;0.205145;0.000119971;0.00149691;0.000849531;0.0920354;1.51456e-05;0.0189242;0.000438626;8.32679e-06;0.00679884;0.00349956;0.667179;0.00333691
0.000116205;0.00124146;9.39099e-07;1.39205e-07;1.68889e-06;8.88629e-07;2.08416e-08;0.972375;2.01985e-06;7.06766e-09;2.82701e-06;1.13465e-06;0.0262555;1.91774e-06
2.32109e-06;0.0362022;0.00240986;4.31891e-06;1.53525e-05;1.00646e-05;4.13536e-08;0.00053058;1.72651e-07;3.19635e-07;5.87024e-07;0.958282;0.00022501;0.00231731
1.17109e-06;0.993176;7.38479e-08;2.4164e-07;1.77287e-05;1.62947e-05;6.74662e-05;7.69895e-05;1.85108e-07;7.68314e-05;4.85798e-07;5.79419e-08;0.000202146;0.00636475
7.00064e-10;8.3029e-12;1;3.77715e-11;4.99952e-08;6.08459e-12;1.42235e-11;2.01234e-08;5.15726e-10;3.75479e-11;6.41146e-10;3.48e-07;5.22289e-13;3.75259e-13
0.000115969;0.0380525;2.1864e-07;2.44644e-05;0.00392091;4.52163e-06;0.00146858;0.00158206;0.00650814;0.000288726;0.000279031;3.47777e-05;2.3358e-06;0.947718
0.000556177;0.015208;1.1182e-06;7.23807e-07;1.18565e-06;4.40891e-08;0.00379362;0.681974;0.293625;3.71859e-07;0.00474545;5.50561e-07;9.41992e-05;1.54317e-09
6.72475e-05;0.0208636;0.970738;1.01727e-06;0.00194213;1.94081e-07;1.98703e-06;0.00559845;2.49936e-06;3.61828e-06;3.06082e-06;0.000220119;0.000509752;4.78104e-05
7.44573e-07;0.993692;1.34011e-06;7.3944e-07;4.16687e-05;1.90647e-07;9.91764e-05;1.49146e-07;1.86318e-08;0.000400027;2.85721e-08;2.79638e-06;1.7287e-06;0.00575945
1.56281e-08;2.93712e-10;1;1.47052e-10;7.01213e-09;3.58802e-12;5.9064e-08;6.77831e-08;7.28908e-08;3.45863e-11;1.19478e-08;3.63755e-08;7.27486e-13;1.59123e-13
0.000619714;0.000328722;7.30711e-08;2.36034e-05;4.76467e-05;3.46089e-06;0.000529979;0.045985;0.948208;3.45244e-07;0.00382202;6.57566e-05;0.00036402;2.02134e-06
3.03135e-06;0.00112964;6.45753e-10;2.73544e-06;1.76323e-05;3.9321e-08;4.38623e-09;0.997593;0.000598009;6.84743e-08;1.23951e-06;0.000652606;1.42761e-06;6.06943e-07
1.54351e-06;0.998305;6.56753e-10;6.80164e-06;1.84985e-08;1.24552e-07;2.9604e-06;4.49818e-05;3.50212e-05;6.33221e-06;1.04065e-06;3.88833e-05;0.0015544;2.75287e-06
2.6195e-05;3.87102e-05;9.23043e-06;2.28746e-05;4.62905e-06;6.54724e-08;1.08476e-08;3.77154e-06;1.04278e-05;2.20195e-08;1.14524e-06;0.999877;4.64146e-06;1.25479e-06
0.000117389;8.46795e-05;1.33867e-11;5.48184e-06;3.45389e-07;3.30009e-09;8.05392e-06;0.00076189;0.998239;1.46631e-07;0.000747596;2.34055e-06;3.29614e-05;4.21481e-07
0.000851223;0.152668;1.76291e-05;0.000270131;0.000211726;7.78093e-05;7.98396e-06;6.53931e-05;0.000372797;9.24242e-05;7.91255e-05;6.743e-07;0.844075;0.00121071
0.0017678;0.091106;0.885757;7.52545e-05;0.000428513;2.28783e-07;2.54549e-06;0.000223258;3.05082e-05;1.48555e-06;1.46566e-06;0.0186534;1.34363e-05;0.00193876
0.0010379;0.0168678;4.08596e-06;2.08488e-05;0.0198366;0.000692228;2.79052e-05;0.932329;0.000376353;1.83619e-05;5.0734e-06;0.00139498;0.0211465;0.0062426
1.11181e-07;0.000268995;2.72387e-09;2.93941e-08;9.27458e-09;0.000807952;3.39004e-08;7.89204e-07;1.19757e-06;6.65987e-08;4.13917e-07;2.72424e-08;0.998914;6.46257e-06
2.93108e-07;2.80905e-05;0.999967;3.73008e-07;8.8597e-08;4.20912e-08;3.33127e-09;1.81445e-07;3.60245e-09;5.69595e-08;3.3951e-09;3.34503e-06;1.99016e-08;5.62438e-07
1.27378e-05;0.949364;1.27463e-05;8.55499e-05;6.54415e-05;2.21532e-05;8.34744e-05;0.0373044;0.00378311;7.39664e-06;0.00484708;5.36327e-05;0.00421922;0.000139068
