0.000137877;0.961631;0.000312328;9.24072e-05;0.000109625;2.35082e-07;2.45304e-06;0.0351727;9.29437e-07;7.09742e-06;5.35847e-06;0.0024497;6.00958e-05;1.78043e-05
2.06235e-06;0.993217;4.97281e-08;3.03665e-06;8.6536e-07;4.91684e-07;0.00215193;7.61264e-06;1.15105e-07;0.00229294;1.94802e-06;7.9441e-08;1.17227e-05;0.00231014
1.02998e-09;1.74759e-09;0.999998;6.90142e-10;5.36547e-09;7.01542e-10;4.5528e-08;4.8559e-08;1.04329e-09;3.08627e-10;1.43229e-08;1.42868e-06;9.28815e-14;6.2716e-10
1.47067e-05;0.990124;6.50959e-09;4.21977e-05;2.21254e-05;3.64068e-05;5.49618e-05;0.00538734;0.000778882;5.96015e-06;0.000118327;2.42369e-05;0.00337423;1.6524e-05
2.62785e-05;0.000650802;0.000161944;2.41793e-06;1.14057e-05;7.67925e-07;4.54212e-09;9.01969e-06;8.66491e-07;1.63164e-08;8.15954e-07;0.998869;0.000253671;1.34427e-05
0.0022556;0.5842;4.268e-07;1.52601e-05;7.42409e-05;7.15557e-06;0.00433917;0.380051;0.0168357;8.76395e-05;0.000743172;1.45103e-06;0.0102085;0.00118017
4.11403e-08;2.11566e-06;0.999995;2.41086e-09;4.18846e-09;1.56699e-10;3.48469e-09;1.49682e-06;1.42641e-08;3.95719e-09;2.13432e-09;1.31911e-06;8.04017e-09;1.70837e-11
2.81277e-07;0.000296343;2.65163e-06;6.68659e-07;4.93048e-07;7.80492e-09;1.48603e-07;0.000101943;3.84036e-05;9.91868e-09;1.41353e-05;0.999536;8.39153e-06;9.91905e-07
1.49559e-05;0.994788;5.52196e-09;4.55595e-05;2.81985e-06;3.28183e-06;4.8419e-05;0.00102701;0.000617282;6.57674e-06;0.000291011;9.13354e-05;0.0030537;9.68229e-06
7.71024e-07;0.00172061;1.42203e-06;1.39996e-06;9.24429e-09;1.73624e-08;1.05411e-07;0.000200725;4.18115e-06;1.22499e-08;6.24422e-06;0.998043;2.12686e-05;4.07124e-08
4.17805e-05;0.0670191;2.09591e-06;5.0132e-06;0.00149072;1.33406e-05;2.07918e-06;0.904335;9.49237e-07;2.48314e-06;1.60066e-06;0.000268001;0.0261083;0.000709437
0.00071067;0.110769;8.93551e-05;0.000764976;0.000130727;0.00169416;0.000188453;0.000756731;0.0141545;0.000134236;0.00977067;0.0347387;0.823716;0.00238179
5.93907e-05;0.0165038;0.980209;5.22176e-05;6.81987e-06;1.52754e-05;6.27561e-05;1.63681e-06;1.43658e-06;9.38988e-05;5.85703e-06;0.00264171;7.12065e-05;0.000275322
1.33259e-08;3.26852e-08;1;5.33032e-09;5.83656e-08;1.83916e-08;1.8179e-08;5.11583e-08;3.147e-08;1.51995e-09;1.35797e-07;6.34002e-08;1.14307e-09;1.03838e-09
5.06981e-07;0.993229;2.15689e-07;4.39743e-06;1.50699e-05;9.17815e-06;2.74532e-07;0.00546248;3.35482e-05;1.57393e-06;1.4841e-05;0.000608198;0.000335844;0.000285213
1.36522e-06;0.000146674;2.64106e-07;2.85189e-05;0.0202057;0.0677123;4.48878e-07;0.00173491;1.33755e-05;2.82841e-05;2.79736e-05;0.00139931;0.000137418;0.908564
1.19657e-05;0.0279189;7.50042e-10;7.69564e-06;9.05441e-07;2.34388e-06;2.6183e-06;0.000163126;4.51922e-05;3.01754e-07;0.00068046;0.000234768;0.970927;4.23779e-06
7.57434e-05;0.00390438;9.99666e-06;1.05718e-05;2.94254e-06;4.44294e-07;5.52039e-07;0.000610993;2.52018e-05;1.27547e-06;2.48643e-05;0.9926;0.00270954;2.373e-05
2.62448e-05;0.140548;1.5505e-07;5.13297e-05;2.30291e-05;4.44094e-05;4.79138e-06;0.00414777;6.04468e-05;4.36352e-06;8.71234e-06;0.0183328;0.836146;0.000602603
0.000436831;0.0234461;0.00186994;0.0030295;0.000769691;0.00161325;1.96786e-05;9.27366e-06;0.00128962;0.00020878;0.00290723;0.0938903;0.0263403;0.844169
2.91924e-06;0.0095744;1.74957e-09;4.57147e-06;6.18327e-06;3.84199e-06;8.16272e-06;8.95234e-06;1.21008e-05;8.27649e-07;5.73624e-05;4.29723e-06;0.990131;0.000184845
1.57892e-05;0.101508;0.884975;1.78927e-05;0.000430789;5.22564e-06;8.92879e-07;0.00328761;4.83529e-08;6.79105e-06;1.53741e-07;0.000199642;0.000820941;0.00873069
8.00893e-06;0.000967843;1.08722e-07;1.81217e-05;0.00306325;0.16902;4.18049e-06;9.62217e-05;0.000204414;3.31361e-05;0.000119154;5.83033e-05;0.806139;0.0202683
7.09051e-05;0.0287841;0.947783;8.62126e-05;2.92152e-05;0.000312192;0.00618222;5.05071e-06;2.37206e-06;0.0023284;2.87341e-05;0.0109919;0.00325308;0.000142867
3.44808e-08;4.73286e-08;0.999996;2.47052e-08;2.03788e-08;1.56293e-08;2.60228e-06;4.75417e-09;2.71993e-07;2.02491e-08;6.10637e-07;4.19404e-08;3.29016e-11;3.69797e-09
5.42362e-07;3.41281e-06;2.24276e-08;2.15991e-08;8.49831e-08;4.132e-09;9.22585e-09;0.999903;8.50988e-05;3.44341e-09;4.21292e-06;7.85951e-07;2.63998e-06;4.19907e-09
2.82934e-06;0.975339;9.5971e-09;2.95375e-06;0.000106402;1.38132e-06;1.10576e-07;0.00218581;1.89997e-06;6.86406e-06;5.10633e-06;0.0014081;5.31757e-06;0.0209344
3.39223e-06;0.00131316;0.00399428;6.89272e-05;0.000200817;0.000169379;3.37853e-07;1.23869e-06;5.21402e-08;8.53651e-06;5.98836e-06;0.974675;5.727e-05;0.0195014
0.00017256;0.0181744;3.75755e-09;4.35086e-07;1.18604e-05;4.61736e-07;2.05435e-06;0.974106;5.46603e-05;4.05824e-08;0.000187205;0.00010559;0.00718461;1.22375e-07
2.75445e-05;0.0549711;0.002253;4.07156e-05;5.47192e-05;2.62446e-05;3.46402e-07;0.000278188;5.16205e-07;2.49768e-06;1.98453e-06;0.000775809;0.941527;4.0667e-05
1.71017e-05;0.0529062;5.77111e-05;0.000104567;2.91411e-06;0.000164342;0.000424753;0.000489833;0.000142532;2.70164e-05;0.00154552;0.888635;0.0551789;0.000304133
3.1772e-05;0.584485;5.97937e-06;0.000201868;0.00214374;0.00244837;5.14279e-05;0.021617;1.53137e-05;1.4684e-05;0.000822201;0.000845144;0.385823;0.00149481
0.00034166;0.0304911;7.51699e-07;5.79593e-05;0.000191688;0.00014346;0.00246026;0.0415292;0.000132641;0.00047997;0.000556706;1.47695e-05;0.923536;6.382e-05
4.27755e-10;7.22501e-11;1;5.47012e-11;1.51914e-11;8.02484e-12;9.05552e-11;1.32861e-10;5.66236e-11;1.0973e-11;4.07836e-11;5.25568e-10;7.00194e-12;2.53222e-13
2.63698e-07;1.74078e-06;0.998878;1.18083e-07;7.15421e-08;3.1194e-08;1.18753e-08;1.22065e-05;4.51186e-07;2.76011e-08;5.80934e-08;0.00110405;3.01549e-08;3.2842e-06
1.97135e-06;0.00223522;3.14158e-07;6.66169e-07;0.00625728;0.00134843;7.50024e-09;2.0275e-05;9.63237e-07;2.88328e-07;3.60835e-06;0.000222038;5.25484e-05;0.989856
5.79609e-07;0.929553;1.85335e-07;1.95016e-08;8.92425e-07;1.81347e-06;7.82822e-07;2.20578e-06;5.57427e-11;2.52526e-06;3.80573e-10;2.81368e-06;4.64332e-06;0.0704307
3.11235e-11;2.62185e-10;1;2.64734e-12;4.33132e-09;2.05702e-10;1.128e-11;1.35666e-09;7.25303e-14;2.74506e-12;5.94977e-13;1.69227e-08;1.8641e-12;5.92776e-11
7.48566e-06;0.593758;8.88615e-05;2.72737e-05;4.16444e-06;0.000772165;0.00087335;0.0243097;4.5847e-05;2.45062e-06;0.000105117;1.48341e-05;0.379977;1.35395e-05
2.80864e-07;0.996872;7.92716e-08;1.47587e-06;3.62254e-09;8.7084e-09;1.53192e-07;0.00249888;8.43667e-08;2.97467e-08;1.07952e-06;0.000119509;0.000505994;6.88048e-09
4.11212e-07;0.914946;1.86274e-09;9.15379e-05;0.00153186;1.07093e-07;2.27383e-07;0.0116624;1.42176e-07;1.3189e-05;1.53207e-06;0.0713343;7.16575e-06;0.000411516
4.39061e-06;0.028946;0.0173713;0.000319438;0.00288217;0.00234377;2.59349e-06;6.37223e-05;9.53461e-09;5.87632e-05;5.75914e-06;0.937308;0.000164301;0.0105293
3.31464e-06;0.000841703;2.61536e-10;7.40256e-07;8.81921e-07;7.23078e-05;1.12715e-05;7.34398e-06;8.14598e-07;6.98814e-08;0.000249828;0.000578621;0.998233;5.81146e-07
0.000836018;0.00233277;0.00923068;0.000493756;7.11112e-05;0.000822673;1.5538e-05;0.00233661;0.00042592;8.85329e-05;0.00258898;0.865774;0.114485;0.000499226
0.000644582;0.0393014;0.000219926;0.000414534;0.000127807;0.000618522;2.47339e-05;0.0703673;0.00171106;0.000181646;0.0012726;0.0106475;0.874179;0.000289624
0.000249289;0.0628881;0.000150442;0.000154901;0.0183246;0.0032461;4.90566e-06;0.00348539;1.16359e-05;4.98692e-05;9.43518e-05;0.823308;0.000830228;0.0872024
4.57502e-07;0.994359;3.08281e-10;9.82207e-07;2.16652e-07;2.56279e-08;0.00113471;5.09664e-06;6.22358e-08;6.4863e-05;3.94876e-07;3.47015e-09;1.936e-07;0.00443376
3.43218e-09;6.60343e-10;0.99999;3.98442e-09;1.24669e-08;2.20001e-10;5.49583e-08;1.61104e-09;1.87209e-10;4.11743e-09;2.12138e-08;9.77275e-06;2.24651e-12;4.32711e-11
1.92555e-07;0.00429908;1.81071e-08;8.0323e-07;2.95207e-08;8.09289e-08;0.995152;1.27516e-07;5.92181e-06;0.000508759;2.58979e-05;7.79671e-10;1.23303e-06;6.23798e-06
2.96222e-08;1.30925e-09;0.999988;1.09639e-07;1.58163e-08;2.86739e-08;9.50766e-06;1.33681e-08;2.48608e-07;9.56206e-08;1.46188e-06;5.12276e-07;7.93003e-11;9.21921e-10
4.27469e-05;0.924336;2.6117e-08;8.51498e-06;1.51784e-05;5.70627e-07;4.10714e-05;0.0751829;4.87923e-05;2.2544e-06;3.32417e-05;6.74966e-06;0.000281306;1.06569e-06
0.00013012;0.362267;0.0153925;0.000339218;0.00046939;1.90309e-05;1.48644e-06;0.000171918;1.89471e-05;4.74621e-06;0.000192913;0.0431846;0.577708;0.000100231
0.000114949;0.499974;4.98058e-06;9.11294e-06;0.00177559;9.8162e-05;7.17695e-06;0.37547;1.8862e-05;2.54739e-06;0.000165723;0.0210179;0.0795995;0.0217414
0.000603462;0.0449356;1.50858e-05;0.000875531;0.200341;0.20314;0.000150967;0.231448;0.00262006;7.53973e-05;0.00382353;0.0355929;0.013487;0.262892
6.0971e-05;0.0487471;1.54254e-09;1.48376e-06;1.2552e-06;1.46155e-06;6.08273e-07;0.000100774;2.27802e-05;5.00875e-08;5.1979e-05;0.00163816;0.94936;1.32434e-05
0.000144905;0.114783;1.69697e-05;1.88654e-06;5.52224e-05;5.99112e-06;7.72834e-09;0.0143083;8.84126e-07;3.14774e-07;4.4861e-07;0.847566;0.0224157;0.000699991
6.7078e-07;0.00584147;3.49721e-08;6.82923e-07;2.73536e-06;3.10617e-05;4.08118e-09;0.000242218;1.39053e-06;1.56425e-07;4.80402e-07;0.0199007;0.973977;1.4787e-06
7.82709e-07;0.00338573;5.72422e-05;3.47198e-05;6.4565e-06;1.32451e-07;1.09096e-05;3.5225e-06;7.72314e-08;0.000474389;2.23176e-07;0.000405866;1.2805e-07;0.99562
8.30906e-05;0.00503204;3.11768e-06;0.000365875;4.32363e-07;2.11279e-06;0.266433;0.000326684;0.272177;1.30267e-05;0.45154;2.45335e-07;0.00402345;3.56984e-08
0.000256925;0.00214783;6.29175e-09;1.42505e-05;1.64788e-06;4.47768e-07;1.42683e-05;0.977161;0.0197237;8.1675e-07;0.000605673;1.14111e-06;7.16983e-05;1.34933e-07
5.17752e-07;0.995417;1.8091e-10;2.71431e-06;6.51517e-08;1.94499e-08;8.60878e-07;3.90698e-08;4.22836e-07;6.00179e-05;2.2576e-07;2.76366e-06;5.35723e-09;0.00451516
1.02522e-05;0.00012672;0.999807;6.21261e-07;1.06469e-07;6.96476e-07;8.45111e-06;1.07031e-06;6.69343e-06;1.12196e-07;2.40355e-05;3.57293e-06;1.10313e-05;2.98048e-08
6.68085e-06;0.0257196;9.47918e-10;4.95631e-07;4.34972e-06;5.39919e-07;1.2135e-08;0.00201705;2.65084e-05;1.69571e-08;5.07335e-06;1.75714e-05;0.972202;8.0499e-09
2.66233e-05;0.000677208;0.000232531;4.46207e-06;0.00018561;4.25465e-09;1.23087e-08;1.11505e-05;3.48103e-06;3.3128e-07;3.38865e-07;0.997616;3.17073e-06;0.00123898
1.85051e-05;0.000183824;4.439e-10;4.30658e-08;5.92021e-06;3.8315e-07;3.20411e-08;0.995335;0.00115644;4.4877e-09;8.78051e-07;1.94158e-06;0.00329693;1.6102e-07
5.79901e-06;0.00246381;8.44877e-11;6.30338e-07;8.79004e-06;2.89581e-06;1.64805e-08;0.00404747;7.11626e-05;8.66894e-08;1.13793e-06;0.000207335;0.993189;2.13116e-06
9.52699e-05;0.00792046;4.67422e-07;0.000149094;0.00019509;6.00286e-06;1.37009e-06;0.000476303;0.000911075;1.68099e-05;5.80597e-05;0.989364;0.000641779;0.000164502
0.000311825;0.998216;0.000496431;0.000576691;2.27758e-05;9.92902e-07;1.29087e-05;0.000103519;1.82101e-05;7.7219e-06;2.22571e-05;0.000125819;5.49964e-06;7.948e-05
7.68258e-06;0.988653;1.65442e-08;2.02533e-06;1.84703e-07;5.7694e-09;0.00808893;0.000861963;6.73024e-06;7.65094e-05;8.62757e-06;6.49374e-08;1.83969e-06;0.00229217
4.447e-10;9.16623e-10;0.999992;8.90716e-10;6.0887e-09;7.31722e-13;1.40934e-09;7.78937e-09;4.62216e-10;6.7882e-11;1.43744e-09;8.02339e-06;1.47734e-13;1.10178e-11
2.03321e-05;0.98956;3.41474e-09;0.000122216;1.62409e-05;6.90251e-07;6.07205e-05;0.000224702;0.00186064;3.93816e-06;0.00036504;4.4726e-05;0.00483888;0.00288192
0.000273567;0.878545;4.97034e-07;9.36702e-05;0.00015883;0.00015894;0.000232381;0.0167536;0.000562466;2.0842e-06;0.00105819;0.0636602;0.0220555;0.0164449
4.53438e-06;0.964577;0.00188477;1.357e-06;0.000122493;5.11152e-05;5.21734e-08;0.000731342;3.47705e-11;7.06628e-08;8.1387e-10;0.00123801;0.0113598;0.0200296
8.67586e-07;2.80579e-05;1.30845e-07;1.5439e-06;5.58245e-05;0.0182603;1.50308e-08;1.03311e-05;2.28897e-07;8.91578e-08;6.98616e-08;3.07893e-06;0.000933089;0.980706
0.000491509;0.0711176;0.142499;0.000266248;0.0001108;0.000459844;0.00146049;7.95939e-06;2.69137e-06;0.000393763;4.92528e-05;0.758835;0.00474273;0.0195631
2.25929e-08;5.13769e-10;1;1.29573e-08;8.79843e-10;1.55473e-09;1.03835e-07;2.75787e-09;1.03082e-07;2.0764e-10;2.03679e-07;3.7184e-08;7.2718e-12;1.30606e-11
1.85563e-06;0.00695004;3.55043e-09;2.33346e-07;5.40484e-08;6.21473e-07;9.3385e-10;0.0052966;9.4079e-06;1.12159e-08;4.02028e-06;1.37906e-05;0.987723;7.68656e-08
2.66382e-06;0.00564818;3.24602e-05;0.000127856;8.87508e-05;9.16203e-07;2.72402e-07;2.25397e-05;6.01692e-06;9.70507e-07;5.78258e-05;0.988093;5.19122e-06;0.0059136
2.6938e-05;0.0254478;1.62536e-06;0.000453178;4.68948e-05;1.38099e-07;6.98955e-05;0.970892;0.000457175;6.09669e-06;0.002098;3.16591e-05;8.04206e-05;0.000388385
6.3087e-05;0.000274262;1.73403e-05;8.62621e-06;0.000387832;5.05364e-06;1.84663e-05;0.998225;4.83322e-05;8.56115e-05;0.000120145;6.3097e-07;0.000742514;2.8783e-06
4.56181e-08;4.57178e-06;0.999972;1.48144e-07;1.05413e-06;1.60823e-07;2.5618e-11;1.77317e-08;1.77759e-10;1.46309e-08;3.02952e-09;2.12013e-05;2.39495e-08;1.27461e-06
2.59029e-06;0.993654;3.55227e-07;3.0867e-06;7.90399e-07;1.50898e-06;0.000152917;0.00367268;0.00135765;3.91993e-07;0.000986087;1.85767e-06;0.000154216;1.20038e-05
