3.80332e-06;0.999069;5.09379e-06;5.56519e-06;1.5526e-06;1.81101e-07;4.54652e-07;0.000143152;7.0431e-08;3.16907e-07;9.84265e-08;0.000702367;6.78883e-05;7.16987e-07
5.0441e-05;0.961965;2.4323e-08;4.02122e-06;0.000221853;2.32044e-06;1.39632e-05;0.00474039;5.11231e-07;1.35215e-06;4.96517e-06;0.0112979;0.0185763;0.00312133
0.000192524;0.750911;1.08928e-07;6.79587e-06;0.00116286;0.000712275;9.60319e-05;0.051456;1.27698e-05;2.10683e-05;3.96136e-06;0.0534832;0.04481;0.097131
2.02789e-05;0.0048078;7.45384e-05;1.92777e-06;1.57747e-05;0.000133518;7.69192e-06;5.22284e-05;1.04257e-06;1.55945e-07;2.8659e-06;0.964626;0.000252422;0.0300036
6.57343e-07;0.990306;6.22969e-11;4.17697e-08;2.76302e-07;5.58986e-07;0.000414625;0.00163175;1.23838e-07;8.24805e-06;8.17942e-09;1.32894e-10;4.44872e-05;0.00759294
3.60078e-10;2.67314e-10;1;1.11397e-09;7.91667e-10;3.24614e-09;2.3705e-09;8.45021e-11;1.54396e-10;7.9124e-10;4.10603e-10;1.98397e-07;7.84611e-13;3.70043e-10
3.66572e-05;0.996507;0.00015715;5.49552e-06;1.52568e-07;4.36006e-08;3.54762e-06;0.00102052;2.65301e-05;2.09227e-07;0.00023792;0.000621501;0.00138305;6.96901e-07
4.97724e-07;0.990323;9.73325e-10;3.01578e-06;0.000326908;3.53823e-08;2.08133e-07;0.00527853;1.9023e-06;5.0919e-06;2.79438e-06;0.00353387;1.57919e-05;0.000508041
5.71126e-06;0.00307859;0.00430886;0.000111304;0.000791681;0.00311682;2.47608e-07;3.73751e-05;2.3681e-07;3.80694e-05;7.12912e-06;0.979353;7.83376e-05;0.00907306
2.38711e-05;0.000180328;1.36688e-09;7.53732e-08;3.21699e-07;5.94491e-07;3.5234e-07;0.985116;1.73822e-05;1.12499e-08;2.83917e-05;3.66577e-06;0.0146287;9.89039e-08
4.11924e-06;0.000904957;5.1008e-07;2.67162e-06;2.60284e-07;1.93782e-07;8.76857e-08;6.02395e-06;5.43808e-06;4.02898e-07;7.02503e-06;0.998834;0.000178536;5.54292e-05
2.05435e-07;0.00329938;2.36609e-10;1.62398e-08;3.9446e-05;1.75216e-08;5.69082e-08;0.996658;2.68468e-08;1.33228e-07;3.61133e-09;6.20466e-08;2.31752e-06;4.57667e-07
6.45036e-07;0.00113019;0.984324;9.48948e-06;7.86677e-06;0.000140468;3.69573e-08;4.20271e-06;7.10896e-09;3.31695e-06;3.14246e-07;0.00809515;0.00627864;5.81927e-06
1.40292e-05;0.998288;1.47218e-08;7.29779e-08;8.55049e-07;6.46811e-07;0.000270186;0.00137066;6.79503e-07;6.10049e-06;4.89011e-06;4.61677e-06;7.13332e-06;3.17102e-05
3.11401e-08;2.44428e-07;0.999992;7.16019e-09;7.15418e-08;1.30694e-08;2.35791e-07;1.14933e-07;1.29476e-08;9.03599e-09;6.41842e-09;7.03182e-06;3.35045e-10;1.15531e-09
1.39152e-06;0.999707;1.78429e-07;2.0044e-08;6.55041e-09;1.00606e-08;3.1784e-06;1.16375e-05;3.17257e-07;1.37854e-08;1.93059e-07;0.000174917;0.00010102;7.41058e-08
5.72792e-06;0.831951;9.34028e-05;3.56402e-05;0.000103581;0.000557004;0.00829022;0.0842513;6.23044e-05;0.00033842;0.000103518;0.000876359;0.0029322;0.070399
6.05947e-10;9.51679e-09;1;1.3783e-08;4.95169e-10;2.83275e-09;9.07063e-09;6.75293e-08;9.22269e-10;5.56914e-10;1.16108e-08;4.3264e-07;8.64858e-10;2.5616e-11
8.50548e-06;0.00710511;0.975315;1.85594e-05;1.44837e-06;2.85376e-05;1.84289e-05;0.00368844;3.2659e-06;3.00175e-06;1.2798e-05;0.012589;0.000222779;0.000984891
5.06547e-06;0.039939;5.87146e-05;0.000217031;0.0186089;0.0443329;2.41547e-06;7.33214e-05;3.78581e-05;2.74314e-06;0.000381884;0.00435849;0.00598618;0.885996
6.4498e-05;0.0306549;5.13165e-05;9.06274e-06;6.84067e-05;2.13301e-05;3.79291e-07;0.0228122;2.41901e-06;7.15464e-08;1.39666e-05;0.927176;0.0185779;0.000547192
0.000495653;0.0768612;0.0008057;0.000142415;0.0407692;0.00187542;1.40618e-05;0.853675;0.000198253;4.06645e-06;0.000600468;0.000575918;0.0213372;0.00264599
5.64886e-06;0.0617683;1.0536e-05;4.32849e-07;0.00280071;0.000145923;1.43562e-06;0.93219;3.97898e-08;1.00242e-05;6.03641e-08;2.06956e-07;0.0027426;0.000324458
3.76972e-10;5.15158e-10;1;2.02291e-10;2.63934e-09;2.36842e-10;3.36497e-11;3.63564e-10;1.02098e-11;3.90933e-11;9.46035e-11;3.67377e-07;8.1399e-12;2.87507e-11
1.12093e-05;0.00103868;0.98905;7.66302e-06;4.25362e-06;1.07968e-05;9.80743e-06;0.000619628;2.50174e-06;4.90535e-06;3.12038e-06;0.00893564;1.32174e-05;0.000288184
5.42405e-05;0.504696;1.19703e-05;0.000179826;0.0143257;0.0528981;2.16769e-05;0.000746062;0.000468876;9.97205e-06;0.00231138;0.00705508;0.0293863;0.387834
2.89726e-05;0.00272217;7.84423e-06;1.91508e-06;0.00018399;4.00944e-06;5.98237e-08;0.00409269;2.83049e-07;9.52831e-08;2.27255e-07;0.977902;0.0147827;0.000273455
0.00154864;0.301177;6.1159e-05;0.000873253;0.0201735;0.001654;0.000266605;0.480173;0.120992;2.05626e-05;0.00690968;0.00156506;0.0643094;0.000275554
2.33721e-07;0.999476;3.98199e-07;8.02303e-08;2.11611e-07;5.42819e-08;5.78297e-08;0.000513893;5.35954e-10;1.26449e-07;8.66588e-11;1.68734e-08;7.53576e-06;1.74468e-06
2.2224e-09;3.75648e-07;0.999999;2.04587e-09;4.66397e-10;4.37014e-11;6.09583e-10;3.96143e-07;1.02489e-10;1.64072e-10;9.26346e-11;2.7498e-07;1.32868e-08;3.71444e-11
1.72669e-07;4.49597e-05;0.0188936;1.25326e-06;2.88867e-05;2.27163e-07;1.2842e-08;0.000614668;1.61645e-07;5.89461e-08;6.93511e-08;0.973448;6.86798e-07;0.00696746
1.63325e-06;0.00536715;4.6664e-08;2.19256e-06;0.00326437;0.000116165;1.62629e-06;0.989744;2.25748e-05;2.63498e-06;7.33867e-06;2.58527e-06;0.00139054;7.73819e-05
5.2961e-06;0.0179408;0.650638;4.70544e-05;0.00844788;0.00171113;1.88766e-08;0.000271268;1.26766e-08;1.59987e-07;2.52315e-07;0.312181;0.000958015;0.00779929
2.41666e-07;0.918373;2.62946e-08;7.26515e-07;2.71137e-05;3.93381e-05;1.16051e-07;0.0072299;8.12664e-07;2.09758e-09;2.15335e-07;9.48908e-06;0.0741603;0.000159173
9.37784e-08;0.031978;2.85663e-09;1.02304e-07;2.4352e-05;0.000106984;5.27345e-09;0.965432;1.11055e-09;4.36023e-07;1.73474e-09;2.03399e-08;0.00240019;5.78885e-05
5.49124e-11;2.103e-11;1;1.17947e-10;1.92338e-10;7.04834e-12;6.0428e-12;8.08831e-09;5.38628e-13;6.90182e-12;5.27105e-12;5.91517e-09;9.97195e-12;4.19035e-12
2.3647e-05;7.39847e-05;0.030747;4.79827e-05;0.000302893;8.55448e-06;8.85748e-07;0.00268465;8.24988e-05;1.03353e-06;7.93196e-06;0.937305;2.40988e-06;0.0287118
2.52854e-05;0.0159853;8.05649e-08;1.91616e-07;0.00101675;2.09504e-05;4.48229e-06;0.982415;5.48868e-05;1.93719e-06;4.35111e-06;2.74898e-07;0.000464459;6.33085e-06
1.89339e-05;0.000143066;0.695504;9.33768e-07;0.039818;0.000182499;1.07236e-09;3.853e-05;7.23545e-08;9.31635e-08;1.608e-08;0.264119;7.40516e-05;0.000100874
2.99385e-06;0.0377677;3.87042e-09;7.80661e-08;7.6444e-05;1.03878e-05;1.23207e-07;0.958874;0.000291487;9.47697e-09;2.72353e-07;1.22682e-07;0.00297443;2.4263e-06
5.40221e-07;0.999343;7.50844e-05;6.97477e-07;4.21425e-07;2.98092e-07;4.88909e-07;0.000568675;4.89284e-09;1.96341e-06;7.32206e-10;4.18444e-08;4.64034e-06;4.4826e-06
5.7494e-10;3.8024e-08;1;1.03385e-09;1.9049e-10;7.61928e-11;2.09832e-09;4.73775e-08;2.42799e-10;2.11496e-10;2.8464e-10;4.8991e-07;2.24552e-10;1.26448e-11
4.92202e-07;2.04531e-05;0.015749;2.19354e-06;6.95902e-06;2.80723e-05;7.55541e-08;0.000258051;1.98553e-06;3.91526e-07;1.78634e-06;0.982482;6.10745e-06;0.00144282
7.08912e-07;0.999072;3.97636e-07;2.90541e-08;2.84507e-06;0.000156444;5.62014e-07;6.57936e-06;2.29698e-08;9.76333e-08;1.12075e-07;5.63217e-07;0.000703565;5.61962e-05
5.57683e-07;0.000291018;1.75239e-06;1.50373e-06;0.000508964;0.00149106;6.82523e-09;0.000668601;2.73241e-06;7.13874e-08;8.2369e-07;0.975891;0.000185815;0.0209557
1.17747e-05;0.577576;1.88332e-07;2.78802e-06;0.000313698;9.84285e-05;2.03914e-07;0.204387;1.22403e-05;1.48401e-07;4.472e-07;9.15646e-05;0.217499;6.49616e-06
1.45016e-07;0.00263153;1.68228e-07;2.06307e-09;2.37449e-05;8.55603e-07;7.90298e-09;0.997272;5.08035e-09;5.8844e-08;1.09795e-10;3.73859e-09;7.10786e-05;5.05827e-07
3.59616e-11;5.01853e-11;1;2.1506e-11;2.23853e-11;4.75608e-12;1.04704e-11;4.26852e-10;1.06125e-12;5.66483e-12;5.01038e-12;4.02227e-08;9.39572e-12;3.28455e-13
1.74791e-06;2.28293e-05;0.0127003;1.54911e-06;3.40588e-06;1.65819e-06;1.19198e-07;0.0012121;5.7366e-06;2.49739e-07;2.72248e-06;0.985937;5.47758e-06;0.000105322
1.05644e-06;0.99841;5.12121e-07;2.13027e-08;2.39874e-06;3.37294e-05;3.52118e-07;4.70655e-06;2.6758e-08;5.46756e-08;7.7397e-08;2.0026e-06;0.00153573;9.61764e-06
1.56046e-07;8.5779e-05;4.48181e-07;3.92456e-07;0.000441127;0.000148095;9.77631e-10;0.000358208;3.67608e-07;4.47308e-08;7.42138e-08;0.9868;9.46546e-06;0.0121559
1.36078e-05;0.163099;2.67493e-08;4.77635e-06;0.000459398;0.000498761;4.23201e-07;0.0388468;0.000135655;4.61824e-07;1.60518e-06;3.33398e-05;0.796888;1.74301e-05
7.66541e-06;0.969162;0.0134425;4.03828e-06;9.78275e-06;9.97357e-06;1.50915e-06;0.0172044;1.23311e-07;7.68279e-06;7.23238e-10;4.79562e-06;0.000101898;4.41827e-05
2.11554e-09;7.79887e-09;0.999999;2.44333e-09;4.79771e-10;1.1957e-09;4.81181e-10;4.13136e-07;6.16921e-10;4.11154e-10;4.59704e-10;1.01118e-07;9.57263e-09;1.58024e-11
1.99097e-07;0.000155337;0.000219582;4.04031e-07;6.31317e-07;3.1515e-07;3.90759e-09;0.000507018;2.93387e-07;3.31035e-08;1.79388e-07;0.999069;3.85773e-06;4.34819e-05
3.27826e-06;0.67192;5.92807e-07;3.22798e-07;3.73794e-06;0.000364998;3.76827e-06;4.55195e-05;3.25795e-07;5.27552e-07;9.05962e-07;3.05936e-06;0.32735;0.000303396
0.000146217;0.0405537;5.94763e-05;1.56585e-05;0.00481071;0.0185533;1.2431e-06;0.0446092;6.60196e-06;7.55353e-07;6.96335e-07;0.711941;0.00914553;0.170155
5.01387e-07;0.974442;5.31774e-06;1.2683e-06;0.000438105;7.21419e-05;4.29634e-08;0.017013;7.95855e-07;1.44079e-08;2.31227e-08;7.43606e-05;0.00777701;0.000175383
1.26568e-07;0.0483875;5.96168e-08;3.96977e-08;8.05998e-05;2.25422e-05;1.76451e-07;0.949623;4.60602e-09;5.98361e-07;1.01024e-09;4.83288e-08;0.00187769;7.95364e-06
4.50956e-11;3.70899e-11;1;1.18643e-10;4.6306e-11;4.29284e-11;4.31747e-11;4.69496e-10;1.91986e-12;3.4938e-11;9.17863e-12;3.30901e-08;7.74394e-12;7.9186e-13
5.78289e-07;9.33144e-05;8.5106e-05;5.14509e-07;7.62153e-07;2.94465e-07;3.76061e-08;0.000160484;4.26604e-06;5.73194e-08;8.06892e-07;0.999551;4.84366e-07;0.000102622
4.26377e-05;0.557477;7.53979e-07;2.18686e-07;4.72447e-05;0.00181015;1.71438e-05;0.000378378;5.75304e-06;1.67556e-06;8.31999e-06;1.97016e-06;0.439206;0.00100277
9.93867e-05;0.00249618;0.000542725;1.06573e-06;0.00265306;0.0010633;3.66021e-07;0.00154517;1.73273e-06;1.57067e-07;7.00945e-08;0.986389;0.00343233;0.00177554
1.48863e-06;0.607257;1.16708e-07;1.0865e-06;0.00159388;0.000145995;2.98018e-07;0.379197;1.16858e-05;3.78338e-08;8.82536e-08;1.00495e-05;0.0116079;0.000173518
1.11831e-06;0.988035;0.00133206;6.12179e-06;9.92098e-06;4.83852e-06;1.16014e-06;0.010523;7.06761e-09;6.46117e-06;1.09683e-09;8.90291e-07;6.49394e-05;1.45356e-05
1.98908e-09;1.73059e-08;0.999999;1.89841e-09;1.14817e-09;2.43412e-10;1.53141e-09;2.27274e-07;3.06721e-10;1.06824e-09;5.74357e-10;5.07857e-07;9.87694e-10;1.64052e-11
1.22516e-07;6.71042e-06;0.954797;1.78063e-07;4.62738e-07;1.95459e-07;4.7041e-08;1.0294e-05;2.28266e-08;6.18324e-08;4.47904e-08;0.0451692;3.7284e-07;1.57196e-05
4.84875e-06;0.00054087;0.000130295;2.87243e-07;0.00452729;0.0651272;7.8909e-07;0.000127909;2.25356e-07;4.26915e-07;9.88908e-07;3.99938e-06;0.000285741;0.929249
2.84613e-05;0.0974919;6.00572e-06;2.21169e-05;0.0121045;0.00300145;6.4829e-08;0.0570032;3.91196e-05;8.1317e-07;2.98254e-06;0.142409;0.435807;0.252084
6.87309e-07;0.00759643;3.26275e-07;2.34107e-08;0.000908288;5.53807e-05;1.14939e-08;0.991348;1.82561e-08;1.54196e-07;7.27176e-10;4.94711e-08;8.53292e-05;5.10725e-06
3.39559e-10;1.57446e-10;1;3.20667e-11;7.26347e-10;2.37058e-11;3.76759e-12;5.08966e-09;1.42129e-12;1.57743e-11;3.04335e-12;1.06631e-08;5.97477e-11;5.19222e-12
3.37369e-07;5.05442e-06;0.977129;8.03214e-08;8.66655e-08;8.31006e-08;1.4078e-08;5.86168e-06;2.75505e-08;3.09257e-08;1.42184e-08;0.0228559;7.72263e-07;2.83665e-06
5.04551e-05;0.0248726;0.00226135;4.14798e-06;0.0415548;0.0972952;8.37608e-06;0.0209504;5.9516e-07;9.76561e-06;1.48699e-06;0.000149974;0.00587375;0.806967
4.64015e-06;0.00587574;1.08472e-07;5.69944e-05;0.0146093;0.0139599;4.693e-08;0.0226959;3.77246e-05;2.74375e-06;5.87708e-06;0.028044;0.0317884;0.882919
0.000132864;0.971726;0.0226155;9.10023e-05;0.000868334;0.000752169;6.14146e-06;0.00280027;3.71971e-07;4.88026e-05;4.06771e-08;3.26435e-05;0.000174634;0.000751402
4.86735e-07;1.72485e-07;0.999978;4.76606e-08;4.35679e-07;3.52099e-08;6.50127e-09;1.94775e-05;4.32209e-08;7.03942e-09;1.17017e-08;1.15394e-06;3.33648e-07;3.57355e-10
1.51695e-05;0.0105735;0.000353042;1.92109e-05;0.000124318;1.8127e-05;5.04385e-08;0.032305;1.1332e-05;3.579e-07;1.2936e-06;0.955556;0.00099013;3.23971e-05
1.23857e-05;0.0723719;3.34361e-05;1.19886e-05;0.0120896;0.00419602;4.63572e-08;0.766124;2.41101e-06;1.92275e-06;9.22919e-07;0.00707143;0.137529;0.000554579
0.000357511;0.263435;6.12345e-06;0.00683101;0.0234495;0.0202087;0.000138456;0.0557774;0.00249839;0.00047054;0.00421251;0.340924;0.255114;0.0265761
0.000276594;0.847355;0.140165;0.000470164;0.000176349;7.57515e-06;1.95602e-06;0.00121286;3.20106e-06;2.45939e-06;2.29199e-06;0.0102036;7.88965e-05;4.37421e-05
1.53428e-05;0.287267;2.78164e-07;3.29219e-06;1.94543e-06;2.80616e-06;1.41875e-06;0.69708;2.52378e-05;1.9667e-07;1.10858e-05;7.14872e-05;0.0155167;3.40547e-06
0.000159504;0.0810593;0.000221176;0.00254012;0.0292509;0.0234397;2.64982e-06;0.507813;2.40589e-05;0.000200779;1.03739e-05;0.25618;0.0928811;0.00621725
6.30832e-07;0.999057;1.74557e-09;1.90799e-07;4.85049e-08;2.74851e-08;0.000110954;4.73682e-06;1.65493e-08;3.48245e-05;4.1469e-08;1.07743e-07;2.12061e-06;0.000789453
8.96801e-11;1.48934e-10;1;2.4463e-10;1.28018e-10;3.08364e-11;1.79809e-09;7.43607e-10;2.26218e-11;3.91096e-11;5.01306e-10;1.12533e-07;2.05942e-12;1.19062e-13
0.0001005;0.00248964;2.00563e-05;0.00256614;0.000276344;0.000510814;0.00364102;0.223688;0.39997;7.04513e-05;0.348467;0.0135722;0.00397591;0.00065157
0.000168643;0.85441;5.79731e-06;0.000664276;1.27388e-05;2.91165e-05;0.000557609;0.00185668;0.00288981;1.7091e-05;0.0709767;0.00109469;0.0670837;0.000233688
4.31565e-05;0.862766;2.7179e-07;6.93433e-07;1.71856e-06;1.72962e-07;1.35596e-06;0.12498;3.37546e-06;9.04621e-07;9.13438e-06;9.95707e-06;0.0121626;2.10923e-05
9.57787e-09;2.81887e-05;1.37562e-07;9.09679e-08;4.02135e-07;4.84802e-09;5.04532e-09;3.46506e-07;7.86506e-08;3.01193e-09;2.59854e-07;0.999967;1.16595e-07;3.69708e-06
1.20646e-05;0.637017;1.26585e-06;1.34925e-06;8.51814e-07;4.59572e-07;4.33522e-06;0.000986338;2.35249e-06;1.14172e-07;4.34722e-06;0.000172276;0.361796;1.14876e-06
0.000197864;0.0820582;4.40078e-05;4.37511e-06;0.000187514;8.61262e-05;5.44154e-07;0.576642;2.97827e-05;1.41979e-06;4.58773e-06;0.270596;0.0693534;0.000794129
0.000181723;0.0342163;7.15866e-05;0.000255272;0.138501;0.00872017;4.44011e-06;0.103048;0.000104372;1.05026e-05;9.76109e-05;0.017037;0.00390649;0.693845
0.00460771;0.484247;7.51653e-05;0.000281216;0.00186822;0.000173299;0.000141001;0.0521439;0.00284877;5.95907e-05;0.00267158;0.0380505;0.409611;0.00322108
0.000175173;0.0342097;1.79569e-05;3.25901e-06;0.00262521;0.000494412;5.32049e-07;0.912103;5.05368e-05;1.4456e-06;5.75444e-06;0.0176977;0.0087559;0.0238597
0.000661236;0.0322681;5.82348e-07;5.4238e-05;0.00189001;7.05441e-05;2.05215e-06;0.721009;0.00045973;2.77821e-06;0.000436311;0.187922;0.0546558;0.000568006
0.000298428;0.676549;1.37085e-06;7.34598e-06;0.000456635;5.04107e-06;1.54907e-06;0.313346;5.35592e-06;2.03137e-06;5.60734e-07;0.000286148;0.00418873;0.00485172
3.59986e-06;0.00323469;1.84195e-08;1.33809e-06;8.81739e-07;4.32849e-07;1.34647e-06;0.0143209;1.75216e-05;2.92097e-07;2.49287e-05;4.09431e-06;0.98239;2.02168e-07
0.000150127;0.947146;0.0160942;0.0089782;9.51517e-06;9.57502e-05;0.000612809;0.00105601;0.000289775;0.000184446;0.00028062;0.0237831;0.000102708;0.00121687
3.41294e-05;0.742271;2.46142e-09;0.00038126;2.39557e-05;1.02387e-05;1.70847e-05;0.117587;0.000128534;1.34771e-05;0.00347085;0.000632648;0.135374;5.65931e-05
2.51326e-05;0.62474;1.36317e-07;1.17227e-05;0.000110418;4.60044e-06;0.000206963;0.000464339;3.71577e-07;0.000151138;1.47752e-05;1.20974e-06;6.52008e-06;0.374263
4.05698e-10;3.09669e-10;0.999999;1.11373e-09;3.80334e-09;1.41705e-11;1.2858e-10;2.48614e-08;2.79834e-11;2.6577e-11;4.53044e-09;6.75452e-07;1.33503e-11;1.58624e-11
2.22663e-06;0.814771;4.83661e-08;0.000171436;1.64835e-06;3.74048e-06;0.0656023;7.27635e-05;4.17154e-05;0.000561975;0.00667697;3.35346e-05;0.000265968;0.111794
1.03941e-05;0.00260171;6.27772e-05;6.1714e-05;6.90773e-08;2.60973e-06;0.148339;0.000121209;0.00223838;1.54237e-06;0.844909;3.98523e-06;0.00164649;1.67413e-07
1.04023e-05;0.629698;2.38989e-07;2.12975e-05;3.39286e-05;0.000197276;3.16711e-07;0.35731;1.58672e-06;6.63993e-06;5.09077e-06;0.00163378;0.00384011;0.00724168
1.78042e-06;0.00097686;6.18228e-09;7.57079e-07;6.7512e-07;1.21647e-07;1.12133e-07;0.00736287;3.58982e-06;4.58179e-08;7.71637e-06;5.34919e-05;0.991592;7.34972e-08
0.000105331;0.997679;7.72795e-06;0.000806205;7.3799e-06;1.35517e-06;5.90283e-06;0.000469178;6.7492e-05;3.16881e-06;3.43899e-05;0.000456612;0.000323283;3.30668e-05
3.82426e-05;0.961197;2.69769e-08;6.81746e-07;5.66345e-07;2.52272e-07;4.38134e-06;0.0345722;3.00882e-06;1.16442e-06;7.30149e-06;6.36979e-06;0.00400032;0.000168257
6.39167e-08;7.13645e-05;1.3262e-06;3.05294e-06;5.00407e-06;1.29533e-06;8.15096e-08;1.0755e-05;2.12862e-06;5.16635e-08;3.57491e-05;0.999808;1.49889e-06;5.97635e-05
1.86366e-06;0.98243;5.54274e-09;1.01578e-05;1.70477e-06;1.13086e-07;2.60095e-07;0.00819737;1.94706e-06;1.75408e-07;1.07064e-05;2.3237e-05;0.00929931;2.32426e-05
3.33983e-05;0.000613548;3.87131e-07;1.05337e-06;1.56358e-05;4.08352e-08;2.59394e-08;3.65548e-05;9.50685e-05;5.2403e-07;7.39397e-05;0.998357;0.000713508;5.94188e-05
5.13962e-05;0.988802;3.30276e-05;4.69053e-06;0.00419325;1.68834e-05;5.15935e-08;0.000110894;3.13052e-07;3.64038e-06;1.10553e-06;5.51921e-05;0.00642472;0.000303288
7.15644e-05;0.0309687;4.94209e-06;2.21392e-07;1.47725e-05;1.06926e-05;3.87527e-08;0.0446243;3.20522e-05;7.36494e-08;5.10933e-06;0.882201;0.0419634;0.000102643
3.20165e-06;0.000896542;1.99759e-10;2.63386e-06;8.74596e-05;0.0035679;1.42891e-07;0.000164233;4.03198e-05;4.21136e-07;8.38606e-05;0.000830881;0.993297;0.00102561
0.00126448;0.00597502;0.00011821;0.000103723;9.11662e-05;0.000112861;4.06829e-06;0.00260944;0.00304768;1.19274e-05;0.000743426;0.958203;0.0274478;0.000267044
4.22647e-05;0.00913452;3.55804e-08;7.38405e-07;0.000300946;1.58026e-05;7.09662e-08;0.984316;7.3685e-05;1.66372e-07;3.59092e-05;0.00411221;0.00181278;0.000154466
6.57231e-06;0.98893;2.07171e-07;1.89529e-07;4.49849e-06;6.22445e-06;0.000143914;3.73154e-05;4.89403e-08;0.000432907;4.88972e-08;3.33422e-06;5.3907e-05;0.0103807
1.98992e-08;1.03093e-09;0.999949;1.50072e-09;1.56671e-07;7.12815e-09;6.75517e-08;1.49646e-08;2.84059e-08;2.09943e-08;3.35707e-08;5.03072e-05;2.48067e-12;7.64402e-10
1.24055e-05;0.796972;1.21659e-07;6.86133e-08;1.35799e-07;1.87389e-07;3.92277e-05;1.08524e-05;2.68139e-05;5.59944e-08;3.44791e-06;9.1824e-06;0.202926;3.40482e-08
1.99661e-05;0.0368822;0.000161772;2.60062e-05;6.74021e-05;0.000108957;6.54742e-06;0.00180331;0.000123249;3.35563e-06;3.86491e-05;0.952494;0.000794917;0.00746937
8.85783e-05;0.896284;0.000298462;0.000223366;0.00250566;8.14096e-05;1.03246e-05;0.087127;0.000214425;8.77796e-06;9.7279e-05;0.00169248;0.00849841;0.00287032
5.03229e-06;0.921014;2.08613e-07;8.14293e-06;1.88003e-05;1.37611e-05;5.274e-07;0.0730811;5.37513e-06;1.09023e-05;2.77833e-07;6.501e-05;0.00463039;0.00114643
1.98863e-09;5.96693e-09;0.999999;4.09547e-09;6.00109e-10;4.78261e-09;5.59889e-11;5.73827e-09;1.0767e-09;9.36816e-11;2.77656e-09;1.49077e-06;2.41364e-09;1.75259e-10
6.73247e-06;0.000470581;0.991781;1.33094e-05;1.42896e-06;4.31624e-07;2.91375e-07;0.0059714;5.50521e-06;1.04965e-07;8.69729e-06;0.00169268;3.33155e-05;1.47513e-05
3.28779e-07;0.00286756;3.05985e-05;1.14185e-06;1.73458e-05;0.000206362;4.9226e-09;0.000251973;1.15002e-08;3.36461e-07;9.27331e-08;0.000107066;1.75594e-06;0.996515
8.50166e-05;0.0736019;5.05768e-07;8.41459e-05;2.10563e-05;0.000143685;7.45238e-06;0.106269;6.90003e-05;8.43527e-07;0.00125792;0.00105556;0.817398;5.48932e-06
6.10272e-06;0.995299;2.90267e-09;3.84724e-05;1.47596e-06;5.26032e-06;4.59024e-07;0.00234134;1.76497e-06;2.99585e-06;3.03275e-06;7.32164e-05;0.00144315;0.000783375
5.327e-07;0.0013399;1.3592e-07;1.55584e-06;1.00069e-08;8.05082e-07;1.3785e-05;5.0174e-07;7.52748e-08;9.05125e-07;7.83041e-06;1.40038e-05;0.998619;9.10652e-07
9.56432e-07;0.000852946;0.996547;1.34259e-05;3.65497e-06;5.17771e-07;1.96501e-07;4.32984e-05;1.17448e-08;2.79903e-07;4.47042e-06;0.0023318;1.68128e-06;0.000199918
7.38029e-07;0.960573;1.28041e-08;6.45673e-06;0.000473703;6.45588e-08;7.18466e-07;0.00759087;3.68282e-08;3.41824e-07;3.03899e-06;4.08428e-05;4.42731e-06;0.0313058
7.8961e-07;1.07669e-05;3.73125e-10;1.79354e-07;3.11481e-05;2.54002e-07;2.71951e-08;0.999847;1.21508e-06;4.13391e-08;8.64359e-07;1.44418e-05;9.30851e-05;2.23708e-07
3.81126e-05;0.996401;5.19952e-07;1.47896e-05;2.37411e-05;1.38956e-05;3.84551e-05;0.000270594;2.44821e-06;1.99847e-06;3.30689e-05;0.00246903;0.000314826;0.000377483
1.00924e-05;0.00170479;6.3212e-09;1.53303e-06;6.93177e-06;6.7507e-07;4.39758e-08;0.00294464;1.45124e-06;1.1719e-08;3.99079e-05;0.000842106;0.994446;1.45437e-06
9.37727e-05;0.0121179;6.94063e-06;4.10554e-06;1.47499e-05;0.00020455;2.39009e-05;0.0122764;9.57343e-06;9.0338e-05;7.37524e-06;0.000312565;0.974406;0.000431813
4.58861e-09;2.58943e-09;0.999999;1.84349e-08;7.29214e-09;7.58448e-08;1.42476e-08;2.37023e-08;1.29201e-08;4.30652e-09;2.42897e-08;4.35386e-07;9.55621e-09;8.66828e-11
7.90825e-08;5.06177e-05;0.985511;3.93354e-06;4.35143e-07;1.73693e-07;1.44859e-08;4.64723e-05;2.93962e-07;1.02701e-07;3.05549e-06;0.0143816;2.14625e-07;1.70038e-06
7.26322e-09;0.00101888;4.13331e-10;1.32032e-07;4.26323e-06;0.000144879;3.80324e-07;4.4586e-08;3.83724e-10;3.33586e-06;3.39814e-08;1.4766e-10;3.2036e-08;0.998828
1.184e-11;1.86873e-09;0.999992;1.09378e-09;2.81137e-09;4.21914e-09;2.46991e-12;4.33547e-12;8.20685e-15;5.93211e-13;8.49599e-12;7.63658e-06;1.62915e-11;1.24168e-10
5.28003e-07;0.000428386;4.58752e-06;1.33101e-06;0.00643085;4.72729e-05;2.3781e-10;0.992736;4.99873e-09;7.08377e-09;4.61292e-08;0.000142793;4.24887e-05;0.000165619
8.25329e-09;2.99808e-07;2.30677e-09;3.49058e-09;4.32414e-08;0.000200369;4.18923e-10;4.45951e-07;2.36481e-10;4.68148e-09;1.28293e-08;6.45744e-10;0.999799;2.44177e-09
1.07157e-08;1.49397e-06;0.999989;1.47585e-08;7.07557e-08;6.80238e-08;9.76511e-11;1.08766e-08;1.09391e-12;2.92853e-09;1.21283e-10;9.49253e-06;6.73286e-09;9.02951e-08
4.55651e-07;0.983296;1.10258e-05;9.5371e-06;4.56806e-05;5.25574e-05;2.2081e-06;0.00651914;2.31585e-06;6.53064e-07;6.24734e-05;2.56087e-05;0.00993263;3.96376e-05
