6.56358e-06;0.978562;2.4102e-07;1.83896e-06;7.98139e-07;9.73195e-06;0.000224749;0.0119649;2.45328e-06;8.22283e-05;5.70313e-07;1.17147e-06;0.00909226;5.00793e-05
5.79564e-10;4.4564e-10;0.999989;5.8896e-09;1.54163e-08;2.7964e-09;2.24628e-10;6.88242e-09;1.49667e-10;1.58986e-10;5.91635e-10;1.14199e-05;5.2819e-11;7.14281e-11
4.01625e-06;0.987586;4.44382e-09;4.67529e-06;1.11497e-05;2.11169e-08;3.32808e-06;0.0105519;9.74922e-06;1.10994e-07;6.11963e-05;0.000431155;0.00133591;5.00892e-07
5.87683e-07;0.995356;2.46949e-05;5.23537e-06;1.97262e-07;2.78131e-07;0.0034091;5.63954e-06;1.31072e-08;0.000611081;1.9443e-06;5.17181e-07;2.37e-06;0.000582115
2.92281e-10;3.33728e-11;1;1.64493e-10;8.11876e-10;1.30493e-10;7.24628e-09;1.89788e-09;2.79081e-10;2.64129e-11;1.98035e-09;1.56983e-07;5.79083e-14;1.45976e-11
4.03639e-06;0.990974;1.10711e-07;6.66716e-06;2.80165e-07;6.00912e-06;7.72836e-05;9.66494e-05;4.24676e-05;9.00666e-06;8.94759e-05;7.41514e-05;0.00860717;1.31929e-05
6.13141e-06;0.000124007;0.00791997;1.29839e-05;4.53522e-05;1.26549e-05;2.50972e-08;5.90131e-05;3.32161e-06;6.09763e-08;1.99926e-05;0.991729;6.36502e-05;4.03915e-06
0.000106539;0.00603047;1.80778e-08;3.69584e-05;7.68292e-06;1.06615e-05;1.50431e-05;0.955407;0.0220263;1.73433e-06;0.00780437;5.93514e-05;0.00848672;7.13256e-06
1.5064e-05;0.00287337;5.79423e-09;4.98728e-08;4.11477e-06;2.97526e-07;5.78188e-07;0.996737;1.38513e-06;5.25902e-07;1.62226e-06;4.3692e-06;0.000357582;4.43947e-06
5.05549e-06;0.000250924;5.35123e-06;0.00010834;0.951839;7.54912e-06;1.52081e-05;0.0192764;2.64838e-05;0.000148779;3.03921e-05;0.00133774;4.7736e-07;0.0269481
8.16605e-06;0.0328541;0.966697;0.000186629;1.51586e-06;3.7807e-07;2.98557e-06;9.65619e-07;1.23378e-05;6.87027e-07;8.05079e-05;9.58465e-05;5.62933e-05;3.08621e-06
9.22649e-07;0.929135;9.37808e-10;4.87655e-07;1.14437e-06;6.34297e-07;1.49917e-08;0.0682308;4.03517e-06;3.47689e-08;2.65005e-06;0.00223664;0.000110566;0.000277269
7.75058e-05;0.190187;5.33909e-09;0.000476043;7.64396e-05;0.00123093;4.45608e-06;0.00577321;0.000597721;5.04259e-06;0.00998253;0.017453;0.774069;6.67718e-05
0.00943672;0.00198249;0.000414557;0.000152011;0.00018517;7.55757e-05;9.86941e-07;0.160544;0.00157701;7.73377e-07;0.00515248;0.686838;0.133483;0.000156943
3.15079e-05;0.651412;3.86472e-06;0.000324318;3.2523e-05;2.01729e-06;2.50587e-05;0.00301573;0.0002552;2.22794e-05;0.000171169;0.334674;2.61467e-05;0.010004
9.91499e-08;0.000242717;9.33301e-11;9.02119e-08;1.76279e-05;1.07692e-08;6.96997e-09;0.999738;2.76964e-07;2.33087e-09;2.20546e-08;1.22693e-07;4.24457e-07;6.16609e-07
1.13466e-07;0.000144724;0.997794;4.4276e-06;3.27672e-06;1.46027e-08;3.05715e-10;7.18177e-08;3.5465e-09;1.02134e-08;3.49306e-08;0.00205118;1.20407e-07;1.74841e-06
2.52071e-05;0.0026549;6.7556e-08;0.000146319;1.09361e-07;5.95077e-08;0.000194268;7.71843e-06;0.160631;1.71237e-06;0.836257;3.03557e-06;7.74837e-05;1.53436e-06
0.000112917;0.000758023;1.49176e-07;1.84617e-06;1.33085e-05;4.33097e-06;1.4935e-07;0.00169761;0.000226794;1.95563e-06;2.72507e-05;0.000147666;0.997004;3.7046e-06
3.36968e-06;0.00356171;4.21483e-06;4.13523e-07;0.012703;1.65749e-05;4.00284e-07;0.983483;2.66768e-06;2.69848e-05;5.31189e-08;5.72896e-06;1.48938e-06;0.000190819
1.91696e-05;0.000177132;0.998479;3.91546e-05;0.000960799;5.71185e-05;9.27632e-09;0.000128419;1.01781e-06;3.52906e-06;1.83365e-06;7.03812e-05;8.98889e-07;6.17845e-05
0.000202435;0.022242;3.5973e-06;2.49286e-05;8.1356e-06;8.0808e-06;0.001564;0.00190066;0.480121;3.43606e-06;0.492996;2.78741e-05;0.000849438;4.85179e-05
