3.58948e-06;0.998886;0.00051784;8.24974e-06;7.20773e-07;9.24228e-08;2.41679e-07;0.000154683;4.5565e-08;4.26804e-07;2.70913e-07;0.000410136;1.73202e-05;6.78439e-07
1.42402e-06;6.91812e-05;0.998913;1.57545e-06;0.000111484;4.89079e-08;5.75014e-07;0.000266231;3.33818e-07;2.9897e-07;1.02072e-05;0.000615779;6.85131e-07;8.97382e-06
2.81148e-08;0.999934;4.16523e-08;2.27095e-07;5.57361e-07;1.04693e-07;3.51165e-06;7.6154e-07;5.36754e-09;3.0677e-06;2.08784e-07;3.1121e-07;3.37237e-07;5.63651e-05
0.000473345;0.0525452;0.000147117;1.26757e-05;2.09469e-06;1.25585e-06;0.721494;0.000682958;0.0441363;3.62648e-06;0.173366;0.000144445;0.00698794;3.23795e-06
4.48724e-05;0.864586;8.61892e-08;2.44971e-05;4.76814e-05;0.00103918;4.27801e-06;0.11768;6.76339e-05;1.34347e-05;7.33521e-06;6.38422e-05;0.0144563;0.00196545
1.62794e-06;0.00024464;1.10909e-09;1.03695e-08;1.93019e-08;3.9626e-08;3.13966e-09;0.00235629;4.19807e-07;9.48538e-10;1.76113e-07;4.36932e-05;0.997353;7.52786e-09
1.77243e-05;0.00684063;1.662e-06;7.58779e-07;1.26024e-06;8.47469e-07;5.39245e-08;0.00109754;2.1757e-06;2.60363e-07;4.0664e-07;0.989472;0.00246103;0.000103724
3.12625e-06;0.960928;1.288e-06;2.60591e-07;9.21859e-08;1.36478e-06;1.92303e-06;4.61246e-05;1.09694e-07;3.6078e-07;3.42902e-07;0.0138977;0.0251183;1.07887e-06
7.46298e-06;0.766855;9.79763e-06;0.000211104;0.000282371;0.000669692;0.0318173;0.0378802;4.7908e-05;0.0081176;0.00031848;9.22828e-05;4.6067e-05;0.153645
5.54687e-09;2.38194e-07;0.999995;1.48133e-07;1.81751e-09;1.58482e-08;1.85008e-06;7.30513e-07;5.30387e-09;2.92604e-08;6.55896e-07;9.99193e-07;3.08604e-09;3.12224e-10
6.6101e-05;0.209844;0.00232016;0.000585448;5.70613e-06;8.80938e-06;0.00600881;0.00435269;0.00139396;2.6971e-06;0.0462564;0.720309;0.00868471;0.000161966
6.81196e-05;0.428619;7.02835e-05;0.000309893;0.00125181;0.000681744;0.000106057;0.407969;0.000112471;7.85487e-05;0.00257105;0.00125107;0.1529;0.00401173
1.82076e-05;0.393428;0.000520026;9.40742e-05;8.07019e-06;0.000103427;1.42408e-05;0.000961554;1.47392e-06;2.20452e-05;1.29163e-05;0.595816;0.00219947;0.00680045
2.4087e-05;0.963057;2.48208e-07;1.78939e-05;2.76011e-06;1.59059e-05;0.0111246;0.00420349;0.000309768;0.000308197;0.000147602;5.09795e-08;0.00358785;0.0172009
9.35602e-10;2.38184e-11;1;1.93984e-10;1.57745e-10;1.13673e-10;6.67253e-09;2.49067e-11;1.00322e-09;3.05328e-10;1.05814e-09;1.3235e-08;9.81318e-14;1.10515e-11
0.000958555;0.136145;2.13055e-06;1.15119e-05;8.82957e-05;1.72822e-05;2.42115e-06;0.00779801;0.000429862;1.21061e-07;5.35782e-05;0.00240244;0.851929;0.000161994
8.18611e-05;0.0164698;2.44227e-05;0.000301882;0.546893;5.22029e-06;1.93411e-06;0.35917;0.000301364;2.53961e-05;0.000405712;0.00690484;0.000107967;0.0693062
5.7826e-06;0.0050304;0.0138249;4.80671e-05;0.00143663;8.05042e-07;1.29608e-07;9.25972e-07;5.9523e-07;5.32722e-06;9.61729e-06;0.00315538;1.2881e-06;0.97648
0.000351058;0.666714;1.90692e-06;2.53283e-06;0.000234731;0.000272858;1.86429e-05;0.169956;0.00032618;9.71941e-07;0.000228502;0.000739181;0.160199;0.000954263
8.69395e-07;0.000481193;2.14206e-08;3.8765e-08;1.24171e-07;1.62051e-06;3.27678e-09;0.032634;5.4052e-07;5.49837e-09;4.58006e-07;0.000223379;0.966657;5.08612e-07
1.44054e-06;0.00166824;1.60124e-06;2.23009e-05;9.06755e-07;1.22204e-06;1.02562e-08;0.000130375;6.31394e-06;7.59171e-07;8.77694e-06;0.997505;0.000545368;0.000107272
1.30251e-06;0.000884842;9.00516e-10;8.46707e-07;0.000174252;3.02901e-08;9.5164e-07;0.9989;1.39656e-06;4.86913e-07;6.19396e-06;2.11065e-06;2.67879e-05;8.65779e-07
4.95469e-06;0.0506165;0.94479;0.000135196;9.9411e-05;6.45262e-05;0.000225847;0.000585227;1.49568e-07;0.00249513;2.82009e-05;1.03703e-05;0.000647315;0.000297459
2.86307e-09;3.14505e-10;1;1.97642e-10;4.86361e-10;7.31495e-11;2.32985e-09;2.03881e-08;3.90432e-10;2.71608e-11;1.41359e-08;5.43879e-08;4.88029e-11;1.81938e-12
6.55101e-06;0.00257954;0.00252666;2.14891e-06;1.93986e-06;1.151e-06;1.30566e-06;5.31866e-05;0.000240133;3.78204e-07;0.000150137;0.993806;8.45898e-05;0.000546216
0.000267188;0.385162;4.61204e-07;7.05684e-06;0.00208854;0.000838746;3.42288e-06;0.0496517;0.000297792;2.55987e-06;6.77497e-05;0.000139539;0.559887;0.00158676
1.10538e-06;8.01481e-05;8.72934e-09;5.04048e-08;4.10702e-05;7.45786e-08;8.80205e-11;0.00105559;6.79422e-08;2.52048e-09;6.07107e-08;0.99882;6.8377e-07;9.65678e-07
7.82029e-06;0.0797352;4.08278e-09;3.37486e-08;5.544e-05;1.59342e-05;7.91413e-05;0.919577;9.09768e-08;1.75698e-06;3.81701e-09;4.08862e-10;0.000522926;4.21732e-06
2.05561e-09;2.79503e-09;0.999998;9.0069e-09;4.41472e-09;3.98597e-09;1.51118e-09;1.17496e-09;1.30523e-10;2.44294e-10;1.98637e-10;1.70211e-06;6.72516e-10;6.8297e-11
8.38854e-06;0.00643125;0.00148387;0.000272578;5.13036e-06;2.07428e-07;1.09195e-06;6.30387e-05;9.34516e-05;3.37558e-07;1.59192e-05;0.99065;1.17103e-05;0.000963154
1.29756e-06;0.913804;1.53011e-08;3.21055e-06;2.13452e-06;2.9449e-06;2.28186e-08;1.31399e-06;4.42897e-08;2.03505e-07;4.22411e-07;0.00171266;0.0843718;0.00010009
1.68029e-06;0.064805;2.99794e-06;4.90364e-07;0.00317443;5.16376e-06;1.81452e-09;0.727643;1.75565e-08;1.43951e-07;2.67527e-08;0.203707;0.000302757;0.000356718
8.07317e-09;1.98899e-06;1.01124e-07;8.91615e-08;3.30048e-07;0.0100377;7.10541e-09;4.60311e-07;6.85352e-09;1.07831e-07;4.8303e-08;1.14847e-09;0.989957;2.25534e-06
2.36113e-08;7.58923e-07;0.999997;6.02609e-08;2.65025e-07;1.93178e-07;7.12452e-11;8.67134e-07;2.91403e-11;4.69733e-09;2.68717e-11;1.20067e-07;2.41035e-09;2.1942e-07
9.03205e-06;0.543739;4.95876e-06;0.000122981;0.000122298;0.000456404;6.55724e-06;0.445596;0.00011199;3.60218e-06;3.39228e-05;4.07257e-05;0.00948267;0.000269744
