3.22418e-06;0.997736;4.74578e-10;2.15971e-08;1.22727e-09;5.21557e-09;2.46095e-07;1.07445e-06;1.52625e-07;5.82373e-09;2.35866e-07;7.45367e-05;0.002184;9.83218e-08
2.69203e-06;0.816058;2.27214e-09;2.98382e-06;6.60023e-06;4.49531e-06;0.00199911;3.26518e-05;8.86129e-07;0.00271094;1.32709e-07;7.09431e-06;4.70155e-06;0.17917
3.22967e-10;3.10622e-10;0.999991;5.26564e-09;6.81665e-10;1.64405e-09;5.71534e-09;2.95023e-10;2.71342e-10;5.35478e-10;3.93358e-09;8.90284e-06;7.5804e-14;5.36286e-10
1.55439e-07;4.29629e-05;7.0806e-11;3.42074e-10;3.36646e-08;2.07387e-10;1.25261e-09;0.999957;3.58716e-08;6.39917e-11;6.99151e-09;1.32979e-08;1.00174e-07;4.46535e-09
4.97209e-07;0.000218108;2.69826e-06;4.39326e-06;0.000555981;0.00148954;9.91979e-09;0.000152678;2.44435e-07;1.90437e-07;6.45708e-07;0.00824952;0.000138304;0.989187
2.64746e-06;0.0014398;1.56193e-07;1.28327e-06;1.25962e-05;7.95886e-07;6.94591e-09;0.0146393;6.44954e-07;1.17399e-08;2.15173e-05;0.000356173;0.983515;1.0424e-05
1.50922e-06;0.0213295;7.76844e-07;1.80047e-06;2.03257e-06;1.76881e-06;1.21677e-09;0.00161394;1.23061e-07;5.78449e-08;6.7779e-08;0.960739;0.0153779;0.000931522
2.34276e-07;0.00202617;1.26994e-08;1.741e-06;1.56103e-06;2.44886e-07;1.13287e-08;0.0056983;9.02452e-08;3.17213e-08;5.89234e-06;0.000329926;0.991934;1.4592e-06
7.83054e-06;0.0307269;1.93074e-05;2.03577e-05;6.06809e-06;9.21269e-05;5.7631e-05;0.0148556;8.77647e-07;0.00037117;2.07821e-05;0.000231463;0.952721;0.000868717
3.24823e-09;4.2762e-09;0.999999;1.09449e-07;1.71717e-09;1.07388e-08;3.97897e-08;1.98121e-08;2.31453e-09;2.25312e-09;3.49804e-07;7.90215e-07;4.53834e-10;1.95421e-10
5.74916e-06;0.0230979;0.0012679;0.000291627;3.34546e-06;4.315e-06;1.65425e-06;0.0238829;6.02312e-05;2.05808e-06;0.0049554;0.946224;6.37762e-05;0.000138766
1.16031e-05;0.0843921;0.000108303;8.53346e-05;3.25301e-05;0.000746618;1.59357e-06;2.23146e-05;2.42859e-06;1.31584e-05;0.000717836;0.0186918;0.895019;0.000155811
4.83416e-06;0.00683643;4.66946e-05;5.88041e-06;0.000615618;0.000112786;3.25679e-07;0.000838376;6.10412e-08;3.28858e-07;8.26485e-06;0.988876;0.00165646;0.000997533
4.56344e-06;0.000962621;0.0149441;3.7984e-06;0.0065893;0.000289067;3.69092e-07;0.955683;4.7019e-07;4.38102e-07;2.12615e-05;8.41253e-05;0.0212379;0.000179511
1.74228e-07;0.000200166;1.38494e-07;5.31905e-07;9.62223e-06;0.00236081;1.2099e-07;1.57435e-05;4.07917e-08;5.11035e-07;1.31488e-05;1.65401e-06;0.997394;3.59824e-06
2.68459e-05;0.00325365;0.99443;3.48954e-05;0.00020737;4.11502e-05;1.61181e-07;2.25287e-05;7.7626e-09;2.24134e-06;5.42577e-07;0.000981817;4.87202e-05;0.000950029
2.96659e-07;0.98054;1.27116e-09;1.30042e-06;4.35096e-06;1.91056e-06;2.77986e-07;0.000310842;1.31474e-06;3.06541e-08;1.26579e-05;1.05353e-05;0.0191068;9.93003e-06
5.04784e-06;0.999525;0.000120581;1.75087e-05;3.82797e-06;2.40612e-07;6.42459e-08;0.000219383;1.71151e-08;8.34341e-07;8.52017e-08;4.60458e-05;4.66203e-05;1.47534e-05
9.40647e-06;0.965614;7.9392e-07;6.70663e-06;6.92409e-06;1.92873e-06;6.15257e-07;0.0288461;2.13265e-06;1.03522e-06;3.22914e-06;0.00525466;0.000243766;8.62897e-06
0.000784702;0.0120131;1.11336e-07;1.52372e-05;0.00123342;0.00063021;0.0197047;0.921078;9.85809e-05;4.58555e-05;0.000501141;9.48008e-05;0.0436058;0.000193875
7.37779e-05;0.000563674;1.22345e-06;0.000123376;0.000336355;0.000138148;2.11136e-06;0.000242469;0.000803092;6.66979e-07;0.000985249;0.954759;0.000668865;0.0413016
1.37798e-06;0.997728;3.89405e-09;2.16636e-06;1.01329e-07;2.13328e-08;0.000728479;0.000193178;8.27463e-08;3.42895e-05;7.10551e-07;9.73875e-09;6.45867e-08;0.00131181
1.56932e-09;2.27764e-10;1;7.47288e-09;1.18294e-09;1.89601e-10;2.92318e-08;8.4932e-09;3.71528e-09;1.01374e-09;2.28279e-08;3.32332e-07;1.1284e-13;2.37944e-12
1.95657e-06;0.996647;6.04824e-08;1.65142e-06;4.39696e-09;1.01401e-08;3.59026e-07;3.57138e-08;7.18324e-08;7.32362e-08;8.028e-07;7.84673e-07;0.00334654;1.00703e-07
6.60527e-07;0.000220055;1.9488e-09;2.31613e-08;1.61197e-08;2.68569e-09;9.34572e-10;2.33319e-05;4.76108e-07;9.6225e-11;2.41754e-07;0.999752;2.33669e-06;1.32594e-06
2.60193e-06;0.110963;9.22632e-07;3.29782e-07;8.07353e-05;9.96459e-06;1.62036e-08;0.0227154;7.76307e-08;1.63675e-08;4.35722e-08;0.000248167;0.865944;3.47535e-05
6.96599e-09;5.43308e-06;1.54731e-08;1.31487e-08;4.87428e-09;2.26928e-05;7.04665e-09;7.33469e-08;5.71714e-09;1.64726e-08;4.54852e-09;7.38634e-08;0.999972;1.36337e-07
1.07837e-08;3.65084e-06;0.999992;9.23809e-08;6.23534e-09;2.17445e-08;6.62385e-10;8.41933e-09;2.21081e-11;9.31951e-09;6.40161e-11;3.74028e-06;9.87576e-09;8.55344e-07
1.32127e-06;0.9989;3.64718e-07;1.03621e-05;2.2462e-06;4.60418e-06;2.35691e-05;0.000550916;5.38131e-05;4.14681e-07;9.09363e-05;8.8502e-07;0.000263939;9.68693e-05
