7.78174e-08;7.08497e-07;7.10133e-13;1.69788e-10;2.38422e-09;2.47111e-11;2.40184e-09;0.999997;1.25135e-06;1.6845e-10;2.98657e-08;1.42872e-10;4.49781e-07;2.06545e-10
1.47734e-05;0.000254267;0.0002028;1.29954e-05;3.30061e-05;2.60361e-07;1.76032e-06;0.000627747;0.000193366;4.21516e-07;1.93944e-05;0.997796;1.3285e-06;0.000841416
8.51635e-07;0.998546;1.39105e-08;9.90132e-07;2.13334e-08;3.09e-07;2.9889e-05;0.000306321;2.63083e-06;2.56781e-06;4.0346e-07;4.74741e-08;0.00109709;1.27371e-05
1.38112e-11;1.18214e-10;1;1.81012e-10;1.56607e-10;2.61155e-11;2.29673e-12;5.77074e-10;8.76994e-13;2.46773e-12;3.30087e-12;4.57061e-08;1.29848e-12;5.60733e-12
1.23229e-06;0.979718;2.69729e-07;7.44805e-06;3.71196e-06;9.06774e-07;9.94109e-08;0.00642836;7.07608e-07;5.99822e-08;9.21359e-06;0.000384211;0.0134204;2.49781e-05
3.78793e-07;0.99701;1.94497e-07;1.6912e-05;3.02603e-06;1.90652e-05;7.89424e-07;0.00240483;1.61678e-06;1.66018e-06;6.21325e-05;4.40854e-06;0.000153944;0.000321613
9.13044e-06;3.86746e-05;0.000165279;0.00020587;0.430146;0.51043;8.47829e-07;0.00162341;1.37413e-05;6.75248e-05;0.00045374;0.00134872;0.000533585;0.0549629
7.62856e-05;0.872347;4.10543e-08;2.3826e-06;9.95026e-07;5.50306e-06;1.25228e-05;0.00110586;1.20475e-05;5.7684e-07;6.60241e-05;3.94479e-06;0.126365;1.75687e-06
0.000688463;0.346271;0.00108211;0.0170085;0.115124;0.000814971;7.73895e-06;0.511875;4.15356e-05;0.00012906;6.50661e-05;0.000430965;0.00218014;0.00428165
6.51553e-05;0.000233364;0.000762161;0.000224273;0.000105564;3.09644e-05;4.75637e-08;0.00166032;0.000306579;7.38812e-07;0.000331125;0.993568;7.1732e-07;0.00271082
0.119732;0.55883;0.000161173;0.000333502;0.00230165;0.0176238;7.03451e-05;0.0284878;0.130144;0.00011934;0.013135;0.0122755;0.00176423;0.115022
6.61702e-05;0.993206;2.62375e-08;5.17444e-07;4.75193e-06;1.48713e-06;8.01409e-06;0.000114871;7.03803e-07;3.47119e-05;9.62246e-09;1.78789e-05;1.9098e-06;0.00654328
2.04516e-09;4.45967e-11;1;7.73307e-11;6.38883e-08;1.36002e-10;9.8077e-12;7.3074e-08;5.32789e-10;2.15215e-11;5.46568e-11;2.11759e-07;1.62166e-13;4.62944e-11
1.67488e-07;7.72719e-05;1.1454e-09;1.79889e-08;8.22421e-06;6.41219e-08;1.11715e-10;0.999297;1.22992e-06;7.299e-10;4.87783e-08;0.000603682;1.2062e-05;2.64056e-07
1.06122e-07;0.90272;3.51072e-10;5.31418e-07;2.08135e-06;2.50923e-08;2.76814e-05;7.98096e-06;1.05118e-07;1.03254e-05;2.96426e-07;3.41396e-08;7.55257e-07;0.0972301
0.000553532;0.183027;1.38469e-05;0.000794056;2.03258e-05;2.57944e-05;0.260678;0.252654;0.162751;3.22991e-05;0.104842;8.61301e-06;0.0345985;1.03022e-06
1.88921e-06;0.000592923;1.82165e-09;1.70239e-08;3.31576e-07;4.69481e-09;7.00093e-08;0.999393;1.92879e-07;1.77789e-08;6.14195e-08;2.90304e-07;1.11885e-05;5.06272e-08
2.62191e-06;7.54079e-05;9.35612e-07;0.000122246;0.852615;1.96104e-05;9.76818e-07;0.0430907;1.83891e-05;9.07769e-06;3.43124e-05;0.0968123;2.62039e-06;0.00719605
8.14697e-06;0.0092711;0.981927;0.0005344;2.55856e-06;5.13285e-06;7.54309e-06;1.67629e-05;1.48949e-05;4.66027e-06;0.000227003;3.70073e-05;0.00791094;3.31612e-05
1.13906e-07;0.997178;2.38797e-08;3.06083e-08;4.21977e-08;4.27192e-07;9.77547e-07;0.000110462;2.24348e-08;2.69695e-07;2.51008e-07;3.43285e-07;0.00247988;0.000229196
4.48339e-10;3.16354e-08;0.999907;1.36729e-08;5.03277e-09;1.1422e-08;3.57169e-10;2.20036e-08;2.89724e-10;1.33207e-10;4.30355e-09;9.30855e-05;1.23961e-10;6.14079e-10
0.000196293;0.110105;9.41876e-08;0.0017729;0.0040829;0.00261802;1.08219e-05;0.340052;0.00152771;5.70706e-06;0.0434192;0.459564;0.0354128;0.00123283
0.00964724;0.462676;6.27022e-06;0.00176735;0.000222926;0.000150058;0.00174278;0.0705572;0.0143446;0.000204409;0.289634;0.0693174;0.0795436;0.000186175
0.0154144;0.877624;0.00185962;6.19365e-05;0.00113207;0.000154976;0.000362344;0.054133;0.00118909;2.66762e-05;0.00534758;0.00735631;0.0347423;0.000595207
0.00080996;0.273037;0.000627927;1.15326e-05;0.0291703;3.66999e-05;7.08999e-07;0.00511972;2.21207e-05;1.16589e-05;1.84048e-05;0.687624;0.00267136;0.000839078
1.64085e-05;0.00712746;5.22525e-09;4.09407e-06;1.27386e-07;7.73265e-08;0.967577;7.3446e-07;0.000808671;0.0237415;1.09881e-05;3.90971e-07;1.32685e-06;0.000711457
3.71438e-08;4.36598e-11;0.999993;5.12351e-09;1.74272e-10;6.99345e-12;1.42475e-06;2.48581e-09;5.42892e-06;2.03456e-09;8.58886e-08;3.40357e-09;5.24352e-14;8.90173e-14
0.000739726;0.000339878;4.89756e-07;4.07192e-07;1.79563e-06;1.41382e-08;1.26975e-06;0.985232;0.0135607;1.3277e-07;2.37419e-05;9.22271e-06;9.08397e-05;7.24478e-08
5.38264e-05;0.0279503;4.85712e-06;1.63977e-05;0.000459138;6.98077e-07;4.1492e-07;0.0166801;0.000387055;4.40456e-07;5.26276e-06;0.952794;0.000538127;0.00110897
2.67375e-06;0.0077888;8.79183e-05;1.06571e-06;0.00834279;2.24886e-06;2.51008e-07;0.983489;2.1408e-06;1.89867e-05;2.2324e-08;2.25303e-06;0.000243696;1.863e-05
0.000152941;0.00067287;0.968836;3.06086e-05;0.00384144;0.000121256;1.18634e-08;3.4856e-05;5.95585e-06;3.42655e-06;1.31878e-07;0.0261376;7.43153e-07;0.000162453
0.000703306;0.00831444;5.62173e-06;1.19534e-05;6.17302e-05;1.87153e-05;0.000262103;0.00187052;0.987373;1.20919e-06;0.0011148;4.86497e-06;0.00016223;9.52713e-05
