6.89242e-06;0.997092;1.66307e-09;2.47486e-07;1.50616e-07;4.24312e-08;9.16702e-06;7.69943e-05;3.25385e-06;2.59055e-07;5.77155e-06;0.000996201;0.00180883;1.28235e-07
0.000681459;0.22449;0.000848394;0.000814546;0.00986379;0.0781444;1.14858e-05;0.00793094;6.42871e-05;0.000124934;3.02698e-05;0.334585;0.00239101;0.34002
3.80718e-05;0.334217;6.61512e-05;1.20299e-06;5.88216e-06;2.77525e-07;3.16162e-07;0.0096805;6.50524e-06;4.93391e-08;1.27759e-05;0.650831;0.00513942;1.46533e-06
0.000105034;0.721665;1.34084e-07;2.16918e-05;0.0020851;0.00840453;1.74462e-05;0.0255833;0.000129738;5.53704e-06;1.14901e-05;0.00368861;0.21297;0.0253128
1.76271e-06;0.00359531;1.09955e-10;4.69455e-07;4.92902e-07;1.69224e-06;2.76607e-07;6.16075e-05;4.10706e-06;3.27338e-08;4.49221e-06;0.000356377;0.995968;5.6285e-06
2.25051e-07;2.57109e-05;3.07427e-08;3.83279e-08;3.90037e-07;2.29511e-07;4.14895e-10;1.03963e-05;1.77451e-07;3.96625e-09;1.05553e-07;0.99984;0.000122353;1.16173e-07
1.16196e-06;0.999173;7.86456e-08;1.20722e-08;1.59167e-07;3.67e-07;5.94958e-08;1.47181e-05;2.16667e-09;2.1104e-08;6.45015e-09;0.000346782;0.000463778;3.87118e-07
5.7215e-07;0.00150699;2.19255e-05;4.15642e-05;0.000990416;0.0132313;2.70676e-07;0.00112607;5.65366e-07;8.1072e-07;4.19564e-06;0.579754;0.000614773;0.402707
7.03644e-08;0.00044956;9.28916e-11;8.05465e-07;3.9035e-08;1.96354e-06;5.56058e-08;9.6519e-06;5.42839e-08;8.11387e-09;1.50487e-05;1.79718e-05;0.999505;5.83577e-08
6.19062e-06;0.00435503;2.38459e-06;4.36784e-06;3.71266e-06;3.23571e-06;5.16606e-09;0.000245342;1.53924e-06;6.96943e-08;1.64572e-06;0.994921;0.000196264;0.000259709
3.45611e-06;0.00024539;7.6715e-10;1.35293e-07;4.11494e-07;1.13488e-07;6.28709e-07;0.999707;1.32223e-05;1.51087e-07;3.39726e-06;1.21936e-07;2.49484e-05;7.5399e-07
0.00101546;0.91997;2.57127e-05;7.23684e-05;3.01971e-05;1.55129e-05;0.0192118;0.054226;0.000711043;0.000575313;0.000247061;0.00211535;0.000594643;0.0011897
7.32121e-10;3.36956e-09;1;5.56992e-09;9.24824e-09;1.36784e-10;2.41664e-08;3.90437e-09;6.40424e-10;9.79628e-11;7.61112e-08;3.78025e-07;2.01749e-10;2.18901e-11
7.72614e-06;0.324899;3.1839e-06;4.22764e-05;4.8205e-06;2.469e-07;3.39497e-06;0.00867611;0.000234356;3.58868e-07;0.00526092;0.485316;0.175526;2.48862e-05
2.22991e-05;0.166366;7.59129e-07;0.000452106;0.00893541;0.0323905;2.90185e-05;0.0566131;1.15341e-05;5.49218e-05;0.000442896;0.00942794;0.713435;0.011819
0.000147772;0.677442;3.42782e-06;0.00158161;5.9997e-05;0.0009849;4.21049e-05;0.00644563;0.00235557;2.98385e-05;0.016208;0.268518;0.0249003;0.00128127
9.35674e-05;0.305265;0.44496;5.63923e-05;0.000445785;2.485e-05;3.42098e-06;0.000658302;1.196e-07;7.48817e-06;7.76308e-06;0.246912;0.000384374;0.00118099
7.25486e-06;0.00697902;4.42978e-10;1.84568e-07;2.65029e-05;5.10771e-06;2.59157e-06;0.00383824;1.12972e-06;1.5138e-07;1.56153e-05;1.29541e-06;0.988917;0.000205603
3.39487e-07;0.000206532;4.97505e-07;3.01263e-06;0.000143828;6.40445e-06;1.27462e-09;2.85132e-05;1.87678e-06;1.58871e-08;1.16555e-06;0.99777;2.65318e-05;0.00181144
8.72929e-05;0.0561407;1.4215e-06;0.000214963;5.80136e-06;8.39949e-05;0.000362648;0.0163558;0.000550218;1.99881e-06;0.00273446;0.00570062;0.917692;6.85234e-05
1.50126e-05;0.000393964;3.10953e-05;1.18778e-05;3.54564e-06;1.65105e-05;7.17805e-08;0.00140652;2.83596e-06;2.25853e-07;9.56444e-06;0.980525;0.0166726;0.000911542
0.000409937;0.511262;3.04781e-05;0.000364071;0.00999343;0.00813829;2.26768e-05;0.0143364;4.32411e-05;1.81456e-05;0.00044188;0.00201989;0.412744;0.0401757
9.91168e-08;0.998742;4.69884e-10;6.37445e-08;7.28817e-09;2.62174e-08;6.42523e-06;5.41412e-06;9.07946e-10;1.40362e-06;7.70045e-09;2.02975e-06;2.80837e-07;0.00124252
4.16305e-10;1.1648e-09;0.999997;8.40132e-10;6.05523e-09;1.17062e-08;3.27107e-09;1.28722e-07;9.05826e-12;1.22713e-09;9.70863e-10;2.78308e-06;8.0541e-11;4.33799e-11
1.6751e-07;0.00243373;1.91148e-08;9.29552e-07;2.0219e-06;5.62471e-06;0.995582;5.11139e-08;2.44382e-06;0.00170773;2.95398e-05;9.42222e-09;1.07173e-06;0.000234833
1.20331e-09;2.42332e-10;1;1.42184e-09;5.26428e-10;2.82419e-09;4.55196e-07;5.04878e-10;3.52562e-09;4.78471e-09;4.30844e-08;3.61343e-08;5.11736e-12;3.57464e-12
2.27021e-05;0.996992;0.000102134;1.92282e-05;4.43003e-06;4.42558e-06;5.36154e-06;0.000125538;4.6887e-06;1.07193e-06;2.48457e-05;0.00090495;0.00178392;4.27592e-06
0.000130903;0.275735;5.93158e-06;2.68731e-06;2.68471e-06;3.47825e-07;5.02293e-06;0.533248;3.20498e-05;1.68055e-06;0.000113093;0.0713424;0.11938;4.75974e-07
3.57443e-07;0.981165;6.95955e-08;2.18219e-06;7.77989e-06;1.4379e-06;0.0121787;9.40955e-05;2.57943e-07;0.00554788;6.7017e-07;7.97734e-07;5.69781e-06;0.000994946
1.67046e-08;2.56691e-08;0.999989;7.94229e-09;1.07072e-09;6.90955e-10;4.81392e-07;1.24337e-08;1.95351e-08;1.71346e-08;6.05172e-08;1.07813e-05;6.50692e-11;1.96484e-10
0.000142651;0.167126;5.30522e-07;1.14394e-06;3.19697e-07;1.2019e-07;0.829757;6.58967e-05;0.000503459;0.00194524;0.000231304;7.37251e-07;1.97997e-05;0.000205635
2.01808e-08;2.38893e-08;0.999997;1.00693e-09;1.33558e-08;1.0382e-09;1.81776e-07;5.62634e-08;4.15968e-08;1.09541e-08;1.93661e-08;2.64163e-06;3.05859e-11;6.39351e-11
4.07572e-06;0.999351;1.63931e-07;1.97639e-09;2.51983e-08;9.92901e-09;6.9131e-07;0.000221433;2.727e-07;6.86107e-09;4.04584e-08;9.50736e-06;0.000412705;2.51705e-08
7.44755e-08;0.000677995;3.06387e-06;6.04309e-07;2.87949e-05;7.65424e-05;7.96427e-08;5.17258e-05;1.7803e-07;9.84221e-08;3.79111e-08;0.616068;2.01252e-05;0.383072
1.03858e-07;0.00466323;1.50352e-11;1.48505e-07;2.29415e-08;4.54035e-08;4.68367e-08;7.46126e-05;1.62611e-07;1.63068e-09;3.40801e-07;1.18155e-06;0.99526;8.80666e-08
9.78253e-06;0.0020257;4.45613e-06;8.99047e-06;2.11235e-06;1.4405e-06;1.42548e-08;2.46449e-05;6.83395e-06;1.15657e-07;9.48803e-07;0.997477;0.000313018;0.000124441
4.27455e-05;0.0126286;1.82126e-08;1.35526e-05;3.23744e-07;4.39639e-06;3.47504e-07;0.000183708;0.000159811;4.47008e-07;0.000160719;0.000133955;0.986669;2.5368e-06
2.85832e-06;0.0113615;2.14445e-06;2.60098e-06;2.12747e-05;9.71119e-08;1.01965e-08;0.000418415;7.16609e-08;2.79599e-08;4.24448e-07;0.98756;0.000249025;0.000381588
0.000183957;0.446458;2.45138e-07;0.0016133;0.000595632;1.88209e-05;3.99204e-05;0.512619;0.00122631;0.00011074;0.00251245;0.015294;0.0175328;0.00179434
1.48037e-06;1.07939e-05;4.62363e-06;3.77494e-06;3.42937e-09;9.26761e-05;0.000250552;1.0256e-08;2.21358e-05;6.64091e-06;0.00153861;3.93485e-10;0.998069;2.20641e-08
2.26023e-06;6.07165e-05;0.999927;2.39303e-06;1.42377e-08;2.6974e-08;2.88354e-06;4.7512e-07;1.77791e-07;4.23088e-07;2.10874e-06;9.62868e-07;4.17515e-08;8.72602e-08
5.16821e-06;0.988455;1.90237e-06;7.47598e-05;2.07433e-05;2.26845e-05;7.12929e-05;0.00825308;0.000413365;5.18893e-06;0.00105786;1.0683e-05;0.001483;0.000125347
