3.32782e-06;0.0426455;4.77501e-08;2.03853e-06;2.98834e-07;2.65492e-06;8.42198e-07;0.000961661;3.00909e-06;6.62653e-08;5.42506e-07;7.30338e-05;0.956306;8.48721e-07
2.05921e-05;0.000352852;3.26741e-08;0.000481042;0.000199416;9.81612e-05;4.12184e-07;0.00661702;0.000255436;3.02533e-06;0.000112505;0.99081;0.000317734;0.000731907
9.69188e-06;9.89236e-05;9.55369e-10;6.62481e-09;3.17402e-08;4.89011e-10;1.22861e-07;0.999887;9.64025e-07;9.0974e-10;6.58093e-08;2.55371e-08;3.24667e-06;9.03199e-09
2.19342e-05;0.00206965;1.13335e-05;0.000180158;0.927088;0.000173617;4.52418e-06;0.0119789;3.52089e-05;4.37756e-05;1.32107e-05;0.0398769;2.31311e-06;0.0185004
4.07005e-06;0.00087474;0.997688;6.85193e-06;1.35743e-05;1.41594e-06;1.70022e-08;1.01519e-05;1.05104e-07;6.26793e-08;4.1413e-07;0.00127051;0.000123172;6.92603e-06
3.04849e-06;0.904198;3.76651e-07;2.07138e-06;1.79875e-05;6.40874e-05;1.39443e-06;0.0124509;1.20968e-05;9.09758e-08;3.05769e-05;0.00188308;0.0608123;0.0205235
2.88993e-05;0.197308;2.91372e-07;7.02079e-05;0.00297513;5.14286e-06;2.32897e-06;0.325345;3.4737e-05;1.16384e-05;4.3122e-05;0.349707;0.116451;0.00801759
0.000107543;0.500007;0.366025;0.00246416;0.00452991;3.67756e-06;1.90263e-06;0.00242305;0.000138596;7.44422e-06;0.000201112;0.117372;0.00280446;0.00391401
0.000981547;0.151141;4.34671e-06;8.64293e-05;0.000255642;0.000317439;0.00108729;0.00887985;0.00623301;5.94122e-06;0.0440051;0.00833879;0.773197;0.00546636
1.23041e-06;0.974576;1.24088e-06;1.36312e-08;3.7807e-09;1.03521e-08;2.82795e-07;1.37413e-05;2.39419e-08;4.47324e-09;2.58783e-07;0.0253187;8.8559e-05;3.08963e-08
1.74205e-06;0.00260745;0.000124439;0.000190975;0.00439477;0.0533818;3.74106e-07;0.00230941;2.29628e-05;1.04573e-05;0.000113048;0.626457;0.000263438;0.310122
1.86628e-07;0.996644;1.07691e-08;5.2523e-07;3.12507e-09;3.76232e-06;7.4332e-07;8.09847e-07;4.23497e-08;6.73333e-08;1.05151e-06;2.80313e-05;0.00332047;2.96296e-08
7.26168e-07;0.0360346;1.01424e-08;4.38927e-07;6.63726e-07;3.26796e-06;5.51775e-08;0.000236949;2.58317e-06;1.53006e-08;9.59962e-06;0.963185;0.000525917;1.30477e-07
6.6605e-05;0.689175;7.18656e-05;3.60716e-05;0.0135989;0.000679775;2.02388e-06;0.0425708;2.15452e-05;8.23937e-07;1.81072e-06;0.071933;0.154543;0.0272991
7.8398e-06;0.937212;6.10068e-09;8.31543e-07;1.42971e-06;3.21072e-05;3.63979e-05;0.000942441;8.6913e-06;2.01318e-06;5.28483e-07;5.94929e-07;0.0616681;8.75658e-05
2.64903e-09;1.77248e-09;1;1.32637e-09;1.14209e-09;4.37722e-11;2.39763e-10;3.21043e-08;3.52071e-10;2.16422e-11;5.45625e-10;1.7822e-07;4.81554e-10;2.14659e-12
1.36913e-06;0.000394152;2.00048e-05;1.95213e-06;6.70424e-06;6.85081e-08;1.45197e-06;0.00117969;1.46213e-05;1.68072e-06;8.12488e-08;0.000187956;1.49877e-05;0.998175
2.63694e-06;7.91088e-06;2.68914e-11;1.6888e-07;0.00115786;1.17106e-05;5.04541e-07;0.997227;0.00152944;4.46173e-08;2.65077e-06;9.32441e-07;5.77846e-05;1.52757e-06
1.10424e-07;0.000112478;0.999809;6.80346e-07;2.08488e-05;1.21938e-07;1.06205e-09;5.71079e-09;2.02688e-10;1.18898e-08;1.68371e-09;5.09095e-05;2.37696e-07;6.1336e-06
1.14237e-07;0.999968;1.39471e-09;5.67772e-09;9.91152e-09;1.46095e-10;5.72838e-08;2.71738e-06;2.26464e-07;1.81269e-11;9.54037e-08;1.3465e-05;1.57229e-05;1.20194e-08
3.92695e-07;0.970176;1.91227e-07;8.49847e-08;3.1895e-06;6.49957e-08;2.01982e-08;2.00124e-05;3.36832e-10;8.75097e-08;1.05787e-10;0.000155255;0.0215739;0.00807078
2.89775e-08;0.00479477;4.74024e-05;3.16428e-07;3.89951e-06;3.18127e-06;3.09695e-09;0.000331208;1.36494e-08;2.25305e-08;4.02209e-10;0.990752;4.3703e-05;0.00402313
3.88039e-07;0.00473598;6.814e-08;1.63181e-06;4.02951e-07;0.000156812;5.58574e-06;6.00623e-06;2.37553e-06;2.08208e-06;8.7664e-07;7.62855e-07;0.99508;7.19808e-06
3.03188e-06;0.000504242;0.987977;4.06858e-06;1.7182e-06;8.59542e-07;9.1781e-08;2.28204e-06;1.63984e-08;9.13634e-08;1.53133e-08;0.0114494;4.64955e-05;1.07712e-05
1.03568e-05;0.964264;4.18312e-07;0.000125034;4.72112e-05;0.000161086;5.95789e-05;0.00155946;0.000140048;1.21694e-06;6.00084e-05;0.000170072;0.027146;0.00625526
1.17685e-05;0.0505658;1.19657e-07;7.44806e-08;1.18526e-06;7.88153e-08;5.02273e-09;0.946227;8.30851e-08;5.9502e-08;3.69204e-08;9.55176e-06;0.00318229;1.8892e-06
6.69503e-08;0.000768821;0.000162112;4.26091e-07;1.71127e-06;3.35086e-07;2.49809e-08;1.66906e-05;3.17751e-08;1.58778e-07;8.75603e-08;0.998799;0.000241311;9.10188e-06
2.249e-06;0.00196233;8.05434e-07;8.04226e-06;8.74588e-05;0.000983177;2.37231e-05;0.00031478;2.824e-05;4.5157e-05;5.75268e-05;7.09722e-08;0.996456;3.04304e-05
0.000106415;0.000464611;0.99883;7.93493e-07;3.37403e-05;5.50679e-08;2.16024e-07;3.27046e-05;1.91885e-07;1.11404e-06;2.16378e-08;0.000501306;2.02117e-07;2.8388e-05
2.18135e-06;0.00530233;1.01962e-08;4.63927e-07;0.000100033;1.7063e-06;0.000263152;0.993853;0.000239986;7.42179e-06;2.1541e-07;4.00805e-10;0.000181652;4.80312e-05
6.01917e-09;2.14227e-09;1;5.47233e-10;2.70631e-09;5.19393e-11;6.16469e-10;9.8884e-08;2.03132e-08;1.67368e-10;3.13844e-09;3.14205e-09;4.86819e-10;2.84773e-13
9.2504e-07;3.94176e-06;0.997678;2.2675e-07;8.75284e-06;4.27693e-08;4.73374e-09;0.00186388;9.61927e-07;3.92437e-08;1.44203e-08;0.000433516;2.31297e-08;9.32842e-06
4.62443e-07;0.000147033;8.21127e-06;3.20062e-08;4.99655e-05;7.42737e-05;4.26834e-10;2.03328e-05;4.52033e-09;3.96514e-08;5.9172e-09;0.0012993;7.05785e-07;0.9984
4.62226e-06;5.46903e-05;2.29929e-10;1.15342e-08;1.23297e-05;1.92466e-06;2.42288e-09;0.999669;2.86842e-07;1.15903e-09;6.02939e-08;5.67938e-07;0.000256411;1.94211e-07
2.83881e-06;0.00559688;1.52685e-08;4.34941e-06;2.90773e-07;5.05436e-06;8.33583e-08;0.000996893;1.76636e-06;5.52697e-08;9.33564e-08;7.25628e-06;0.993384;8.52496e-07
1.58241e-06;0.000172278;2.35526e-07;5.57303e-05;1.4083e-05;3.22813e-06;4.89086e-09;0.000286496;1.40499e-07;9.46773e-07;5.75273e-07;0.999291;3.5972e-06;0.000170191
3.31459e-05;0.949864;2.52006e-07;6.17437e-05;8.46245e-07;3.86871e-06;0.0473484;0.000679118;3.04576e-06;0.000765778;2.86297e-05;8.94056e-08;6.00471e-06;0.00120531
5.77298e-11;1.14263e-11;1;1.24078e-10;5.11264e-11;1.23444e-11;2.57196e-09;8.52845e-12;2.50095e-12;7.59933e-11;2.96313e-10;9.49411e-09;1.74485e-15;8.6962e-13
1.05025e-05;0.934849;3.21965e-07;5.29123e-07;3.50067e-08;4.51278e-08;3.15342e-06;2.58649e-06;1.82204e-06;1.074e-08;3.33329e-06;0.000838883;0.0642898;1.45459e-07
1.38727e-05;0.0169942;5.88993e-08;3.74491e-06;0.00148682;2.90394e-05;5.16661e-07;0.0112416;6.75772e-06;3.10407e-07;1.90703e-06;0.159488;0.0204322;0.790301
1.09949e-05;0.32251;0.000427631;2.34375e-05;0.0103776;2.13121e-05;5.04995e-06;0.624906;3.45695e-05;2.19844e-06;1.03472e-05;0.0180532;0.000151279;0.023466
0.000446897;0.0996607;7.32725e-06;0.000270929;0.00222284;0.000271288;3.75095e-05;0.0259615;0.000691344;8.04925e-06;0.00118846;0.779147;0.0896731;0.000413066
5.95065e-06;0.994149;6.03352e-09;3.48223e-08;2.65516e-08;2.29979e-07;1.76396e-07;2.09675e-06;2.72931e-08;5.64924e-09;2.63126e-08;0.000228076;0.00561038;3.64203e-06
9.64335e-06;0.0352665;1.19842e-05;1.5414e-06;8.37086e-06;2.30875e-05;1.6295e-08;0.000695653;4.97672e-07;1.1363e-07;8.42614e-07;0.954685;0.00881011;0.000486394
5.7107e-07;0.999308;2.92395e-06;1.69482e-06;9.28035e-09;5.86733e-07;8.99335e-07;2.63415e-06;2.03966e-09;1.00469e-06;8.56179e-09;3.72372e-08;4.19488e-07;0.000681399
1.71801e-09;2.56376e-08;0.999997;7.73329e-10;2.27508e-08;3.40323e-10;1.31755e-09;3.16871e-08;4.07793e-11;1.456e-10;2.06193e-09;2.61121e-06;1.53484e-10;8.46232e-11
8.86323e-06;0.927025;9.02242e-06;1.61288e-05;3.57911e-05;0.000624479;0.00100846;0.0259919;3.93739e-05;4.08356e-06;0.000181153;5.08631e-06;0.0449484;0.000101819
7.33577e-07;0.00699446;9.25393e-12;2.39697e-06;7.31104e-07;6.29551e-07;5.39009e-07;0.000639155;6.23786e-06;2.19418e-07;4.25226e-05;0.000300058;0.992012;2.86706e-07
1.06369e-05;0.000786858;7.47685e-07;6.85385e-06;2.51286e-06;3.29548e-07;9.76313e-08;1.15871e-05;9.30292e-06;3.00898e-07;1.30704e-05;0.999073;7.04353e-05;1.43421e-05
9.9037e-06;0.987174;4.35105e-08;5.03074e-06;5.00766e-07;1.0541e-06;6.76265e-06;0.000456305;1.9639e-06;3.87627e-06;1.88192e-06;0.000781719;0.0115557;1.58249e-06
1.55538e-05;0.000792605;1.96075e-05;4.53297e-05;0.000713043;3.90673e-05;2.83336e-06;0.00157983;9.66183e-06;5.51227e-06;2.91237e-05;0.995212;0.000327339;0.0012088
0.000580203;0.790475;1.05917e-05;0.00383304;2.00395e-05;7.36543e-05;0.0264486;0.00129342;0.0267416;5.60922e-05;0.081843;0.00457711;0.0634527;0.000594495
0.00103672;0.0365415;1.13471e-05;0.0357739;0.0214676;0.00368026;0.000119148;0.816441;0.0049277;0.000184543;0.00287111;1.94815e-05;0.00025617;0.0766694
0.000494651;0.0620217;0.0873043;0.00157252;0.000110411;0.000713922;8.92477e-06;0.000226579;0.000146614;8.92367e-05;0.000118341;0.0228993;2.95391e-05;0.824264
0.0205582;0.712759;2.88874e-05;0.000783489;0.0019106;0.000518193;0.00055758;0.0214032;0.0203418;0.000111254;0.00634906;0.16278;0.00235858;0.0495401
5.59968e-05;0.000300598;5.93712e-08;2.6171e-09;4.41681e-07;3.86587e-09;3.8009e-09;0.999582;1.07717e-06;2.99741e-09;1.90288e-08;5.62865e-05;1.77248e-06;1.7023e-06
1.85919e-05;0.952828;3.97553e-05;7.25225e-06;1.33466e-06;1.40345e-05;0.0438519;2.13969e-06;3.90928e-05;0.0027071;2.26876e-06;7.10606e-05;0.000113467;0.000304247
6.49755e-10;1.29443e-09;1;2.2544e-09;6.50551e-10;1.1843e-09;2.04274e-08;4.18057e-09;9.15585e-10;6.52959e-10;2.23216e-09;6.12112e-08;4.76188e-12;4.22579e-11
3.59096e-06;0.988069;7.53845e-07;9.98056e-07;2.25253e-07;7.04124e-08;5.97808e-08;0.000434169;6.60783e-08;1.09935e-08;2.74818e-06;0.00152673;0.00996164;2.87156e-07
4.03736e-07;0.99659;1.61782e-07;2.0416e-07;5.16063e-07;7.82381e-07;0.000132489;2.62051e-05;2.69255e-09;0.000271776;3.8723e-08;4.60403e-07;4.19316e-05;0.00293518
1.6327e-10;3.01835e-09;0.999993;2.18437e-10;2.61885e-09;3.34613e-09;2.40351e-09;1.71146e-10;1.80485e-11;2.3399e-09;3.86716e-10;6.92687e-06;4.96902e-13;2.86645e-09
1.58229e-06;0.995248;3.97611e-06;5.47224e-08;2.59189e-08;2.75269e-07;1.70432e-05;4.97399e-06;1.70743e-07;7.78925e-08;3.03305e-06;0.00275824;0.00196104;1.90259e-06
1.27038e-06;0.925772;5.11751e-06;8.65852e-06;1.0571e-05;1.72186e-05;0.036516;0.00118423;1.93568e-05;0.00367644;1.76911e-05;0.0001992;7.9175e-06;0.0325641
2.04927e-10;4.23088e-09;1;5.62461e-09;6.06939e-11;3.514e-10;2.36684e-08;2.22146e-09;3.50857e-10;4.89497e-10;2.90798e-09;2.60619e-07;1.56643e-11;3.53186e-11
3.63933e-06;0.0197117;4.51906e-08;7.33158e-09;3.08967e-07;1.36865e-09;1.32888e-08;0.97927;7.84567e-08;2.03485e-09;1.97528e-07;0.000550363;0.000461907;1.99307e-06
2.97146e-07;0.959686;8.59518e-05;1.62438e-06;2.9676e-05;2.79496e-05;9.43898e-05;0.00239298;2.12222e-07;9.02748e-05;6.05466e-07;1.00984e-05;0.00125525;0.0363245
3.71955e-11;1.51718e-10;1;1.21927e-09;7.22099e-12;1.17519e-11;8.48516e-10;6.41835e-09;3.59557e-10;5.58716e-11;3.21326e-09;4.45482e-07;2.94631e-12;1.10421e-12
3.32379e-05;0.00135667;0.00742863;0.000107493;3.22547e-05;3.06032e-06;3.90277e-06;0.0168921;0.000191498;2.37577e-06;0.000261736;0.968204;2.9837e-05;0.00545329
1.25738e-05;0.00611926;1.17016e-07;1.42795e-07;3.9149e-06;8.50648e-05;1.69896e-07;0.000456052;7.58917e-07;9.71676e-08;6.08873e-06;1.60799e-06;0.9933;1.37223e-05
1.06137e-06;0.000129589;3.12814e-06;7.19002e-08;8.31485e-05;1.54747e-08;3.83177e-10;2.96724e-05;4.39384e-08;3.15692e-10;2.20923e-08;0.999708;2.74053e-06;4.20917e-05
0.000140538;0.893319;4.05602e-05;3.11097e-06;0.00010551;7.84684e-09;1.56008e-06;0.103898;1.98377e-06;3.97833e-07;4.69111e-08;0.000891155;0.00043912;0.00115876
3.53613e-08;2.36828e-06;6.07469e-08;3.28461e-09;1.55215e-05;2.32063e-07;2.35557e-09;0.999975;1.74457e-08;2.22964e-08;2.70359e-10;3.36505e-08;6.74875e-06;7.85615e-08
1.77659e-07;0.000114366;0.999839;3.56655e-06;1.35984e-05;9.46751e-06;2.55293e-10;2.70937e-06;9.66839e-10;7.32094e-08;1.64158e-08;1.32675e-05;1.34169e-06;2.9035e-06
1.08184e-05;0.939413;4.16358e-06;4.08828e-05;1.18841e-05;2.47483e-05;0.000226222;0.056289;0.000636669;1.89522e-06;0.00147391;0.000241729;0.00111031;0.000514691
