2.28585e-05;0.997666;7.18481e-05;9.28739e-05;6.64808e-06;5.16475e-07;1.08931e-06;0.00112995;3.23037e-06;1.36018e-06;3.36358e-06;0.000819339;0.000179067;2.04539e-06
1.16395e-05;0.000571323;1.20599e-10;4.63065e-08;1.06428e-06;8.09683e-09;3.2884e-07;0.999386;1.76627e-05;1.35202e-07;9.51884e-07;5.42175e-08;1.6081e-06;9.25561e-06
0.000238201;0.961097;4.01392e-05;1.18879e-05;2.31956e-06;1.42569e-06;0.0328292;0.000843057;0.000754022;0.00128575;4.77525e-05;0.00255189;3.62048e-06;0.000294016
4.48598e-08;2.62916e-07;0.999992;2.69182e-08;2.26947e-09;4.13733e-10;4.09606e-06;1.05875e-07;5.97764e-07;4.69779e-09;1.85996e-06;1.19826e-06;2.13711e-09;7.41256e-11
1.87499e-05;0.649607;5.30537e-05;4.08892e-05;4.51052e-07;4.0928e-07;0.000291278;0.0433836;0.000212888;4.55012e-07;0.00347908;0.0363293;0.266582;6.24376e-07
5.00769e-06;0.313418;0.000118764;0.000527168;0.00988168;0.000195747;3.88647e-07;0.554988;1.22105e-06;6.7474e-06;2.49221e-05;0.0870189;0.00797231;0.0258413
3.73428e-06;0.88775;5.31375e-08;4.4627e-05;8.51741e-05;0.000396361;3.46925e-05;0.0148155;2.68123e-06;0.00013084;1.75904e-05;1.16943e-06;0.095842;0.000875616
1.41132e-10;3.97304e-11;1;3.85025e-10;3.91467e-11;1.50501e-10;4.88955e-11;4.17603e-10;1.30106e-11;1.06006e-11;3.05887e-10;1.45153e-08;1.82628e-11;3.63954e-13
1.92323e-05;0.00165393;0.00139878;0.000110689;6.72685e-05;0.000177845;1.07795e-07;0.00284938;0.000298309;7.43836e-07;0.000223671;0.991514;0.000454855;0.00123131
0.000152018;0.3438;0.000144052;5.13919e-05;0.000669783;0.00551323;7.9895e-07;0.452893;0.000301616;3.78478e-06;0.000206397;0.00110203;0.187634;0.00752795
1.02471e-07;0.000664488;4.90744e-09;6.19812e-08;1.95083e-05;1.48448e-06;4.48334e-11;0.000104553;3.12135e-08;7.33367e-10;3.54207e-07;0.996402;0.000640789;0.00216655
7.93949e-09;0.999256;1.61316e-10;1.25064e-09;9.81385e-10;9.74095e-10;2.87618e-08;3.0917e-07;8.86976e-10;4.16671e-09;2.72132e-10;1.57083e-08;9.83822e-07;0.000743121
5.83577e-06;0.0376662;3.39595e-06;5.72673e-06;1.18655e-06;1.31102e-05;0.000620165;0.905512;0.000932062;1.74285e-06;3.72875e-05;3.32599e-06;0.055198;7.93704e-08
4.83818e-07;0.409268;4.34313e-09;5.93516e-06;4.20838e-08;2.0933e-05;2.68728e-06;6.69079e-06;1.85481e-07;1.46495e-06;1.82139e-06;1.1552e-05;0.59068;2.49159e-07
9.54964e-05;0.0947241;0.645816;0.000629921;0.000570454;0.000127714;5.59512e-06;0.00536931;5.4039e-07;0.000120543;1.87516e-06;0.225477;0.000344477;0.0267173
3.61823e-05;0.451936;1.78495e-08;0.00226971;0.000768411;0.000631865;1.67917e-05;0.158848;0.00589362;2.10944e-05;0.00948793;0.0012989;0.368428;0.000363915
0.00246861;0.468895;0.426407;0.00546174;0.000516323;0.000606194;0.00647369;0.00602604;6.9085e-05;0.00866252;0.000163501;0.0226213;0.000138935;0.0514899
1.23014e-06;3.10856e-07;0.999987;1.08668e-07;2.12596e-08;8.43989e-09;3.81363e-07;3.67125e-07;4.30877e-06;3.84254e-09;5.29381e-06;5.67322e-07;3.77429e-09;1.86973e-09
2.74087e-05;0.0121347;0.0005352;1.99419e-05;5.58028e-06;2.41817e-06;1.78025e-07;0.00454682;0.000970754;4.9238e-07;0.000247499;0.981035;8.09906e-05;0.000392899
6.07705e-06;0.0104347;6.09842e-07;2.30253e-06;4.99542e-05;0.000385999;2.95386e-08;0.00365291;9.89018e-06;5.37062e-07;1.57418e-06;5.42254e-05;0.985332;6.95046e-05
6.57583e-08;0.00157922;6.38126e-08;2.93513e-07;2.97527e-06;1.17505e-07;8.66983e-10;1.37211e-06;1.19689e-08;1.08726e-08;2.56413e-08;0.998335;9.24524e-06;7.11988e-05
1.45581e-05;0.984096;6.13812e-07;2.92718e-06;0.000677874;1.63786e-05;0.000692545;0.00921816;2.9569e-06;0.000272894;1.70266e-07;6.92331e-09;0.000884866;0.00411949
3.22989e-07;0.000100818;0.999157;7.36565e-07;8.61792e-06;3.37239e-05;3.11511e-07;4.78103e-05;5.16363e-08;6.19358e-07;4.54375e-08;8.59281e-07;0.000649264;1.31601e-08
1.7221e-06;0.99398;0.00522758;7.80004e-06;5.03953e-07;1.79216e-06;2.15574e-05;4.17523e-05;1.8771e-08;2.27479e-05;6.15692e-08;0.000157895;0.000532297;4.50081e-06
6.58717e-10;5.018e-10;0.999999;1.51321e-09;4.32437e-10;1.32364e-10;9.48862e-10;8.69279e-08;1.13868e-10;1.21903e-10;1.24253e-09;8.42959e-07;1.50428e-11;1.78737e-11
6.16909e-08;1.69025e-05;6.75912e-06;5.25734e-07;2.75428e-05;2.4812e-08;3.35987e-09;0.000357259;7.09661e-07;1.97051e-08;7.35245e-07;0.999554;1.604e-08;3.60497e-05
3.64371e-06;0.978747;8.75751e-05;2.2936e-06;0.00129735;0.000168484;6.35986e-08;0.000220465;2.6699e-08;3.31281e-07;3.04817e-07;0.00274904;0.0148372;0.00188658
6.07911e-05;0.988559;3.85317e-08;1.14515e-07;7.18432e-06;1.29566e-05;0.000165876;0.00211214;1.74657e-06;5.37294e-06;7.94955e-07;0.000301263;0.00591323;0.00285999
1.40729e-11;2.48904e-11;1;9.36939e-13;7.66324e-10;5.81294e-11;6.29354e-13;1.34778e-09;4.73317e-14;1.56342e-13;2.21946e-14;6.87086e-08;9.74912e-12;1.76023e-12
1.86787e-05;0.959068;2.60938e-05;2.09306e-06;3.48945e-05;1.70036e-06;0.00141469;0.036812;9.00893e-06;0.000453432;3.64873e-07;1.32206e-05;0.0015278;0.000617923
2.36508e-08;3.06252e-05;0.999782;5.97964e-07;2.03299e-06;2.53601e-05;4.30053e-08;1.66159e-05;1.2301e-08;1.51568e-07;4.60116e-08;6.39316e-05;7.85564e-05;1.0249e-07
5.21683e-07;0.995247;0.000463078;7.30735e-06;1.48163e-06;3.10137e-06;6.60803e-05;0.000624013;2.83305e-09;8.76743e-05;4.59764e-08;4.16251e-05;0.00345352;4.67239e-06
3.43599e-09;3.62254e-09;1;7.60489e-09;5.4242e-10;3.9895e-10;4.14567e-08;3.87156e-08;8.60055e-10;1.57543e-09;1.42189e-08;3.33537e-07;3.12239e-10;6.25525e-11
5.69978e-06;0.000342902;0.00018988;1.32126e-05;3.18296e-05;2.45743e-06;3.51327e-07;0.00139976;0.000113793;3.50227e-07;9.85042e-05;0.996603;1.541e-05;0.00118263
1.57675e-05;0.981475;6.43253e-05;2.72685e-07;7.47985e-05;1.34854e-05;2.0454e-07;0.00119834;1.35022e-06;3.257e-07;2.92543e-06;0.00110531;0.0159887;5.90123e-05
2.8724e-06;0.628725;2.60682e-08;1.81986e-07;4.53911e-05;4.17304e-05;0.00364237;0.000233722;1.36404e-06;0.000490207;3.60089e-07;0.000311989;2.97413e-05;0.366475
2.66527e-10;6.62887e-11;1;1.05828e-10;4.08761e-08;1.7468e-09;3.52065e-10;9.36886e-09;5.64412e-11;7.49982e-11;8.58413e-12;1.91925e-08;1.60913e-13;4.80087e-11
1.83363e-07;0.000136117;1.42456e-09;2.83215e-09;6.90897e-05;5.10576e-07;2.13102e-08;0.999777;1.13699e-08;2.05527e-08;1.00805e-09;2.29746e-08;1.50816e-05;2.4827e-06
2.86663e-05;0.000371382;0.95032;2.27115e-05;0.00482001;0.00113169;9.63306e-09;0.040598;2.66384e-07;3.32411e-07;4.34139e-07;0.00259699;9.30246e-05;1.62253e-05
1.82674e-06;0.0987565;1.82463e-08;7.08308e-07;5.00936e-07;8.39152e-07;7.67142e-07;0.900571;1.10422e-05;2.34762e-08;1.03383e-05;0.00016097;0.000478366;7.23258e-06
3.49664e-07;0.998613;9.54676e-10;2.19004e-07;2.75414e-07;2.49438e-08;2.69743e-05;0.00119603;6.22218e-09;9.70851e-06;1.01798e-08;2.61294e-09;1.97032e-05;0.000133311
9.55208e-11;5.29368e-10;1;1.69544e-10;9.81801e-11;5.25044e-12;3.08195e-09;3.00523e-10;3.30484e-11;3.37062e-10;6.90359e-10;3.46385e-07;1.51705e-11;2.08715e-12
1.15859e-05;0.00034444;7.62409e-05;3.44212e-05;1.81589e-05;4.56266e-06;2.90295e-05;0.00945787;0.000255938;1.28255e-06;0.00340399;0.986073;2.82017e-05;0.000261039
2.7835e-05;0.433779;4.57724e-07;5.40442e-05;0.00951946;0.00101071;1.31745e-05;0.400198;0.000181548;1.18203e-05;0.000465959;0.00384639;0.13772;0.0131717
0.000156286;0.0524933;1.78743e-05;0.00139735;0.000272667;0.000705565;0.000633761;0.0017226;0.00574334;0.000606492;0.00585819;0.0104462;0.919496;0.000450855
3.69004e-06;0.0123946;0.986659;4.48232e-06;1.07945e-05;9.08481e-06;2.92241e-07;6.90949e-06;4.76116e-09;3.66938e-07;7.97588e-09;3.1518e-05;1.49195e-06;0.000878259
1.48342e-06;0.000288318;4.31523e-09;9.89825e-08;6.60044e-07;1.07749e-06;9.32113e-09;0.00185581;4.24314e-06;3.41286e-09;1.39446e-05;4.78845e-06;0.997828;1.66302e-06
8.31022e-06;0.00260288;3.08621e-06;1.0475e-05;3.31644e-06;7.51244e-06;4.04428e-08;0.0013266;2.68306e-05;1.1076e-06;1.92238e-05;0.993425;0.00182011;0.000745104
0.000117903;0.0622241;3.48239e-07;2.51873e-06;0.000122006;1.90744e-05;9.19372e-07;0.932188;3.77933e-06;6.03563e-06;1.86159e-05;1.64441e-05;0.00172483;0.00355543
1.14545e-07;0.00312378;1.12695e-05;3.6885e-06;4.91254e-06;2.6558e-06;1.19956e-07;3.68262e-05;1.82724e-07;1.88016e-07;7.43138e-06;0.994217;1.7745e-05;0.00257423
7.47584e-06;0.0125705;1.32103e-07;4.21146e-06;2.70418e-07;8.51096e-08;9.0018e-06;0.004616;5.38782e-06;1.81661e-07;0.000125726;8.92034e-06;0.982652;9.77674e-08
1.75349e-05;0.99918;2.05126e-05;5.3792e-05;1.40508e-06;1.03525e-07;1.81978e-06;0.000419422;3.99856e-06;5.94697e-06;5.8624e-07;5.08702e-05;9.39852e-05;0.000150382
7.63024e-07;0.040692;1.04231e-09;8.53954e-06;1.26967e-07;2.89846e-06;1.30508e-07;7.98805e-05;8.44261e-06;3.49474e-07;1.19933e-05;1.0994e-05;0.959184;1.36413e-07
0.000143045;0.0251865;0.58655;0.000761241;0.00145978;4.92099e-05;6.39861e-06;0.0023724;4.91513e-07;0.000224833;2.46942e-05;0.303455;0.000170949;0.0795956
3.78178e-07;0.000134779;3.45996e-11;3.61938e-05;1.5528e-06;2.29157e-05;8.96673e-07;0.00012184;6.54946e-05;7.04332e-07;0.00492652;1.96591e-05;0.994668;9.82674e-07
5.19876e-06;0.00406437;0.995301;7.17824e-05;1.79065e-06;5.96374e-06;0.000173862;1.32084e-05;6.52925e-08;0.000236735;1.53154e-06;2.49739e-06;1.12779e-06;0.000121046
3.34085e-08;1.36579e-08;0.999997;5.54584e-08;6.83985e-09;1.16034e-08;6.1273e-08;2.8463e-09;6.59405e-08;9.96626e-10;2.50301e-06;4.68558e-07;1.93147e-09;7.70306e-10
8.5344e-06;0.969229;1.9985e-06;6.31762e-06;8.83011e-07;1.0322e-05;9.37358e-07;0.0196659;2.56653e-05;1.21642e-06;5.61627e-05;0.00837314;0.000812889;0.00180682
3.42208e-06;0.000213523;2.78112e-10;4.2041e-07;6.76837e-07;2.68088e-06;9.67079e-08;0.00666579;5.44962e-06;4.94257e-08;0.000160992;0.000130924;0.992813;2.88467e-06
1.08202e-05;0.00168589;5.43237e-08;1.04036e-05;2.87088e-07;8.10687e-07;1.8347e-07;8.54771e-05;4.32587e-05;1.457e-06;9.76009e-05;0.99738;0.000579063;0.00010498
3.21552e-06;0.870164;2.43645e-08;0.000133452;6.0064e-06;2.73685e-05;3.3314e-06;0.00208583;6.50859e-06;1.08412e-05;2.45803e-05;0.000270171;0.127264;2.71764e-07
0.000786534;0.0194356;0.0126141;0.00236246;0.000158331;5.07029e-05;1.26082e-06;0.00452762;2.68622e-06;4.78487e-05;2.56042e-05;0.946846;6.65045e-05;0.013075
3.7183e-06;0.00619759;2.55139e-10;5.73133e-06;1.01824e-08;6.69635e-08;0.992605;6.57611e-07;8.22411e-06;0.000954778;0.000104729;3.43039e-09;7.59644e-05;4.33895e-05
2.11653e-11;2.93436e-13;1;2.36234e-10;5.5076e-12;1.65164e-12;3.4101e-09;4.45545e-12;2.2294e-10;2.38191e-11;1.3599e-09;8.05203e-11;6.02192e-17;9.52816e-15
0.000307394;0.976954;2.63131e-07;6.49687e-05;1.07988e-06;7.69396e-07;2.90992e-05;0.000932471;0.0148025;2.30592e-05;0.00529977;0.0013736;0.000208884;2.60432e-06
0.000175504;0.0619618;3.20635e-05;1.33478e-05;1.52708e-05;2.63809e-06;3.96961e-06;0.000594464;0.000500352;3.05108e-06;0.00256723;0.907987;0.0261432;3.13196e-07
8.36753e-06;0.00610912;6.53055e-08;0.000526074;0.00024574;0.000629399;3.61513e-06;0.0270177;0.000669573;0.000135689;0.000226708;5.52597e-05;0.964338;3.47021e-05
3.10107e-05;0.000110566;0.993909;0.000135016;1.08006e-05;1.13339e-06;3.27362e-07;2.87306e-05;7.44423e-07;3.13847e-05;1.07155e-05;0.00569873;6.25313e-06;2.50327e-05
1.27772e-06;6.35708e-05;1.01422e-08;3.23741e-07;1.28584e-08;9.16998e-08;0.993668;5.62495e-08;5.88842e-05;0.00597828;5.86959e-05;7.349e-12;1.33475e-07;0.000170713
3.58756e-11;3.34838e-12;1;1.28532e-11;1.39396e-12;2.43859e-13;1.27372e-09;5.08029e-11;4.03141e-10;1.30461e-10;5.65777e-10;7.92646e-11;2.36622e-15;1.82471e-15
