7.58411e-06;0.999375;0.000178777;2.81804e-05;8.40532e-07;2.99804e-07;2.44872e-06;0.000259087;1.43495e-07;2.18775e-06;2.18717e-07;5.83846e-05;6.3607e-05;2.36833e-05
1.54799e-05;0.978332;5.15651e-08;7.28717e-05;1.55912e-05;3.60435e-06;4.10983e-07;0.0194258;7.11784e-05;7.25706e-07;7.02484e-05;0.00107875;0.000850614;6.24785e-05
0.00016752;0.984046;9.05437e-08;3.11687e-05;1.03829e-05;1.11341e-05;5.47279e-05;0.00356629;0.000173473;3.63227e-05;3.44707e-05;0.00295966;0.00849644;0.00041197
0.000104293;0.00082917;6.47502e-08;3.69746e-06;0.000102263;2.42743e-05;1.04824e-05;0.000625712;0.000644407;2.29383e-06;0.000108596;0.997223;0.000225788;9.58159e-05
1.27368e-05;0.983609;5.1694e-08;1.08976e-07;2.3636e-08;1.98233e-08;1.79601e-05;1.30489e-07;5.51892e-07;2.39514e-08;4.58224e-07;0.000232221;0.0161262;2.97646e-07
1.09326e-05;0.147136;1.32575e-05;2.52345e-05;0.000232961;0.000988575;1.56397e-06;0.00129455;1.35982e-05;1.83816e-06;7.30575e-07;0.826967;0.0217624;0.00155149
1.14682e-05;0.975108;8.62672e-07;1.2339e-05;3.36051e-05;0.000145219;2.43532e-06;0.00364003;1.61389e-06;1.86129e-06;6.10753e-07;0.00664362;0.00883841;0.0055596
8.34246e-06;0.00806522;2.00825e-05;2.88671e-06;4.35562e-07;5.45269e-06;2.00851e-07;2.46804e-05;3.07139e-07;1.61097e-07;4.01524e-07;0.991375;0.000450791;4.58135e-05
2.49621e-07;0.999634;5.33316e-10;8.00949e-08;3.3148e-09;3.22343e-08;8.81398e-05;3.41695e-05;6.77529e-07;2.37027e-06;6.95975e-08;6.86803e-09;1.03846e-05;0.000229553
1.05929e-10;1.03335e-10;1;1.90184e-10;6.83314e-11;1.47328e-10;1.75921e-10;1.91658e-10;4.69912e-11;3.62114e-11;1.3945e-10;4.76277e-07;2.95646e-13;2.28876e-12
5.80327e-07;0.00606246;4.26459e-09;2.65507e-07;1.95654e-08;8.16869e-07;4.2141e-08;0.00042762;1.08965e-05;1.16708e-07;4.39863e-06;6.37715e-06;0.993486;2.11851e-09
3.81766e-06;0.000751457;0.975493;1.06626e-05;2.40289e-05;3.1537e-07;4.26318e-08;6.39432e-05;2.36343e-07;1.42025e-06;5.20887e-07;0.023619;1.17965e-07;3.18927e-05
4.53722e-06;0.977391;1.98564e-09;2.53551e-06;7.23133e-06;1.13952e-06;0.0194974;0.000166388;5e-05;0.00110899;1.0389e-05;1.53607e-08;1.82126e-05;0.00174194
2.54452e-08;1.09084e-07;0.999999;5.82753e-08;3.96742e-08;2.22726e-08;2.24745e-07;3.65054e-08;5.72351e-08;4.26081e-08;2.8624e-07;5.28077e-08;3.98487e-09;2.81076e-09
0.000108096;0.0644944;3.02181e-07;4.6651e-06;0.000425662;7.23865e-06;1.00578e-05;0.918776;0.00119831;3.03096e-06;0.00025545;0.000254606;0.0144596;2.44841e-06
8.99656e-07;7.86327e-06;0.999725;1.93677e-07;2.13001e-05;1.63085e-08;8.96205e-07;8.07498e-08;1.26772e-08;1.39313e-06;1.15221e-07;0.000237139;1.93665e-08;5.13162e-06
3.01812e-05;0.999851;4.65626e-08;2.84435e-07;3.30231e-07;9.88671e-09;4.09698e-05;3.7127e-05;2.24185e-05;6.39204e-06;1.92889e-06;4.6715e-07;7.91513e-06;9.95037e-07
1.21452e-06;4.13471e-07;0.999959;1.50202e-09;2.59616e-08;9.96914e-12;6.20448e-07;1.6094e-06;1.2678e-06;5.30276e-09;4.36115e-08;3.55368e-05;7.51831e-11;3.67621e-10
0.000132241;0.000257709;5.69223e-09;1.12195e-07;3.32724e-05;1.87679e-06;1.6765e-06;0.995822;0.00301676;5.56703e-08;7.17244e-06;0.000112563;0.000563562;5.09148e-05
4.05172e-06;0.989383;1.60465e-07;5.75126e-07;2.10773e-06;3.08465e-07;0.00199463;0.00756816;6.22645e-05;7.78977e-05;4.58197e-07;3.8478e-08;2.32336e-06;0.000903572
6.19336e-10;3.70946e-10;1;1.13876e-09;3.06682e-09;1.64375e-09;5.84578e-09;6.80856e-09;2.75734e-09;1.54903e-09;1.08143e-09;4.07406e-07;4.73282e-13;7.10257e-11
2.52736e-06;0.999757;1.99516e-07;1.07942e-08;7.2404e-09;1.35672e-08;4.81151e-07;5.59028e-06;4.68132e-07;8.07418e-09;1.48832e-07;5.90002e-05;0.000174123;1.29496e-08
9.55696e-07;0.00156548;4.50446e-06;3.44435e-06;0.000104522;8.22573e-05;6.96672e-07;0.000556607;4.49335e-05;6.74035e-07;2.92552e-05;0.992191;1.40657e-05;0.00540117
1.74121e-06;0.959802;3.4033e-09;2.48394e-07;8.70718e-09;1.29969e-07;1.13023e-06;9.53489e-06;8.58331e-08;1.19771e-08;1.46402e-07;2.65522e-05;0.0401583;4.92929e-08
7.63636e-06;0.119052;4.91825e-07;2.78412e-06;8.30573e-05;5.53505e-05;1.36203e-07;0.00134218;3.67673e-06;4.75524e-08;1.72196e-07;0.86779;0.0014815;0.0101807
5.34185e-05;0.562745;1.17593e-06;0.000216398;0.000278062;0.000526898;1.30694e-05;0.079172;0.000213061;3.80974e-06;0.000109307;0.348427;0.00535501;0.00288572
4.63863e-05;0.83856;2.52884e-06;6.61953e-05;6.33466e-06;3.01846e-05;2.08143e-06;0.00930675;8.41094e-05;9.88373e-07;0.00012433;0.0794752;0.0721377;0.000157572
3.95613e-05;0.959988;2.84463e-07;0.000190251;2.35745e-06;9.40512e-06;7.51699e-05;0.000308353;7.90308e-05;7.41301e-05;0.00013889;0.0025711;0.0364945;2.87886e-05
4.42994e-05;0.00476959;0.0770586;0.000237566;0.000399085;5.21337e-06;2.63871e-07;0.000314775;1.49632e-06;5.36004e-06;4.80366e-06;0.916564;0.000248445;0.000346585
0.00085645;0.767028;1.33604e-06;0.000325093;3.29044e-05;1.74117e-05;0.00266432;0.0429807;0.128104;0.000208196;0.0362898;0.00305533;0.0177775;0.000658852
1.9603e-05;0.954953;7.32461e-10;4.13272e-05;4.41406e-06;3.60336e-06;6.25158e-06;0.0013886;0.00023916;8.7678e-06;0.000267468;0.00047859;0.0425481;4.07501e-05
0.00102105;0.00352873;2.30626e-06;5.80056e-07;0.000256911;3.15241e-07;3.35235e-08;0.872751;6.79818e-06;3.30453e-07;1.05655e-06;0.121327;0.00100397;9.96042e-05
2.22853e-05;0.949987;0.000139897;9.44317e-05;0.000115329;0.000548364;0.00217774;0.0286274;0.000209893;0.000551275;2.45058e-05;4.85248e-05;0.00442849;0.0130249
9.59377e-11;3.60889e-11;1;2.23227e-10;3.21605e-11;2.20638e-11;7.90896e-11;5.84453e-09;6.86876e-11;4.51198e-11;3.93419e-10;1.99824e-08;1.14768e-11;1.28615e-13
4.79751e-06;0.00109188;0.994424;4.22836e-06;2.74684e-06;4.50414e-06;3.6427e-06;0.00173362;1.11266e-05;2.19079e-06;2.75158e-06;0.00266388;2.41953e-05;2.59539e-05
0.000151544;0.00301234;0.000456568;5.66199e-05;0.0425144;0.761227;1.5493e-05;0.000420108;0.000207389;7.33025e-06;0.000331441;0.00428602;0.020457;0.166857
0.000937462;0.10567;1.39674e-07;5.58013e-06;0.0532746;0.00108678;3.39141e-09;0.119463;7.11368e-06;3.69449e-07;2.36974e-06;0.00681144;0.697705;0.0150358
2.59323e-05;0.999511;2.29959e-08;9.33724e-09;3.87505e-06;3.87164e-07;1.08723e-05;0.000154745;9.5551e-08;3.24802e-06;1.80005e-09;4.93636e-08;2.36097e-05;0.000265949
1.71523e-10;3.26536e-10;1;4.8812e-12;9.57268e-10;2.33422e-12;1.27516e-11;5.62513e-09;1.72137e-12;9.48056e-12;4.58103e-13;4.26798e-07;1.90184e-13;4.73293e-12
0.000144843;0.00234026;1.74837e-05;7.11743e-05;0.000281229;0.000573858;0.000216231;0.961362;0.00745004;2.61933e-05;0.000441903;0.0127005;0.0131055;0.00126904
1.86461e-06;2.76415e-05;8.1985e-08;4.6765e-08;3.23487e-07;1.27876e-08;1.45921e-07;0.99996;8.42115e-06;8.84235e-09;4.62806e-07;3.08955e-07;1.08705e-06;1.4496e-08
8.79588e-07;0.976656;1.86635e-07;3.03244e-07;2.04192e-07;2.67465e-08;3.33544e-07;1.86522e-06;5.22391e-09;8.52936e-06;9.08227e-10;1.01662e-06;8.84114e-08;0.0233305
3.47202e-07;9.43061e-06;0.999975;1.33239e-08;1.63111e-07;1.92101e-06;6.98214e-06;4.06827e-06;1.46818e-08;1.41997e-07;4.20648e-08;1.0511e-07;1.47983e-06;3.15711e-07
1.28951e-09;1.09673e-10;1;3.37805e-11;1.53322e-10;1.48058e-10;1.54813e-11;1.92497e-08;7.73766e-11;4.60209e-11;2.0404e-11;3.10619e-08;3.99052e-11;6.19854e-13
1.83913e-07;1.81301e-07;0.999524;3.02562e-08;7.1542e-08;1.46965e-07;1.52095e-09;8.49972e-07;9.94022e-08;5.78255e-09;2.08277e-09;0.000474295;2.76867e-09;6.87267e-07
4.69688e-06;0.00357712;1.99312e-07;8.44688e-06;0.00290133;0.794552;1.55381e-07;4.15437e-05;4.86637e-05;1.42659e-06;2.41764e-05;4.7054e-06;0.156564;0.0422715
0.000161188;0.0116339;0.959958;6.43822e-06;0.00282477;1.68939e-05;1.14478e-07;0.000502077;1.38053e-07;8.21004e-07;6.17139e-08;0.0207744;0.00359475;0.000526755
2.14859e-05;0.00059404;1.62992e-08;7.90701e-06;0.000337133;2.82441e-05;1.12737e-06;0.992155;0.00606091;9.04935e-07;1.58788e-05;5.87237e-06;0.000768288;3.43902e-06
1.61917e-06;0.999401;5.73695e-06;9.28221e-07;5.54025e-07;1.45041e-07;1.22797e-08;0.000576421;7.05902e-09;6.682e-08;1.68115e-09;2.93024e-07;1.21242e-05;6.19733e-07
1.03782e-05;0.0797239;2.2037e-09;5.07408e-06;0.000133909;7.59036e-06;1.20569e-06;0.145795;5.00508e-06;1.09186e-07;6.82524e-07;0.000485993;0.773815;1.60518e-05
6.59983e-06;0.00172333;8.66378e-06;4.59736e-05;0.733534;0.000191996;7.54879e-08;0.00959415;5.68293e-09;5.08377e-06;9.51001e-07;0.196116;0.0038916;0.0548816
7.26228e-05;0.580018;4.39744e-06;0.000215601;0.000354534;0.000828771;2.46721e-05;0.0106658;4.12456e-06;4.70541e-06;0.000107575;0.0544418;0.349396;0.00386154
5.29666e-06;0.000175229;4.08671e-09;4.85452e-07;8.48394e-07;4.86215e-06;6.95627e-08;0.00928869;3.12629e-07;9.84808e-09;4.63515e-05;8.68444e-06;0.990468;1.51309e-06
1.1624e-06;0.000273954;2.01203e-06;9.54192e-07;8.6437e-07;2.0734e-06;1.65218e-09;6.73592e-05;2.61539e-07;6.3638e-08;1.14803e-06;0.998854;0.00065539;0.000140604
6.22501e-07;0.0064565;3.47569e-08;1.41974e-06;4.9326e-05;2.04207e-06;2.32837e-08;0.993159;4.56852e-06;8.03826e-08;1.06137e-05;3.1099e-05;0.00028353;1.02972e-06
0.00010628;0.895324;2.5863e-08;3.04277e-06;1.80322e-05;2.02673e-06;1.51979e-05;0.000403147;1.43674e-06;4.66997e-05;0.000122961;0.100801;0.00302171;0.000134682
0.000355982;0.54036;0.000142455;0.000243513;0.000186765;0.000447879;0.0282757;4.48562e-05;1.13004e-05;0.121409;8.98573e-05;0.0010009;2.31674e-05;0.307408
1.09513e-08;6.2311e-11;1;1.02936e-10;2.28555e-09;2.80176e-11;4.08046e-08;4.46474e-08;4.78636e-08;9.69143e-11;9.82927e-09;1.62198e-08;2.89161e-12;1.14769e-12
0.000828291;0.0603343;5.29728e-06;5.76377e-07;4.24641e-05;7.02329e-06;0.000199512;0.896318;0.0138854;5.84913e-05;5.86889e-05;1.26906e-06;0.0282456;1.47245e-05
1.56227e-08;3.17432e-09;0.999996;6.17546e-10;4.1366e-08;3.05729e-09;2.76283e-10;1.17771e-07;1.30177e-07;5.09826e-10;3.24004e-09;3.47854e-06;1.1146e-09;2.01048e-10
7.14487e-07;2.63463e-06;0.997243;1.84871e-07;1.61065e-06;8.9054e-08;2.63046e-08;0.00128613;3.95769e-06;1.90386e-08;1.41914e-07;0.00145672;4.30169e-07;3.93563e-06
2.27395e-07;0.000332913;3.35982e-05;1.00669e-07;2.19114e-05;3.13695e-05;1.71097e-09;1.13299e-05;5.0713e-09;7.70062e-08;3.49702e-09;0.000114366;1.18726e-07;0.999454
5.36874e-05;0.000504158;1.13931e-08;5.67623e-07;4.39509e-05;4.74485e-06;1.12986e-07;0.998096;1.08927e-05;2.55253e-08;9.18656e-06;5.07123e-05;0.00122522;8.46809e-07
2.81819e-08;3.12021e-05;6.65188e-12;1.00152e-09;1.78274e-09;8.58819e-11;5.45513e-11;0.999964;7.48506e-09;1.82179e-10;2.53106e-10;1.41739e-09;4.99731e-06;4.13071e-10
1.91945e-06;0.000159028;1.02222e-06;0.000906499;0.00118686;0.000415152;6.91183e-07;0.000175639;2.8016e-06;3.12938e-05;0.000109411;0.160965;0.00108513;0.83496
0.000104038;0.0058957;1.50009e-06;3.19295e-05;0.000462756;1.725e-08;0.000142303;0.992496;0.00023927;1.5646e-05;0.000431869;9.66992e-06;0.000141299;2.82224e-05
4.96671e-05;0.00143204;0.939246;0.00200722;0.000327788;3.12523e-05;0.000375537;0.000150434;0.000345806;0.000517953;0.0019517;0.000411447;0.0522597;0.000892895
0.000257041;0.994026;3.13202e-05;1.47867e-05;0.000170879;7.62107e-06;0.00100315;0.000502772;0.000513262;1.33886e-06;0.000984692;0.000457677;0.000672588;0.00135646
8.57713e-05;0.000182683;7.22268e-07;2.85991e-05;0.00157173;3.42152e-05;3.73854e-08;0.997483;0.000176347;1.55762e-06;1.61725e-05;0.000292357;4.63585e-05;8.0134e-05
0.00079306;0.735436;2.11839e-07;5.24843e-06;3.87066e-06;6.75486e-06;1.65561e-05;0.00237694;0.000578925;6.73633e-07;0.000283543;3.33302e-05;0.260464;8.12214e-07
3.06022e-05;0.967769;9.55181e-08;8.68598e-05;0.000198547;5.03304e-05;3.01708e-08;0.025081;5.00752e-05;3.58409e-06;3.20602e-06;0.00243092;0.00421548;8.06885e-05
1.93715e-07;7.98867e-06;0.999961;3.33905e-08;1.43008e-06;2.15296e-08;1.35522e-08;2.01857e-06;1.23439e-09;4.80807e-08;8.71625e-09;2.56912e-05;7.9568e-08;1.26222e-06
1.27957e-06;0.999321;1.20818e-07;2.89036e-06;4.60868e-06;5.8716e-07;0.000376162;4.20512e-06;7.33869e-08;0.000140205;5.77122e-07;1.37037e-07;2.97657e-06;0.000145194
5.47618e-08;8.12582e-09;0.999994;2.40394e-09;1.68465e-08;1.72823e-11;3.44173e-06;3.69903e-08;1.65635e-07;3.80902e-10;1.55569e-07;2.37769e-06;2.34097e-11;9.23366e-12
0.00186152;0.00169298;3.5714e-07;2.73667e-05;0.000103628;2.46675e-05;0.0342344;0.0282765;0.920351;2.20309e-06;0.0118546;1.53548e-05;0.00150418;5.16134e-05
3.63985e-05;0.00540075;6.62396e-07;6.83551e-06;1.10415e-05;1.01172e-05;2.6929e-07;0.992641;0.000350356;4.2325e-07;7.51709e-06;0.00148724;4.57947e-05;1.84932e-06
5.92213e-05;0.0166391;3.2106e-08;4.82806e-06;2.42901e-05;1.82642e-05;3.4164e-06;0.0150429;3.08264e-05;1.81632e-06;2.55742e-05;0.000541348;0.967541;6.79167e-05
0.000901816;0.00304231;0.00251213;0.00367076;0.950621;0.0162219;3.64148e-06;0.0124831;0.000131037;9.9086e-05;1.63201e-05;0.00210562;5.57435e-05;0.00813571
0.0197116;0.856913;3.54405e-05;1.4956e-05;0.000277055;2.17925e-05;7.02349e-07;0.0592903;0.0101732;1.22216e-06;0.000507898;0.0218888;0.0309741;0.000189852
2.96704e-05;0.0268553;4.84527e-10;2.34585e-06;0.000947469;1.68823e-05;0.000104216;0.000304471;1.48271e-05;0.000543578;8.31349e-08;9.95156e-07;2.61527e-06;0.971178
1.07759e-08;2.47303e-10;1;3.23696e-10;1.53651e-10;3.96914e-13;2.15787e-08;3.60707e-09;6.62966e-08;3.67563e-11;8.09401e-09;9.86391e-08;2.31146e-12;8.40496e-15
0.000123739;0.00827825;1.53579e-07;0.000134232;1.2658e-05;8.99443e-07;0.00137525;0.00301066;0.978194;5.97788e-06;0.00816989;0.00036955;0.000316689;7.74599e-06
0.000275547;0.948538;1.17939e-07;0.000269369;0.00158509;0.00124089;1.7486e-06;0.00338092;0.00195293;5.94912e-05;0.000117374;0.001452;0.0410913;3.4754e-05
2.59976e-05;0.00195711;3.59867e-10;1.88813e-05;5.59122e-06;6.705e-05;4.9887e-06;4.78073e-06;1.48178e-05;3.71654e-05;2.7756e-05;0.000848566;0.996982;5.52837e-06
0.000232753;0.000229;0.99775;9.55946e-05;0.00128084;4.79912e-06;1.98817e-06;0.000325937;7.92217e-06;1.218e-05;6.93721e-07;1.15542e-06;1.55832e-05;4.14752e-05
0.000346412;0.00408813;5.59729e-06;0.00159571;7.77723e-05;4.82e-05;0.00112962;0.00216351;0.889904;0.000417427;0.0916471;0.000365929;0.00817116;3.95352e-05
