5.90157e-05;0.952103;5.4668e-06;1.69765e-05;0.000246126;0.000246111;7.57974e-06;0.0209505;1.7706e-05;2.47139e-06;2.05958e-05;0.00811515;0.0150456;0.00316385
0.001259;0.835692;1.10513e-05;0.000134399;0.000548165;0.000560985;7.11481e-05;0.084956;0.000118964;2.88222e-05;0.000703769;0.00861694;0.0279115;0.0393878
8.28276e-05;0.23099;2.96316e-07;0.000789185;6.6746e-05;6.45888e-05;2.11862e-05;0.000639903;0.000353237;1.75645e-06;0.000319799;0.00473155;0.00575648;0.756182
0.00054062;0.794134;2.07503e-06;0.000317208;6.90219e-05;3.81971e-06;1.28808e-05;0.0235853;0.00180938;2.7089e-05;0.00445441;0.0332988;0.141402;0.000343023
3.04803e-05;0.856233;0.00811071;0.000336455;0.00204594;0.00032665;3.11738e-07;4.08585e-05;5.75516e-07;3.84289e-05;2.60307e-05;0.0387451;0.0921942;0.00187135
8.74638e-06;0.0216078;7.19014e-07;1.88636e-06;3.06365e-05;2.4726e-05;8.62064e-07;0.0386989;4.66715e-06;3.6346e-07;9.22341e-05;0.9202;0.0190807;0.000248138
2.60361e-06;0.0281404;4.95107e-10;0.000184231;0.000538131;0.474807;2.19886e-06;0.00146744;1.05364e-05;5.1996e-05;0.000193961;8.47094e-07;0.492811;0.00178934
8.1158e-05;0.000113533;0.857309;9.87438e-06;1.18364e-06;0.000157215;3.50824e-07;1.54266e-05;1.72735e-08;7.155e-07;1.22221e-06;0.140834;0.00143903;3.71298e-05
8.11473e-06;0.980713;1.6091e-06;6.36909e-06;9.50472e-05;0.000295245;6.11256e-06;0.00419705;2.13901e-06;1.7827e-07;2.16364e-05;8.6652e-05;0.014135;0.000432041
9.22837e-07;0.99816;4.65273e-08;2.80665e-07;2.36397e-08;9.82226e-08;0.000145187;9.33796e-06;3.04306e-08;4.75123e-05;2.1911e-07;9.77828e-07;0.00161077;2.47539e-05
5.44589e-09;2.64646e-09;0.999998;2.86997e-08;6.11476e-09;2.39922e-08;9.46036e-07;1.76963e-08;3.61555e-08;2.29567e-08;2.9176e-08;1.04554e-06;4.97211e-11;2.0343e-10
7.67979e-05;0.97981;3.2269e-07;0.000359955;1.60804e-05;5.20686e-06;0.000247462;0.00658468;0.000459853;3.9913e-05;0.00145301;0.00951242;0.001229;0.000205702
8.98606e-06;0.0343617;3.69656e-06;2.50923e-06;0.00102856;2.46485e-07;1.89399e-05;0.963936;4.66224e-06;1.42454e-06;0.000123002;0.000154264;0.000213161;0.00014322
8.77128e-06;0.000568121;0.000201087;6.64286e-06;0.0039535;5.85745e-06;2.14313e-07;0.0372304;5.4935e-06;4.70462e-07;9.73664e-05;0.957353;0.00056546;3.85845e-06
4.55456e-05;0.993626;9.83623e-07;1.69516e-06;7.33707e-05;3.36913e-06;0.000489811;0.00437756;0.00010444;3.25748e-05;2.50363e-05;9.6341e-08;0.00106572;0.000154144
9.91141e-09;5.93627e-09;1;3.4882e-09;6.3528e-09;8.73858e-11;8.07235e-10;5.12007e-09;4.64871e-09;8.28184e-11;6.00821e-09;3.47835e-07;2.68961e-10;3.35114e-11
2.90384e-05;0.00690484;8.71475e-05;0.000117777;2.23631e-05;1.83091e-06;2.01823e-07;0.0238387;0.0139064;2.63546e-07;0.0010756;0.953542;8.65326e-05;0.000387351
0.000457433;0.136669;2.12777e-05;1.76157e-05;0.000605113;0.00042261;2.70222e-07;0.71647;4.94224e-05;4.76662e-06;7.24612e-05;0.00044821;0.129387;0.0153745
2.07371e-06;0.98556;7.71191e-09;1.39242e-07;8.61724e-07;8.99525e-07;1.3094e-06;0.000719982;5.47779e-08;9.46307e-06;1.17148e-07;3.1869e-05;0.000467285;0.0132061
1.54799e-12;9.45191e-12;1;8.5102e-13;5.8206e-12;6.70802e-13;2.40985e-13;7.78138e-11;3.5961e-14;4.98023e-13;9.60661e-14;2.7607e-11;8.92675e-15;1.81443e-13
0.000321636;0.0626463;0.000943278;0.00268222;0.00186209;0.0200545;0.00201066;0.210914;0.29969;0.000960306;0.0549529;0.00618044;0.331634;0.00514793
