3.03982e-05;0.991992;0.00255436;0.000171528;1.93709e-05;8.61765e-07;2.91759e-06;0.00318137;6.14671e-07;5.19999e-06;1.76852e-06;0.00182199;0.000203459;1.44087e-05
4.19949e-06;0.981228;3.3456e-08;1.60468e-06;1.48997e-06;4.59328e-06;0.000116274;0.0135701;1.6277e-06;0.000118641;9.41721e-07;4.79707e-06;0.00471032;0.000237416
1.15313e-10;9.39008e-10;0.999999;1.39485e-09;5.9445e-09;8.58797e-10;2.69114e-10;1.16441e-09;1.53044e-11;1.27237e-10;7.51438e-11;8.52047e-07;2.06275e-12;5.82643e-11
2.93009e-05;0.978198;0.000516835;0.00037193;2.2613e-05;5.441e-06;0.000950022;0.00695424;4.79722e-05;4.39097e-06;0.000757123;0.00121505;0.0108853;4.16143e-05
4.55628e-05;0.61696;3.26252e-05;0.000205319;0.000100338;4.02334e-06;8.05478e-05;0.380079;0.000133102;7.53835e-06;0.000893486;8.72164e-05;4.93005e-05;0.00132215
2.04843e-05;0.0170373;5.29217e-06;1.49736e-06;7.51375e-06;1.59322e-07;1.14113e-07;0.00211849;1.1084e-06;1.46883e-07;4.01074e-06;0.972827;0.000296209;0.00768028
0.0005873;0.243919;1.5427e-06;0.000119961;0.000855026;4.22714e-06;2.02748e-05;0.0533587;0.00200081;7.81298e-06;0.00151059;0.691312;0.00620099;0.00010199
2.05201e-06;0.969441;3.18763e-06;1.14808e-06;3.39135e-06;8.90243e-06;1.59647e-06;1.17084e-05;7.96068e-09;1.22938e-05;4.495e-08;1.04162e-05;3.45289e-05;0.0304696
1.07853e-09;3.60107e-10;0.999995;7.05985e-11;3.1866e-09;2.11532e-08;1.22194e-11;5.33571e-09;3.17208e-12;5.54342e-12;1.09465e-10;4.70178e-06;2.8689e-10;1.04275e-09
7.38285e-06;0.032094;0.000263869;0.000110366;0.00184865;0.0559035;8.49221e-06;0.0183687;2.93714e-05;4.98656e-06;0.00054531;0.194999;0.121152;0.574664
1.17163e-05;0.843134;3.32114e-06;1.60926e-05;1.02154e-05;8.94344e-06;0.00013183;0.0234904;4.35825e-06;3.72771e-05;0.000175073;0.000348196;0.132128;0.00050059
1.65817e-08;3.95206e-07;0.999995;1.85732e-08;4.93371e-08;2.23547e-08;1.31948e-08;7.39022e-07;2.7941e-09;5.46177e-09;2.00059e-08;3.68086e-06;1.54995e-08;4.4954e-10
7.68714e-05;0.280291;0.000138318;0.000209952;0.000129378;0.000227772;2.5586e-05;0.0794889;0.000169802;6.36903e-06;0.00135218;0.601981;0.0354977;0.000404785
1.78214e-05;0.909377;1.9846e-06;1.33616e-05;9.57355e-06;2.32145e-06;4.54291e-05;0.00578215;2.60081e-06;3.02571e-06;0.000248092;0.00523543;0.0792269;3.46367e-05
1.09895e-06;0.00485023;1.58676e-08;1.21707e-05;2.45097e-07;0.000172203;5.72507e-06;4.86647e-06;8.83337e-06;1.10154e-05;0.00012212;0.00335804;0.991397;5.61644e-05
1.58698e-05;0.00291544;0.987414;0.000278757;1.49105e-05;0.000230362;0.000608283;4.64372e-05;1.0288e-05;0.00117363;1.27559e-05;0.00705291;3.47809e-05;0.000191557
1.06087e-08;5.63274e-09;0.999998;2.12592e-08;1.71856e-09;1.19381e-08;1.07829e-06;3.43925e-09;3.48898e-08;6.26135e-09;8.00422e-07;1.93132e-08;3.17045e-10;9.95912e-11
0.000135621;0.0576392;6.86107e-07;5.68069e-06;0.00141857;1.60313e-05;3.21449e-06;0.865083;0.000726392;1.37064e-06;0.000427139;0.0668389;0.00740459;0.000299304
5.3939e-05;0.995085;7.74775e-08;1.46596e-06;1.3208e-06;4.13629e-06;0.000685762;0.00359305;0.000105957;0.000230526;5.74993e-05;3.15051e-07;0.000108293;7.23153e-05
1.50524e-08;1.06765e-08;0.999996;3.68549e-09;2.75025e-07;1.99247e-10;1.4579e-08;5.35687e-08;1.07929e-09;2.16457e-09;2.22775e-09;3.46328e-06;4.62341e-12;1.99267e-09
3.81001e-05;0.931728;8.57566e-06;3.36429e-06;3.91099e-05;8.69304e-09;6.41313e-06;0.0023029;8.91846e-05;2.40433e-07;3.09761e-05;0.0656644;3.29149e-05;5.60655e-05
0.000156324;0.296303;1.81724e-06;2.76669e-06;0.000692829;1.76338e-05;5.83792e-06;0.547105;8.80199e-05;6.06564e-07;5.22504e-06;0.0623175;0.0931697;0.00013407
8.86907e-06;0.000472823;4.91126e-08;1.95556e-07;1.5667e-06;1.20534e-06;2.36774e-08;0.791395;2.00696e-05;2.7638e-08;1.23563e-06;0.00132173;0.206775;2.0741e-06
2.308e-06;0.000235816;3.25644e-07;7.26903e-06;2.21473e-07;7.42577e-07;3.81984e-08;8.20686e-06;9.02174e-06;2.64016e-07;4.1158e-06;0.999304;0.000377963;5.00852e-05
3.14873e-05;0.249649;1.16822e-08;9.6462e-06;0.000132824;4.984e-07;1.31363e-05;0.749889;1.40022e-05;6.19965e-06;8.87833e-06;4.50226e-05;0.000176022;2.38922e-05
1.55419e-05;0.0347765;0.50521;0.000159683;0.000360804;7.56926e-05;4.80974e-07;2.92846e-05;1.23537e-07;1.40361e-05;1.20833e-05;0.0862732;0.372902;0.000170066
4.78479e-05;0.205676;9.88181e-06;1.23127e-05;0.00102437;3.7249e-05;9.10161e-05;0.0473418;0.000105414;4.25464e-06;0.0109055;0.72478;0.00991805;4.59585e-05
0.00039289;0.538136;3.67537e-05;2.90034e-05;9.36823e-05;3.54317e-05;0.409848;0.0102063;0.000379974;0.0287625;0.00061207;0.00209405;0.00660061;0.00277268
9.22459e-09;2.79062e-10;1;1.14635e-09;2.31695e-10;1.77058e-10;6.61102e-09;6.80987e-09;2.66195e-08;1.27307e-10;3.27958e-09;1.59604e-08;4.00959e-11;4.12044e-13
0.000785498;0.0964996;0.00137495;3.07615e-05;5.07383e-05;0.000427053;7.94896e-05;0.771639;0.016491;1.47481e-05;7.87013e-05;0.086634;0.0145807;0.0113135
1.48487e-05;0.00158987;4.82575e-10;1.75798e-07;1.09173e-05;2.29433e-06;4.72663e-08;0.872208;4.23607e-05;4.4095e-08;1.13961e-06;1.4483e-06;0.126118;1.08301e-05
2.95449e-05;0.0217892;1.02275e-05;1.41935e-05;1.88974e-05;8.14986e-07;7.70025e-08;0.00209351;2.42944e-05;1.22641e-06;1.30597e-05;0.975425;0.000206899;0.000373519
1.14788e-06;0.980951;1.81245e-09;3.45985e-05;8.32516e-06;7.97787e-07;1.17795e-07;0.002738;5.98918e-06;1.90512e-06;2.19959e-06;0.0159532;0.000291957;1.11364e-05
0.000297798;0.884958;0.00437698;8.83984e-05;5.84726e-06;5.62188e-07;7.8835e-05;0.0416786;4.50012e-05;2.00718e-06;0.000681998;0.0627683;0.00500414;1.28734e-05
4.49588e-06;0.0416215;1.72936e-07;0.000105148;0.000764452;0.000382008;2.37919e-07;0.000288975;4.15934e-07;1.22421e-05;2.60211e-07;0.000660149;9.26882e-05;0.956067
0.000712901;0.0066089;1.68239e-09;3.26253e-06;5.5087e-07;1.185e-06;2.19673e-05;0.0206299;0.00381604;1.88966e-07;0.00344984;3.04061e-05;0.96472;4.72517e-06
8.52149e-06;0.00149216;4.68324e-08;1.95832e-06;1.66715e-06;3.24863e-07;3.34933e-08;3.78648e-05;2.89684e-05;2.76953e-07;8.09187e-06;0.997996;0.000211192;0.000213052
8.19423e-06;0.946964;1.8546e-05;2.47413e-05;4.90498e-05;1.58905e-05;5.29223e-07;4.9019e-06;1.04357e-07;4.20465e-06;8.82077e-07;0.00014896;0.052748;1.19647e-05
1.18061e-06;0.00318071;6.4372e-07;1.09495e-07;5.48614e-08;5.03116e-09;1.89498e-07;0.000529321;2.32096e-07;3.68906e-09;8.57841e-06;0.995535;0.00074453;2.78136e-08
4.03522e-06;0.513607;3.40719e-08;0.00026006;0.0215837;0.000578257;2.44912e-06;0.428771;2.03979e-05;8.26975e-06;4.23428e-05;0.00562365;0.0237098;0.0057887
8.01001e-06;0.00503231;4.8711e-09;4.8251e-06;1.85627e-06;6.21737e-05;6.58954e-06;8.52964e-06;3.13428e-06;4.58865e-06;4.5892e-05;0.000181117;0.994581;6.04488e-05
1.06165e-05;0.000647011;0.997234;7.24528e-06;2.07332e-06;4.07663e-05;1.31215e-07;3.3387e-06;7.53595e-09;5.95653e-07;1.05478e-07;0.0020112;2.48532e-05;1.76803e-05
4.5721e-06;0.934943;2.91268e-07;3.38125e-06;0.000126196;0.000531305;2.42541e-06;0.0266291;3.23815e-06;3.47336e-07;2.03391e-05;0.000282217;0.036135;0.00131888
4.88406e-07;0.999786;4.79331e-08;1.42564e-07;5.39037e-09;2.24276e-08;4.27663e-05;5.00904e-06;1.0128e-08;1.66419e-05;8.01897e-08;1.29769e-06;0.000137969;9.65806e-06
7.0902e-08;2.15278e-07;0.999992;1.01273e-07;6.35512e-08;4.78114e-08;2.07548e-06;4.57145e-07;1.42373e-07;2.26908e-07;1.38616e-07;4.50878e-06;3.94452e-11;4.84593e-09
6.23671e-08;7.50512e-06;2.26028e-10;1.16399e-09;1.89779e-09;3.74095e-10;2.74266e-09;0.999992;1.57521e-07;9.37916e-10;1.62315e-08;3.65472e-08;1.66474e-07;3.35697e-08
7.84195e-05;0.466757;6.16015e-06;0.000125315;9.26197e-06;7.78664e-05;0.516008;0.00163728;0.000220839;0.00364104;0.000554856;0.00232541;0.000780821;0.0077772
2.68476e-10;9.41483e-08;0.999989;7.38122e-09;4.44726e-10;2.3031e-09;1.09637e-05;1.96214e-09;7.23662e-10;7.3344e-08;7.0093e-08;1.51828e-08;9.64735e-12;5.35151e-10
9.63965e-09;4.27085e-06;0.999987;1.52698e-08;6.91286e-09;2.2422e-09;4.787e-07;6.08126e-06;2.02539e-09;3.34851e-10;1.30157e-07;1.53188e-06;4.92066e-07;2.22335e-10
3.08131e-07;0.0212097;2.30871e-05;3.92557e-05;2.83564e-05;4.39836e-05;4.64931e-07;0.00407674;6.82037e-06;1.14813e-07;0.000220966;0.8299;0.13984;0.00461005
4.83677e-08;0.975009;2.6768e-07;2.77717e-06;3.84611e-06;2.15174e-06;2.82557e-08;0.000214559;6.40372e-10;3.89828e-08;1.23913e-08;9.69223e-05;0.0244875;0.00018287
1.16843e-05;0.364878;1.13053e-05;2.12728e-05;0.00497662;0.00028143;4.99299e-07;0.194189;2.41633e-08;7.16117e-06;6.0501e-08;0.00924737;0.366751;0.0596249
8.9718e-07;0.0168592;3.6151e-07;1.94097e-07;1.36627e-06;0.000176126;1.0724e-07;1.63236e-05;1.14043e-07;1.50065e-07;4.24178e-08;2.02642e-05;0.982914;1.04524e-05
2.04076e-06;2.40875e-05;0.997704;6.52743e-06;1.43574e-06;5.38293e-06;4.83362e-05;7.01308e-09;1.7829e-08;0.000169176;8.19305e-08;0.00196165;2.67407e-06;7.49437e-05
1.58266e-06;3.16244e-07;0.999798;6.21295e-07;3.29272e-08;8.60564e-08;0.000126966;5.01819e-09;1.2356e-05;4.40809e-07;5.88145e-05;9.89442e-07;4.96299e-10;4.81952e-08
9.96734e-06;6.4413e-05;7.24177e-09;1.78504e-08;7.15002e-08;2.02207e-09;1.43506e-07;0.998561;0.00135163;5.44329e-09;1.0687e-05;1.20701e-06;5.43373e-07;3.03915e-09
2.62769e-07;0.966262;4.80941e-10;7.94902e-08;3.04189e-07;2.09376e-09;1.03532e-06;3.12401e-08;2.45704e-08;2.20542e-05;3.26501e-08;5.63221e-07;9.4212e-10;0.0337133
1.46112e-07;1.79062e-06;0.999976;3.78836e-08;5.2353e-08;1.19902e-07;9.1216e-07;1.65575e-08;1.26002e-07;7.00433e-09;1.15804e-06;1.96704e-05;3.55979e-08;5.35026e-08
3.00029e-06;0.993728;1.44022e-09;7.16358e-09;2.59801e-08;5.66106e-07;1.49701e-07;4.06164e-06;2.09447e-08;1.94291e-08;8.3266e-09;2.92025e-06;0.00625955;1.75256e-06
0.000150808;0.00695553;3.32684e-05;5.49693e-06;0.00173877;0.0001057;8.8107e-08;0.00648319;3.04039e-05;8.86611e-07;2.26417e-07;0.978386;0.00194346;0.00416641
0.0018134;0.189361;3.76893e-07;8.10188e-05;0.000631552;0.000141836;2.04635e-06;0.785043;0.0057135;7.05165e-06;4.17262e-06;0.000187535;0.0126914;0.0043217
5.54463e-05;0.00041418;1.16102e-08;4.89179e-07;6.04212e-07;3.20001e-08;2.5262e-08;0.982191;0.000192426;1.80171e-08;6.18501e-06;1.21014e-05;0.0171278;2.06648e-07
6.95901e-05;0.00449345;1.79731e-06;1.92249e-05;4.44834e-06;3.13525e-07;7.95328e-08;0.00127882;0.00116139;5.1525e-07;0.000179174;0.992706;7.29568e-05;1.25209e-05
1.27982e-06;0.995699;2.20644e-10;4.52263e-05;3.25903e-06;6.01852e-07;5.71878e-08;0.0017717;5.38342e-05;1.59506e-06;3.06009e-06;0.00230648;0.000112314;1.24533e-06
0.000107532;0.98455;0.000275758;1.75526e-05;1.98355e-06;9.72965e-08;1.03544e-05;0.00573233;1.90847e-05;2.0061e-07;0.000209114;0.00819455;0.00087807;3.00754e-06
5.27829e-07;0.00412212;1.45888e-08;0.000113502;0.000293502;0.000195608;3.07612e-08;3.07711e-05;1.61438e-07;3.3135e-06;1.47319e-07;0.000259592;8.22035e-06;0.994973
0.000245004;0.00123612;3.20361e-10;7.07949e-06;1.12327e-07;4.21345e-07;1.46711e-05;0.000863538;0.00123074;2.82328e-08;0.0096054;3.19412e-05;0.986765;2.469e-07
2.73782e-06;0.000320662;5.8775e-10;1.08877e-06;8.37469e-07;4.60256e-08;1.89518e-09;1.52771e-05;5.76658e-06;2.80545e-08;7.64018e-06;0.99952;6.63504e-05;5.90568e-05
2.29062e-06;0.956418;9.6218e-06;8.18565e-06;1.21519e-05;2.9269e-06;7.10943e-08;4.05419e-07;1.21883e-08;6.92116e-07;2.16404e-07;3.87927e-05;0.0435032;2.97663e-06
7.39533e-06;0.0379445;9.97886e-09;2.38561e-05;6.8265e-07;4.98064e-07;1.00863e-05;0.00126259;8.38513e-06;8.15316e-07;0.000267499;0.958023;0.000126853;0.00232395
2.2096e-05;0.776457;9.38011e-07;0.000188508;0.00252851;8.82941e-05;4.17659e-06;0.159779;2.94793e-06;1.0177e-05;4.40257e-05;0.0489283;0.0102752;0.00167056
6.68662e-08;3.8572e-06;6.49139e-10;2.59857e-08;3.97337e-11;7.30943e-07;1.67316e-06;2.69474e-08;1.32201e-07;1.15871e-07;4.18118e-06;2.16225e-09;0.999989;1.64199e-10
7.8021e-09;2.65207e-07;0.999998;1.90492e-08;1.65636e-09;5.27273e-10;3.23418e-10;1.90358e-09;3.6034e-11;2.03816e-09;1.02401e-10;1.25613e-06;2.76073e-10;5.9531e-08
7.35029e-06;0.987768;3.89601e-06;4.29243e-05;9.41123e-05;4.69934e-05;8.94496e-05;0.00954292;0.000545169;3.22643e-06;0.000824847;1.09752e-05;0.000761049;0.00025942
