6.45378e-06;0.0958285;1.87334e-08;2.19915e-05;0.000106;3.9246e-05;4.87421e-08;0.902186;1.28619e-05;4.80883e-07;5.78831e-06;0.00129294;0.000459831;3.98669e-05
8.96613e-05;0.0261736;6.41155e-08;8.81108e-06;2.30769e-05;0.000256524;7.83463e-06;0.0172617;1.16385e-05;1.03832e-06;0.000130711;0.000633906;0.955211;0.000190754
0.00372355;0.00132395;0.00220481;0.0100114;0.583121;0.338906;5.79495e-06;0.0213084;0.000153946;0.000210775;0.000226467;0.00318218;0.00179354;0.0338286
7.53394e-05;0.978008;4.76029e-06;3.7686e-05;8.41153e-05;1.71512e-05;1.09577e-07;0.000110978;4.50492e-05;9.52333e-08;3.25144e-05;0.00576422;0.00254731;0.0132727
0.000622355;0.00532348;8.1699e-06;0.000518215;0.0754175;0.000302766;5.82908e-06;0.793721;0.0145709;5.54601e-05;0.000936953;0.00286321;0.000500856;0.105154
0.00107652;0.000316561;2.53355e-08;6.24286e-07;1.86738e-06;2.33629e-08;3.14352e-06;0.615217;0.382739;1.27219e-07;0.00060292;2.55535e-06;3.89739e-05;3.21294e-08
0.0141809;0.126859;0.000376508;0.000106945;0.00486024;4.01924e-05;9.51255e-06;0.342809;0.0245593;6.12614e-05;0.00122775;0.381642;0.0816277;0.0216388
1.75667e-05;0.0901452;2.73973e-06;1.09922e-05;0.000213725;1.65348e-07;4.04176e-07;0.00395717;0.00073627;2.2857e-07;1.62103e-05;0.904519;2.00823e-05;0.00035985
0.000243444;0.951891;6.81218e-07;8.17954e-05;0.000112077;6.08497e-06;8.06178e-06;0.00584535;0.000164128;1.84573e-05;3.38774e-05;0.0307456;0.00971651;0.00113322
0.000582751;0.072117;1.22774e-06;6.77795e-05;7.90272e-05;2.0302e-05;6.64078e-06;0.0758444;0.000380895;4.63553e-05;1.94436e-05;0.770823;0.0794438;0.000567286
0.000984179;0.0863933;6.6004e-05;0.0260744;0.0365865;0.00866843;0.000169904;0.358656;0.121339;0.00141763;0.0608881;0.0631951;0.2354;0.00016147
0.00087689;0.237373;0.756281;0.00202126;8.65157e-05;9.08004e-06;0.000304405;1.78084e-05;7.13085e-05;3.71367e-05;0.000253838;0.000913895;0.00172266;3.13898e-05
0.000126796;0.947746;5.02974e-08;4.27735e-05;4.71286e-06;1.72854e-06;0.0136663;0.000166781;0.0304697;2.47604e-05;0.00419272;3.15126e-05;0.00347967;4.70192e-05
0.000516664;0.803668;0.00026276;0.0150173;0.000244181;0.000135875;3.04183e-05;0.00045956;0.00848129;7.93085e-05;0.00151223;0.166975;0.000661274;0.00195579
1.77364e-05;0.99888;6.29558e-09;7.38538e-05;4.18016e-06;4.91455e-08;1.87527e-05;5.61181e-05;0.000328067;1.66219e-06;0.000335685;8.57834e-05;3.17785e-06;0.000194942
3.26367e-05;0.997128;2.54473e-09;2.08327e-05;3.54319e-07;1.3746e-07;9.07925e-06;6.7428e-05;0.000102707;9.57974e-07;0.000331304;0.00165898;0.000634239;1.35406e-05
2.12873e-06;0.00415436;7.97906e-07;3.51989e-07;6.74334e-08;1.41525e-09;1.01659e-08;0.000399742;1.05593e-06;6.84456e-10;3.55561e-06;0.995397;4.12316e-05;2.28892e-08
5.92454e-06;0.849866;5.41909e-07;4.39702e-05;0.00511078;4.7559e-06;2.11969e-08;0.141411;3.24681e-06;1.31472e-06;4.34211e-07;0.00123563;0.000792785;0.00152414
1.16333e-07;6.83692e-06;4.32753e-09;2.33387e-08;3.49196e-09;2.94807e-05;2.47644e-08;3.54352e-08;3.45295e-07;1.27072e-07;1.78593e-07;2.56949e-08;0.999963;3.52263e-08
1.67545e-08;1.30764e-06;0.999998;1.92229e-08;5.03168e-09;2.08788e-09;6.50793e-10;7.10256e-09;1.03436e-10;4.33581e-09;3.09133e-10;5.32929e-07;1.8722e-09;1.69608e-08
1.57465e-06;0.990188;1.57698e-06;1.19581e-05;3.18013e-05;8.31395e-06;6.98253e-06;0.00769601;7.21806e-05;9.88532e-07;0.000109824;8.09852e-06;0.0016711;0.000191467
