5.01342e-06;0.998048;0.00123064;1.34307e-05;1.9435e-06;1.58629e-06;1.00648e-06;0.000182926;8.24902e-09;1.51035e-06;1.57345e-08;6.7948e-05;7.42553e-05;0.000371262
5.99365e-06;0.00245873;1.68442e-09;4.16711e-06;5.1664e-05;2.40967e-06;4.5549e-07;0.00771293;1.78028e-05;2.75894e-07;7.73059e-05;8.21316e-05;0.989581;4.784e-06
3.95986e-06;0.999356;1.49755e-05;1.76111e-05;1.2997e-06;1.73078e-06;1.0454e-05;0.000471942;4.17218e-07;8.16236e-06;2.35753e-07;3.06949e-06;1.39354e-05;9.59539e-05
5.69332e-08;5.8133e-07;0.999926;2.27062e-07;1.89613e-08;3.2029e-09;1.94124e-08;7.21884e-05;1.21454e-08;3.93236e-09;1.9409e-07;6.50426e-07;6.19939e-08;3.50354e-09
2.89755e-08;1.11297e-05;0.000202772;8.11799e-07;2.99734e-07;6.81461e-08;5.52272e-08;6.4195e-05;7.28188e-09;1.80098e-07;1.47538e-07;0.000382575;6.97429e-07;0.999337
4.62974e-07;2.63765e-05;3.28614e-10;1.18197e-06;0.00950752;6.39653e-05;2.36859e-07;0.990326;2.9208e-05;5.29922e-08;2.1893e-05;6.95423e-07;5.04488e-06;1.78167e-05
1.91229e-08;1.85528e-05;0.997912;2.44927e-06;0.00198513;2.02244e-05;1.5535e-09;3.20967e-05;2.111e-11;1.20927e-07;3.86163e-09;2.3585e-05;1.73287e-06;3.79583e-06
1.67032e-06;0.1529;0.00144058;3.29156e-07;5.44592e-05;1.31919e-05;2.75055e-08;1.1355e-05;3.03913e-10;1.55875e-08;1.56287e-07;0.00022033;0.845349;7.99547e-06
5.50625e-07;0.320447;4.79212e-05;1.18661e-06;3.18099e-05;0.000391588;6.93239e-07;0.00347921;6.10027e-08;3.75331e-07;6.36971e-07;0.637816;0.0340609;0.00372269
4.21254e-06;0.763154;5.65323e-05;7.39316e-06;0.00431752;0.000497957;2.60415e-07;0.176752;3.00511e-07;2.46992e-07;8.09766e-07;0.000483244;0.0480415;0.00668424
1.91628e-05;0.0905383;1.3544e-06;2.52484e-06;1.67824e-05;1.40217e-05;7.04961e-06;0.0181182;1.33687e-06;5.53022e-06;2.31291e-06;6.14156e-05;0.89118;3.16834e-05
7.68864e-12;1.99657e-12;1;8.81808e-13;4.0366e-13;4.68586e-13;2.38428e-14;3.50174e-11;8.58199e-14;4.93712e-14;5.58891e-14;1.12403e-10;5.39829e-13;3.2e-15
1.28658e-07;5.78799e-05;0.990939;4.88455e-08;7.95856e-08;8.04252e-08;1.51916e-09;7.93895e-06;9.84395e-09;2.19939e-08;3.4594e-09;0.00898263;3.42409e-07;1.17446e-05
1.78685e-06;0.000214715;9.76347e-07;2.25666e-05;0.961623;0.0162542;1.00774e-07;0.00409965;4.2277e-06;7.93114e-06;7.62299e-06;2.36358e-05;3.64399e-05;0.0177031
2.12414e-06;0.966953;0.000422658;6.29639e-05;0.0012112;0.00239299;0.000593973;3.29734e-06;2.4923e-09;0.00300696;1.88534e-06;0.000290966;2.50117e-05;0.0250328
7.98041e-10;7.94951e-09;1;9.46052e-11;6.6628e-09;3.36894e-09;3.96578e-09;6.2848e-10;7.28473e-12;1.0263e-11;2.50461e-10;1.98607e-08;3.71063e-10;1.70939e-11
3.1001e-06;0.893418;1.98527e-06;5.53927e-07;4.48637e-07;1.19102e-05;5.35552e-06;0.0307179;1.78319e-05;5.38287e-08;2.1769e-05;0.000295256;0.0755053;1.49527e-07
9.57091e-06;0.554177;1.95636e-05;6.38173e-05;0.000116848;0.00932463;2.78123e-06;0.00877321;2.1095e-06;9.88558e-06;2.00075e-05;0.00734365;0.414645;0.0054917
2.30447e-05;0.0733463;8.2377e-05;0.00011544;0.00584197;0.00013084;1.30843e-06;0.0113589;3.02788e-07;1.76556e-05;1.62843e-05;0.901988;0.00524495;0.00183303
7.44413e-06;0.213882;8.03375e-09;4.24161e-06;1.5676e-07;3.28311e-07;0.783951;5.29024e-06;3.15378e-06;0.0019127;4.2569e-05;9.88924e-08;7.87176e-06;0.000183033
6.9245e-09;1.58854e-10;1;1.00914e-09;1.97585e-08;2.87128e-10;2.96038e-08;1.00362e-09;1.28839e-09;9.60342e-10;2.76236e-09;2.51981e-08;1.72646e-12;5.80761e-12
0.00040948;0.692884;1.87138e-07;3.85655e-06;0.000487696;4.09578e-06;0.000661787;0.28519;0.0199834;1.94825e-05;0.000114885;0.000105205;0.000107188;2.79646e-05
0.00184446;0.0200546;0.0700296;0.00062027;0.035754;0.00364345;1.81904e-06;0.000185057;6.27227e-05;4.73914e-05;7.80272e-05;0.746145;0.112063;0.0094707
4.79178e-05;0.732378;4.27501e-08;4.79927e-07;3.00234e-05;2.47266e-08;5.79562e-05;0.263639;0.003014;9.91887e-08;0.000132277;0.00061856;8.0347e-05;1.05553e-06
0.000194948;0.80697;0.061614;0.00193701;0.0113157;6.55923e-05;3.15659e-06;0.000169374;2.04061e-05;0.000118826;1.15277e-05;0.0106659;0.00792655;0.0989873
0.000140381;0.817982;4.32623e-08;7.81125e-07;0.000277312;3.30991e-06;5.67448e-06;0.178523;0.000694922;1.98788e-06;6.81839e-06;0.00117498;0.000752632;0.000435694
0.00024633;0.00804258;0.0782355;0.000527255;0.0360834;0.00539654;8.21141e-07;0.00267332;7.03023e-05;2.19884e-05;1.92035e-05;0.824834;0.0367876;0.00706078
0.00584591;0.621439;3.01266e-07;0.000201355;0.000233864;2.98972e-05;0.00196491;0.0362123;0.292975;0.000128129;0.025627;0.00409086;0.0092847;0.00196611
0.00239124;0.077903;7.5312e-05;0.000127013;0.00131566;6.16215e-06;8.37043e-05;0.0471354;0.0588587;7.32898e-06;0.0139414;0.786723;0.0112985;0.000133324
0.00276643;0.618148;9.92886e-05;9.51648e-05;0.000913638;6.88691e-06;0.000125773;0.000432161;0.00555566;0.000529331;6.32704e-05;0.346442;0.000214419;0.0246075
0.00210528;0.127924;8.22609e-06;2.78086e-05;0.000293494;0.000132932;0.000189455;0.786222;0.025468;1.6842e-05;0.000577389;0.0239431;0.0330091;8.17887e-05
0.000293106;0.00254008;1.5134e-07;5.66689e-06;3.70973e-05;3.32678e-06;1.78042e-06;0.901187;0.00389957;7.86186e-07;0.000131546;0.00400278;0.0878932;3.42459e-06
1.64554e-05;0.990757;4.47027e-06;1.38497e-06;7.66468e-07;7.19614e-08;8.37043e-08;0.00176408;5.23067e-06;3.54149e-08;2.16978e-07;0.00248126;0.00496407;4.68509e-06
4.15672e-06;0.00663059;1.69072e-09;3.30559e-05;0.00033782;1.30049e-05;0.00199179;9.44998e-05;3.2972e-05;0.00258688;5.72022e-06;0.000201321;9.71232e-07;0.988067
3.45726e-06;7.5342e-05;0.999163;1.01144e-05;1.02651e-07;3.25953e-06;0.000203719;8.11829e-06;5.65774e-05;7.92134e-07;0.000456007;1.86348e-05;1.33954e-06;2.06903e-08
0.000116769;0.000353137;3.44722e-08;1.65422e-07;1.05019e-05;5.67563e-07;2.41576e-06;0.999426;5.91988e-05;2.8532e-07;8.20576e-06;6.65787e-07;2.70768e-06;1.95733e-05
6.15532e-05;0.973716;1.07061e-05;1.28949e-06;2.1526e-07;9.79215e-07;0.0252668;3.28476e-06;8.48842e-05;0.00025639;5.83337e-06;0.000333921;1.52421e-06;0.00025696
7.13209e-10;2.0182e-09;1;9.18294e-10;6.31848e-10;2.28398e-10;1.63241e-07;3.82133e-10;2.96217e-09;3.28868e-10;6.25577e-09;1.04926e-07;3.08534e-12;3.08337e-11
4.4463e-07;0.937249;5.13018e-09;2.58398e-07;2.58365e-08;8.76962e-08;4.81535e-06;6.1111e-05;1.58499e-06;1.25489e-08;7.46186e-06;0.000106231;0.0625694;1.4599e-07
2.26935e-05;0.0988954;1.17999e-05;0.00231195;0.00534726;0.0124757;7.94578e-06;0.0927573;0.000190011;2.71567e-05;2.77212e-05;0.362495;0.414859;0.0105704
0.000269838;0.182461;5.58698e-06;0.0180014;0.00303962;0.00114283;5.71543e-05;0.0934249;0.0242549;5.22668e-05;0.00931746;0.663545;0.000698177;0.00372952
0.000117462;0.884248;7.59264e-06;6.77884e-06;1.36767e-07;1.4381e-06;1.13499e-05;0.00138836;1.38232e-05;1.0227e-07;3.04765e-05;0.0617927;0.0523751;6.23975e-06
5.74813e-06;0.749722;1.4112e-05;1.78122e-06;4.41619e-06;1.09835e-05;3.9818e-08;0.0545582;2.14228e-06;3.00764e-08;6.08218e-06;0.168164;0.0267606;0.000749759
2.16164e-06;0.963312;3.82975e-06;0.000102576;1.44213e-06;0.000340557;0.00567331;4.21254e-05;7.73755e-07;0.0165714;1.22427e-05;0.000153902;0.00030246;0.0134809
9.75661e-09;2.09347e-08;0.999994;1.21822e-07;6.31117e-09;3.27075e-07;5.36359e-07;1.88649e-07;8.34435e-09;4.16274e-08;1.65715e-06;3.32173e-06;6.68006e-09;5.33935e-11
1.59571e-05;0.135383;2.10939e-07;3.73804e-06;9.20661e-07;5.44625e-06;0.860875;8.16605e-06;2.58606e-05;0.00224541;0.000597884;9.88373e-08;2.10304e-05;0.000817798
2.20325e-08;1.07026e-09;0.999999;3.28771e-09;2.16033e-09;3.27336e-09;3.53327e-07;3.44937e-08;1.634e-08;1.94507e-08;1.00411e-07;7.79962e-07;7.14433e-11;3.47756e-11
7.71344e-05;0.0557995;0.000313699;4.63546e-06;1.81838e-05;3.63468e-05;5.49412e-06;0.0102107;5.02854e-05;8.25004e-06;5.40522e-06;0.924605;0.00793746;0.000927413
2.69511e-06;0.925199;2.45719e-06;3.96548e-06;1.03952e-05;7.38404e-05;0.0648909;0.000123847;5.9639e-06;0.00844839;6.98873e-07;9.88281e-09;3.94119e-05;0.00119826
1.15943e-08;1.09537e-09;0.999968;3.52755e-09;5.20172e-10;1.04937e-10;9.24194e-08;7.57844e-09;2.20661e-08;2.2845e-09;3.7092e-09;3.14787e-05;3.8421e-11;1.31711e-11
8.92522e-05;0.932581;5.14612e-07;1.37423e-05;7.77077e-06;1.0021e-06;0.0635484;0.000248015;0.00272923;0.000164143;6.55032e-05;1.94825e-06;0.000117436;0.000432413
2.19464e-09;6.17386e-09;1;2.22881e-11;1.06412e-10;2.12456e-13;2.01116e-09;1.33846e-08;3.17067e-10;3.10894e-11;6.93805e-11;9.78037e-08;9.81245e-12;9.00516e-14
0.000336719;0.710904;7.07466e-05;3.37609e-06;0.000240511;5.04555e-05;0.000117883;0.221152;0.000105877;7.26796e-06;6.87047e-06;0.0153303;0.0180022;0.0336716
3.83675e-05;0.0200197;1.89211e-05;1.9865e-05;0.00417574;0.00605166;4.13099e-06;0.0189347;2.02823e-05;6.72408e-06;2.14253e-06;0.842659;0.10732;0.000729297
1.92994e-06;0.983397;1.21306e-10;2.17242e-07;4.60579e-07;6.28893e-07;0.0042214;0.00887173;6.25939e-06;2.84307e-05;3.29659e-07;1.00825e-07;0.000763834;0.00270771
4.52499e-10;6.66004e-10;1;1.95039e-09;6.04017e-09;1.78e-08;1.57096e-09;3.20492e-09;2.33313e-10;5.53154e-10;3.75831e-10;7.93459e-08;3.80091e-11;6.96205e-11
0.000150962;0.395949;1.96666e-05;3.99781e-05;9.94552e-05;1.01393e-05;6.51119e-05;0.0495906;0.000344385;3.87993e-06;0.000143207;0.0734583;0.480034;9.18377e-05
7.43358e-05;0.424;2.96654e-07;0.00359861;0.00121124;0.000425683;6.18147e-06;0.534981;0.0019997;4.11849e-05;0.000464516;0.0151276;0.0165667;0.00150292
8.75445e-05;0.910485;2.1808e-06;0.000236056;8.1507e-05;3.48355e-05;6.74059e-06;0.0159875;9.69243e-05;6.05447e-06;0.000810087;0.0402829;0.0315914;0.000291016
0.000375772;0.00523314;0.000455442;0.000383458;6.97316e-05;3.47404e-06;2.29633e-06;0.00321281;7.79125e-05;7.24402e-06;0.000807373;0.989344;7.48953e-06;1.98437e-05
0.0157145;0.816835;8.64221e-07;6.52621e-05;0.00011724;1.06232e-05;7.77832e-05;0.0368089;0.0187705;5.02652e-06;0.00471674;0.00137106;0.105292;0.000214245
0.00037392;0.56178;9.63487e-08;7.99721e-06;0.00243169;9.75166e-07;4.60304e-06;0.0964722;0.000732003;2.04292e-05;7.02781e-06;0.000769435;0.000199997;0.337199
9.64564e-05;0.30303;0.12086;0.000437473;0.0754269;2.23091e-06;9.19269e-07;0.000296418;0.000113296;6.98809e-05;6.2222e-05;0.416281;2.54704e-05;0.0832974
0.000413346;0.0783739;4.24655e-07;0.000159952;0.000735886;6.85415e-05;0.00337551;0.0513552;0.788378;2.32408e-05;0.0357599;0.00085772;0.0400296;0.000468468
2.27904e-05;0.99267;2.32706e-07;2.78593e-06;7.75554e-06;8.15876e-07;7.12738e-06;0.00217863;2.35255e-05;1.36909e-06;1.54519e-05;0.00442091;0.000160797;0.000488209
0.000221975;0.994489;1.03538e-06;1.38863e-06;5.57131e-05;3.06614e-05;8.37359e-05;6.17616e-06;4.69129e-06;3.62252e-06;6.80574e-06;0.00161269;0.00170117;0.00178084
6.31424e-06;0.00269052;1.28642e-05;3.58308e-06;0.000172414;3.79988e-05;4.72887e-07;0.000171187;7.4283e-06;9.68899e-08;6.02907e-06;0.995794;7.82199e-05;0.00101878
0.000490358;0.947879;4.21968e-05;2.68239e-05;0.000720016;0.00020127;0.000273157;0.00964824;0.000246647;1.37457e-05;0.000120126;0.000302197;0.0374254;0.00261115
2.03619e-05;0.156033;2.63095e-05;2.33261e-05;2.84313e-06;4.03517e-05;1.91451e-06;0.000798136;7.56602e-06;1.43402e-06;2.89519e-06;0.833229;0.0077606;0.00205179
1.74611e-06;0.988067;7.72674e-10;9.04884e-07;2.00111e-07;5.01806e-07;0.000259233;0.00509421;5.10827e-06;5.17338e-05;1.97712e-06;3.69768e-08;7.5282e-05;0.00644253
3.38772e-10;2.7285e-10;1;2.94267e-10;8.0115e-10;3.64115e-10;1.54459e-10;7.58829e-09;4.1847e-11;1.96303e-10;9.80148e-10;3.30294e-08;1.27556e-12;1.51855e-11
1.48547e-05;0.0220526;6.54275e-07;3.36348e-07;7.41834e-05;8.64522e-06;5.71722e-07;0.975889;6.53001e-06;1.94649e-07;3.85614e-06;0.000591412;0.00119916;0.00015811
0.000140066;0.363052;8.57069e-07;5.63378e-06;6.82371e-05;6.94006e-05;0.000320181;0.623011;2.64568e-05;0.000100402;5.34448e-05;6.58222e-06;0.0122927;0.00085328
8.51768e-08;1.29092e-08;0.999997;1.97984e-07;1.85717e-08;1.5706e-08;6.79778e-07;2.73221e-08;1.62513e-07;2.80406e-08;2.25038e-07;1.30421e-06;2.82038e-09;4.57863e-09
0.000167179;0.0737201;0.00305887;6.79248e-05;2.73598e-05;2.68831e-06;6.33461e-06;0.860649;0.000859187;6.104e-06;0.000176372;0.0562467;0.0027091;0.00230292
3.11022e-08;0.995284;2.67466e-09;1.1297e-09;1.2148e-08;2.22412e-08;4.81878e-07;2.13388e-07;6.22922e-11;2.25326e-06;5.25696e-11;1.32748e-09;5.81259e-06;0.00470752
1.69211e-10;2.52587e-10;0.99999;1.90629e-11;1.34694e-07;5.44768e-10;2.54446e-10;1.74566e-08;2.62185e-11;3.82684e-11;2.8136e-11;1.0115e-05;1.30139e-13;8.46998e-10
3.16958e-05;0.385888;5.45004e-06;0.000151907;0.000140497;0.000253809;0.01079;0.121915;0.0144885;1.09601e-05;0.00403131;7.01187e-06;0.462253;3.3531e-05
3.29311e-07;0.997513;1.47504e-08;1.04369e-06;9.50909e-07;6.38303e-07;1.19029e-07;0.00228717;1.08705e-07;3.38244e-07;4.67348e-08;1.73792e-06;0.00011612;7.82243e-05
4.50281e-07;0.825276;2.7616e-09;1.39117e-07;1.42939e-08;1.15277e-07;5.2951e-07;7.22201e-07;2.82686e-08;8.82406e-08;9.72911e-08;0.000415352;0.174306;3.8618e-07
1.03893e-06;0.0101012;2.95787e-07;9.25935e-07;0.000220569;1.02109e-05;2.14259e-08;0.000985938;8.42725e-08;6.5847e-08;7.18303e-08;0.987726;0.00047002;0.000483602
4.78551e-05;0.988189;6.18945e-08;2.97251e-05;7.37686e-05;1.05025e-05;2.99453e-05;0.00297895;2.025e-05;3.49647e-06;5.80168e-05;0.0063749;0.0014844;0.00069907
0.000305394;0.484585;0.00043244;3.29682e-05;4.46675e-05;0.000324406;6.40781e-05;0.00267663;1.78037e-05;2.02964e-06;9.46163e-05;0.423444;0.0799383;0.00803688
4.22986e-07;0.996727;1.76915e-09;1.55774e-07;7.92244e-08;2.70774e-07;1.06845e-05;0.0013376;4.13919e-07;8.19327e-06;7.20546e-08;1.32344e-08;0.00017683;0.00173823
9.06709e-11;2.38858e-10;1;6.2039e-11;1.83809e-10;1.35582e-10;2.28685e-11;2.5825e-09;1.20109e-11;4.84587e-11;1.03147e-10;2.69553e-08;3.11952e-12;3.20866e-12
2.21061e-05;0.02027;3.52315e-06;1.09142e-06;0.000136075;4.63589e-05;1.21797e-06;0.97652;1.17405e-05;4.77654e-07;4.84487e-06;0.000307238;0.00220636;0.000469108
0.000140754;0.00602569;8.34052e-08;1.3992e-05;0.000297884;1.15131e-05;3.34222e-06;0.946237;0.000124655;1.6171e-06;0.000456702;0.0190815;0.0275551;4.98638e-05
0.00145833;0.122458;0.000162774;5.56877e-06;4.90783e-05;1.68364e-06;3.74348e-06;0.57172;8.8654e-06;5.16042e-06;1.73977e-05;0.292285;0.00971391;0.00211054
2.88184e-06;0.0914588;1.61451e-05;4.97923e-05;8.72616e-05;0.000146713;5.40674e-06;0.0111451;6.11817e-05;7.78759e-06;6.93089e-05;0.88893;0.00681374;0.00120553
3.2259e-05;0.0627467;1.03953e-07;1.83299e-05;0.000259049;8.07248e-06;8.41059e-06;0.0183061;1.79619e-06;2.41307e-06;3.58348e-05;0.0222158;0.896232;0.000133527
0.00844849;0.0208372;6.13194e-05;0.00213566;0.755329;0.0223425;0.00284201;0.138868;0.00091145;0.00873537;6.92708e-05;8.28925e-07;0.00260628;0.0368129
2.18555e-08;2.23218e-10;1;4.00547e-10;3.5667e-10;7.29772e-11;3.14041e-10;3.58533e-10;1.93586e-09;3.35374e-11;8.73955e-11;9.56132e-09;1.52828e-11;1.62217e-12
0.000217624;0.00558844;0.859037;2.29251e-05;2.09232e-05;4.46777e-06;7.12682e-07;0.00195695;0.000945382;2.27649e-06;4.64982e-06;0.131999;0.000160744;3.92988e-05
0.000137284;0.00359473;1.11186e-06;2.51485e-05;0.0164035;0.118628;2.26904e-07;0.00018883;0.000233297;3.26628e-06;6.96735e-06;0.0196005;0.0318791;0.809298
0.00174437;0.966964;0.000972211;5.55292e-06;0.0117871;6.89625e-05;4.29575e-07;0.00144369;3.42979e-05;1.46386e-06;1.50241e-06;0.00170062;0.00378898;0.0114867
1.36508e-06;0.992074;1.86066e-09;7.62964e-08;5.79177e-06;6.93188e-08;7.95745e-06;0.00398992;1.52059e-06;5.5065e-06;4.45099e-09;1.82672e-08;2.20652e-05;0.00389191
9.40356e-10;3.40901e-08;0.999998;7.39006e-10;4.48013e-09;5.13889e-11;1.68769e-09;1.99879e-07;5.67633e-11;2.292e-09;1.74958e-11;1.99408e-06;3.49143e-12;5.85555e-10
1.705e-05;0.000872471;4.59024e-07;3.73809e-05;0.000431993;0.000527115;6.82956e-05;0.976974;0.000331233;1.27692e-05;7.03443e-05;0.0153336;0.00319909;0.00212393
7.40709e-07;0.998663;3.55418e-08;1.44482e-06;3.7909e-06;7.37369e-07;8.84966e-06;0.000637454;1.37538e-07;1.56336e-06;1.22512e-06;9.50177e-06;0.000665184;6.9244e-06
0.0012403;0.952828;7.3085e-05;0.00157415;0.0142727;0.00111709;0.000452402;0.00958565;0.000186584;1.21508e-05;2.80639e-05;0.00168872;0.00381642;0.0131249
4.24922e-05;0.000848653;3.63418e-09;8.52954e-05;0.000518592;1.88306e-05;6.10929e-07;0.997406;0.000105393;1.50825e-06;1.02812e-05;0.000878194;5.63442e-05;2.7676e-05
0.000166895;0.980227;4.72143e-07;1.95401e-06;3.12902e-05;5.29936e-06;2.67534e-05;0.014512;9.07177e-07;5.531e-07;1.62435e-05;0.000943991;0.00403006;3.66833e-05
1.25576e-05;0.427141;2.68352e-07;3.01437e-05;2.06003e-05;4.13877e-05;1.66982e-07;0.00903945;2.79797e-05;1.95011e-07;5.21374e-06;0.0369827;0.525567;0.00113095
1.00937e-06;0.0495506;0.000256421;9.95968e-05;0.000381799;3.41584e-06;1.22246e-07;0.000860209;5.72539e-08;1.43697e-06;1.07611e-06;0.943039;0.00448234;0.00132261
7.28249e-05;0.130529;2.48078e-08;0.000487498;0.00185891;7.32664e-05;9.23257e-06;0.816444;0.0011098;1.03585e-05;0.0052854;0.0190857;0.0249929;4.07794e-05
0.000445712;0.755441;0.00856957;7.39396e-05;0.00026657;0.00285126;0.000799769;0.00192353;3.086e-05;0.000498213;0.000592702;1.51288e-05;0.227698;0.000793066
2.17018e-09;1.1378e-10;1;1.34752e-09;2.78892e-10;8.77496e-11;2.65862e-09;2.38921e-10;1.29295e-09;5.75767e-11;3.25095e-08;8.20954e-08;2.07333e-10;1.77609e-12
0.000113811;0.0078503;0.00934212;6.65326e-05;2.16268e-05;1.44252e-05;1.68843e-05;0.00395052;0.00585197;4.11236e-06;0.00454288;0.967536;0.000587601;0.000101073
4.56884e-05;0.982154;2.54554e-06;5.08906e-05;6.06005e-05;0.000339129;1.84633e-06;0.00108904;0.000299137;2.42817e-05;0.000190767;0.00228641;0.0133588;9.66594e-05
0.00014317;0.267237;0.0194709;1.28693e-05;0.000808973;1.68861e-06;2.0857e-07;0.0280875;2.88116e-07;1.52752e-06;9.56574e-07;0.683234;2.55542e-05;0.000975463
5.84627e-05;0.939744;2.63602e-08;2.33833e-06;0.000176893;1.46071e-06;0.00789117;0.0186012;2.56978e-05;0.000836534;7.11911e-07;3.50136e-07;7.38701e-05;0.0325871
2.34282e-08;1.22534e-07;0.999995;2.32378e-08;9.71621e-08;1.65598e-08;1.0222e-08;3.37777e-06;4.12568e-08;8.61158e-10;5.77569e-09;1.57957e-06;9.0956e-09;1.17057e-09
3.17416e-07;0.999417;1.32957e-09;3.12931e-06;6.27714e-06;4.69868e-07;2.17872e-08;0.000520595;1.7266e-06;5.82003e-07;4.03922e-08;3.1113e-05;6.37733e-06;1.28081e-05
7.87541e-05;0.982756;6.12166e-05;1.35131e-05;1.10204e-06;1.3957e-07;1.99847e-05;0.00265013;2.73127e-05;1.59557e-07;0.000278874;0.0131537;0.000958161;1.21942e-06
2.27581e-07;0.000246123;7.64511e-11;4.03539e-06;0.00010544;1.3329e-05;2.1215e-09;0.000159337;5.75958e-08;9.54618e-08;3.81483e-09;1.77585e-06;3.60849e-07;0.999469
5.42444e-06;0.000153555;1.55806e-12;2.57723e-07;9.55569e-09;1.47334e-07;2.83104e-08;7.16559e-05;2.61318e-05;2.28294e-10;2.50313e-05;1.21748e-05;0.999706;2.81301e-08
6.67297e-06;0.000396307;7.75655e-09;1.15525e-06;3.35817e-07;4.25568e-08;3.10873e-09;4.13175e-05;7.80185e-06;8.11302e-09;3.72267e-06;0.984428;0.0151048;9.45463e-06
3.67647e-06;0.999775;3.33856e-09;4.25599e-06;8.97108e-07;5.29644e-08;1.57706e-06;4.75751e-05;6.08246e-07;5.26112e-07;2.95911e-07;3.76016e-05;8.06173e-05;4.75007e-05
8.17963e-05;0.507182;9.21466e-07;2.36562e-05;4.45579e-05;3.03473e-07;6.35224e-06;0.0062502;4.79629e-06;1.7161e-07;1.03881e-06;0.422768;0.000151309;0.0634843
1.25929e-05;0.0182544;5.7563e-08;4.43052e-06;0.00343262;8.27436e-05;9.4431e-06;0.00632032;2.07553e-07;2.60098e-06;6.51578e-07;0.000413395;0.0932763;0.87819
5.17478e-08;1.58411e-06;6.45767e-08;1.01256e-07;2.64453e-09;5.44428e-05;3.44408e-07;7.30949e-09;1.53822e-07;1.21502e-07;1.35132e-06;6.11133e-08;0.999942;7.07931e-08
6.49795e-09;1.36555e-07;1;1.09244e-08;1.50481e-09;1.1275e-09;3.4945e-10;8.2551e-10;1.99189e-11;6.2532e-10;1.33035e-10;3.51376e-08;1.71822e-10;2.83713e-09
1.97372e-06;0.995832;6.91705e-07;1.07597e-05;3.29249e-05;2.90656e-05;9.59413e-06;0.00278688;9.89666e-05;5.4299e-07;0.000153289;3.97303e-06;0.000961713;7.79256e-05
