5.11413e-06;0.99111;7.32684e-05;1.63715e-05;7.78277e-06;1.65865e-06;7.33816e-07;4.94469e-06;4.7994e-08;3.97174e-06;1.65086e-06;0.000426007;0.00833331;1.49528e-05
1.07764e-06;0.0131009;8.44074e-08;1.20916e-07;7.76678e-07;5.79789e-07;1.04225e-07;0.000164087;2.19313e-06;2.31932e-09;1.15824e-05;0.984938;0.00177672;3.36902e-06
1.808e-05;0.985102;1.92058e-05;2.65167e-06;0.000310773;6.39482e-05;1.87237e-06;0.000627556;9.06111e-08;8.45803e-07;8.75813e-07;0.00519851;0.00863026;2.35565e-05
1.60164e-07;0.000175617;2.20341e-11;1.23438e-07;6.60825e-08;5.10876e-05;6.26655e-08;3.93752e-07;2.03789e-06;6.14646e-08;5.27625e-07;6.88203e-06;0.999757;5.81399e-06
7.66798e-05;0.00316521;0.995071;9.88086e-06;1.4574e-05;2.63044e-05;2.08032e-07;1.81935e-05;1.12445e-07;7.37019e-07;5.04933e-08;0.000967784;3.76787e-06;0.000645537
1.47279e-07;0.999492;4.31742e-09;4.89571e-08;6.01376e-07;8.43075e-07;7.08738e-08;0.000153804;1.97814e-07;3.80569e-09;1.06504e-07;1.86703e-05;0.000328718;5.08252e-06
2.87788e-05;0.839928;6.79463e-09;3.27303e-06;1.9753e-05;5.21068e-06;2.62455e-07;0.0334603;1.11297e-06;2.76655e-06;1.33474e-06;0.00501082;0.121296;0.000242316
3.2506e-05;0.982028;2.08279e-05;3.3134e-07;1.5624e-06;2.13209e-07;5.18619e-06;0.000791484;3.14398e-07;1.45495e-07;4.36876e-07;0.0167933;0.000324649;1.20955e-06
1.23494e-05;0.250925;0.000207192;0.000394385;0.00273758;0.000550737;0.00606302;0.654212;5.23037e-05;0.00171091;6.01636e-06;0.0026782;0.0255389;0.0549113
9.91949e-10;3.80005e-09;1;1.10787e-08;1.71155e-09;5.01827e-10;9.0588e-09;1.53615e-08;9.7884e-10;8.66285e-10;1.37481e-08;1.79919e-07;1.03244e-09;5.60106e-12
7.3653e-06;0.00203516;0.966413;7.94192e-06;5.87764e-05;1.83965e-06;1.69629e-06;0.0255361;4.8253e-06;7.87363e-07;2.08081e-06;0.00578993;9.96511e-06;0.000130268
3.28299e-06;0.00167999;2.69727e-06;1.99633e-07;0.00120565;0.00341871;1.37589e-08;3.10855e-05;2.04559e-07;2.09532e-07;5.81242e-08;0.000211043;6.9284e-05;0.993378
0.000615108;0.147685;0.000125013;6.39245e-06;0.0322119;0.000269958;5.7192e-07;0.0081354;9.92561e-06;2.80782e-07;1.18573e-05;0.801051;0.00792957;0.0019486
1.7587e-05;0.374068;4.52377e-07;3.20431e-06;9.28136e-05;0.000104679;5.34309e-06;0.57717;3.35529e-05;1.9427e-05;1.9993e-07;9.86541e-08;0.0483793;0.000105607
2.9101e-10;5.14773e-10;1;3.4536e-10;2.55033e-10;3.19553e-10;9.66571e-12;1.56153e-08;6.86929e-12;3.51854e-11;1.23184e-11;8.70916e-08;1.55663e-10;9.78156e-13
1.76223e-06;0.000173778;0.0022041;1.48899e-05;6.27803e-05;8.54317e-06;1.49e-08;0.00465294;3.06581e-06;4.86062e-07;7.51033e-07;0.992618;2.66e-05;0.000232533
3.86784e-05;0.907844;7.64825e-06;2.05989e-06;0.000182681;0.000653566;2.83313e-06;0.00785765;6.06668e-07;2.1347e-06;6.28657e-06;0.000213022;0.0831028;8.63852e-05
7.4565e-05;0.632438;8.44069e-07;0.000160309;0.00595306;0.00267637;0.0743339;0.00124508;1.05953e-05;0.105322;2.52004e-06;2.85733e-05;4.15118e-05;0.177714
1.53692e-09;1.57256e-10;1;8.95848e-11;1.03834e-09;7.57498e-11;3.99628e-10;4.67134e-08;2.01414e-10;4.61069e-12;1.58686e-11;4.85502e-09;9.29161e-12;4.73892e-14
4.54214e-06;0.0400938;7.92887e-08;2.54763e-07;1.10921e-05;1.51341e-06;3.73125e-09;0.929115;1.59608e-06;2.02643e-08;4.29458e-08;1.55233e-05;0.0307429;1.34066e-05
9.83443e-07;0.15464;1.40756e-05;1.61836e-06;3.46276e-05;3.05025e-06;9.3814e-09;0.42084;4.88895e-08;1.82067e-07;7.10175e-09;0.395109;0.0285811;0.000774996
1.14387e-05;0.299205;2.81434e-07;3.11049e-05;5.22267e-05;0.000118321;0.000226494;0.666834;1.17673e-06;0.000545334;2.98892e-06;6.90028e-05;0.0265051;0.00639744
1.8744e-09;4.50027e-09;0.999999;1.75137e-08;2.06509e-10;2.86952e-10;1.5483e-08;1.08273e-07;7.11854e-10;3.40173e-10;7.97439e-09;8.58589e-07;7.29034e-10;1.33117e-11
0.000444213;0.406641;0.00122271;0.0201068;0.00075484;0.0001079;0.0119445;0.0659781;0.060745;0.000619457;0.0709785;0.117669;0.010569;0.232219
4.20338e-06;0.0130769;1.27989e-10;3.43788e-07;0.00022678;6.8298e-08;3.81788e-06;0.986588;4.84935e-06;1.02103e-06;1.32056e-06;4.53753e-08;7.27729e-06;8.49245e-05
3.15828e-07;7.3164e-05;0.916087;2.59044e-06;0.00023898;5.81838e-06;3.13627e-09;1.58098e-06;1.81623e-10;1.28057e-07;1.2068e-08;0.0835571;4.19839e-06;2.92036e-05
4.28894e-05;0.00827728;1.34725e-09;1.46485e-07;7.54373e-05;1.03937e-06;2.36675e-07;0.965485;1.42092e-05;8.30469e-09;2.30962e-05;1.41545e-05;0.0260655;6.62734e-07
0.000117197;0.110564;5.95997e-08;3.2062e-05;1.00787e-05;7.60838e-06;2.69582e-06;0.0541915;0.000173266;3.37838e-07;6.31069e-06;0.00500769;0.829871;1.629e-05
4.51492e-05;0.0272033;3.74049e-08;0.000610554;0.000515693;1.06977e-05;5.26304e-07;0.00737356;4.167e-05;8.16537e-06;6.65954e-05;0.956355;0.000175713;0.00759359
0.00318339;0.789333;0.000320192;0.000437591;2.77158e-05;1.22325e-05;0.000596688;0.0641552;0.000935327;9.62661e-06;0.00831222;0.0414818;0.0904717;0.000723403
0.000115209;0.566324;7.35735e-07;3.85907e-05;7.28157e-05;0.000207063;0.00146895;0.38481;3.46328e-05;0.000823262;4.77754e-05;0.000156511;0.0370851;0.00881519
6.28197e-09;2.31684e-09;0.999998;3.97075e-08;1.58488e-09;1.39057e-08;5.43283e-09;5.83401e-07;5.28475e-09;7.50851e-10;6.30877e-09;1.33577e-06;6.52613e-10;2.60323e-10
0.000307705;0.319345;0.000759561;0.013243;0.000401123;0.000313016;0.00117494;0.00550557;0.0244018;0.000245758;0.0171792;0.238467;0.0178465;0.360809
5.20762e-07;0.00173388;2.58728e-11;8.55027e-08;0.000347957;5.41412e-08;5.50362e-08;0.997895;2.93653e-07;2.09463e-07;1.87925e-07;9.091e-09;3.22084e-06;1.83338e-05
3.70669e-08;4.57985e-05;0.977096;1.02575e-06;7.7772e-05;2.51119e-05;2.25519e-10;2.13141e-07;1.7788e-11;1.88564e-08;2.78983e-09;0.0226777;6.25295e-07;7.55123e-05
2.72145e-05;0.00835036;2.19652e-08;9.88902e-08;0.000269609;3.13206e-05;3.51707e-08;0.941885;1.02584e-06;6.33643e-09;7.02569e-06;2.11102e-06;0.0494152;1.11495e-05
4.94669e-06;0.961343;1.06211e-10;1.65088e-05;1.97537e-06;3.4419e-07;8.7306e-07;0.000750378;6.55875e-06;1.75717e-06;1.62937e-05;0.0143946;0.0231551;0.000307689
5.90634e-05;0.655076;7.71411e-09;8.6469e-05;0.00117275;1.53086e-05;6.01839e-05;0.339979;4.31527e-05;7.88892e-05;6.11285e-05;0.000289451;2.44235e-05;0.00305329
0.000350758;0.0252127;0.254091;0.00228802;0.0088372;0.000648557;2.90199e-06;0.00111649;8.62661e-06;0.00013132;0.000281053;0.699718;0.00578322;0.00153074
0.000355973;0.0523202;1.33594e-08;8.16077e-05;3.46585e-06;1.63178e-05;0.00261208;0.00523723;0.12615;2.60924e-05;0.79367;0.000476077;0.0190479;2.81509e-06
0.00186077;0.977933;0.00870591;0.00158868;0.00134344;8.86809e-05;6.22822e-05;0.000712962;0.000155449;9.99615e-05;0.000214336;0.0039065;0.00296381;0.000364456
0.000360921;0.935395;2.55407e-05;1.09206e-05;0.000127927;2.10667e-05;1.09606e-05;0.0474188;0.000486447;8.11627e-06;2.061e-05;0.000321428;0.0151628;0.000629189
0.000272355;0.0121251;4.48336e-06;0.00189317;0.028243;0.0805636;0.000187443;0.00309132;0.0169579;0.00103062;0.00365027;0.729181;0.00318463;0.119615
0.00120788;0.986559;0.00060674;3.94976e-05;3.00706e-06;2.41431e-06;0.000693946;0.00602621;0.000756887;6.23836e-06;0.0018373;0.000128536;0.00212989;2.26048e-06
0.000120947;0.0445384;0.000471333;0.00079247;0.00158044;0.000398744;7.05963e-06;0.228926;0.00219034;7.48322e-06;0.00245561;0.533719;0.181314;0.00347808
2.67101e-05;0.969837;4.19179e-05;0.000131294;9.17661e-05;1.97935e-05;6.56916e-06;0.000139196;3.43761e-05;8.42153e-05;0.000371719;0.0142348;0.0054741;0.00950696
1.42162e-05;0.010741;8.21071e-08;1.29218e-06;0.00449646;3.35021e-06;4.69175e-06;0.984466;1.88536e-05;5.11895e-05;1.61161e-06;5.75316e-07;0.000128293;7.20086e-05
0.000104849;0.00375378;0.985676;5.40019e-05;0.000368943;1.48095e-05;4.9683e-07;0.000234722;6.227e-06;4.71527e-06;5.15545e-06;0.00937523;0.000305049;9.5579e-05
0.000999913;0.198642;1.26676e-06;2.57751e-05;0.000173814;3.20309e-05;0.00115018;0.787739;0.00350705;0.000106707;0.0023013;8.63439e-05;0.00482869;0.000405689
2.51725e-08;3.14581e-09;1;1.77698e-09;1.38542e-08;2.03536e-09;1.00456e-09;3.43297e-08;7.36217e-09;5.54397e-10;4.41311e-09;2.68725e-07;1.14393e-10;2.03428e-10
1.36903e-06;9.73723e-06;0.99691;3.45464e-07;7.98314e-07;8.78913e-08;1.4512e-08;0.00146956;9.15405e-07;4.707e-08;4.01351e-08;0.00158237;2.56482e-07;2.39511e-05
2.0532e-07;1.65624e-05;4.5064e-06;6.14406e-08;2.94205e-05;3.83229e-05;6.00061e-10;8.93827e-06;4.05468e-09;4.13012e-08;1.63457e-08;0.000153014;4.06787e-08;0.999749
1.94787e-05;0.000296907;2.2125e-09;2.53083e-07;1.8121e-05;1.5838e-05;7.58971e-08;0.995742;2.92687e-06;1.547e-08;6.51721e-06;1.34344e-06;0.00389607;4.73455e-07
8.69908e-06;0.991866;3.7807e-05;0.000128765;2.21195e-06;5.58707e-06;1.32471e-06;0.00630057;1.38896e-07;1.70353e-06;2.65274e-07;2.29704e-05;0.00155093;7.28368e-05
2.84773e-05;0.742903;5.30676e-09;0.00049898;4.45588e-05;4.63871e-06;3.14789e-05;0.00450025;3.39404e-06;2.66153e-05;0.0011212;0.14064;0.109664;0.000534045
0.000251577;0.821984;8.7364e-06;0.000338022;0.0556958;0.000120043;2.7738e-05;0.0155371;2.07678e-06;3.14263e-05;0.000161774;0.00788011;0.000734661;0.0972266
0.000138513;0.913307;2.04859e-06;0.000540403;0.000135654;3.13718e-05;8.1433e-05;0.00161658;0.000142473;3.77754e-05;0.00156594;0.0699508;0.0102041;0.00224603
0.000378026;0.0274775;8.2471e-06;0.000227659;0.336302;0.0711171;0.000117417;0.469737;0.000150299;0.00012193;0.000623679;0.000791812;0.0165784;0.076369
7.36342e-05;0.00384948;6.49729e-09;4.17897e-06;0.000193324;6.30892e-06;9.80983e-07;0.788984;4.98261e-05;9.247e-07;8.30131e-05;0.000194178;0.20656;5.47979e-07
7.1075e-06;0.99945;9.29991e-05;8.03685e-06;5.46985e-07;4.14013e-07;4.0717e-05;0.000323487;1.05137e-07;1.96135e-05;5.96858e-08;4.4351e-07;1.17255e-05;4.48794e-05
9.22661e-10;3.21394e-08;0.999999;5.48648e-09;6.42904e-10;1.97388e-10;3.64746e-09;1.85812e-08;6.70296e-10;2.79778e-10;3.21056e-09;6.89864e-07;2.72814e-10;4.99952e-11
2.28868e-06;0.00475592;0.0014066;6.48103e-05;7.50392e-05;2.4701e-05;4.08873e-08;0.0336711;3.04701e-05;7.32501e-07;0.000334173;0.953244;1.83989e-05;0.00637187
3.73562e-06;0.871539;2.30915e-05;8.62723e-06;1.69468e-05;0.00153295;1.05336e-06;0.000223892;5.49673e-07;5.75767e-06;2.51295e-05;0.00437376;0.121757;0.000488642
1.55982e-06;0.00867325;1.55834e-07;5.41766e-06;0.000398074;0.0030516;5.76072e-08;0.012768;1.50298e-06;2.22711e-07;0.000206046;0.956463;0.0182721;0.000158804
1.39873e-05;0.0317245;0.0031825;3.34178e-05;0.0562232;0.00341007;3.13009e-08;0.853396;8.82807e-08;1.17936e-06;1.45781e-06;0.00142317;0.0294795;0.0211109
1.12863e-05;0.196548;1.26562e-05;1.84676e-06;9.84268e-05;0.00175882;9.36353e-06;0.0835864;5.24062e-08;9.88993e-06;3.17194e-06;1.92593e-06;0.717328;0.000629452
4.65929e-10;3.55101e-10;1;4.34676e-10;2.47322e-10;7.62249e-10;1.01252e-11;4.66664e-09;2.156e-12;1.18714e-11;8.20752e-11;1.08927e-08;9.5861e-10;1.33975e-12
4.01315e-06;0.00038615;0.000170332;8.03106e-06;2.85976e-05;7.53781e-06;1.63527e-08;0.0148912;3.49965e-06;4.28876e-07;4.95537e-06;0.98414;0.000264938;9.07895e-05
1.07656e-05;0.961562;5.98594e-05;1.81906e-06;1.69661e-05;0.000109919;4.81024e-07;0.00557805;1.96751e-07;3.46276e-07;5.74346e-06;0.00261037;0.0299908;5.21058e-05
3.26599e-06;0.599986;4.35035e-09;5.08134e-05;0.000202836;0.000884056;0.00198231;0.000113297;1.17071e-06;0.00751812;1.8607e-06;4.51062e-05;7.33911e-05;0.389138
6.50001e-11;4.63931e-10;1;8.21861e-11;6.36863e-10;2.46083e-10;2.72424e-10;5.26372e-09;1.23469e-11;5.37178e-12;2.43243e-11;2.50947e-09;8.02668e-12;6.15662e-14
2.55832e-05;0.802421;2.54272e-06;5.84145e-05;4.40825e-05;5.63694e-05;8.50356e-06;0.133175;0.000360908;5.26185e-06;6.26217e-05;0.00705275;0.0566133;0.000114006
3.37923e-06;0.99816;9.74007e-05;3.77429e-05;8.30653e-06;9.0544e-06;4.75741e-07;0.000586424;1.19595e-07;4.95844e-06;5.76514e-08;0.000890044;3.46948e-05;0.00016707
1.16894e-05;0.0010229;2.36443e-09;9.84555e-07;7.47964e-07;1.94795e-07;5.03848e-07;0.99331;0.000100947;1.64939e-07;7.76624e-06;3.36627e-07;0.00554324;1.71411e-07
2.61021e-05;0.00550747;0.000675181;3.61634e-05;0.00046547;1.28276e-05;7.45394e-08;0.0019648;1.37591e-06;3.75414e-06;5.66998e-06;0.983389;0.000137042;0.00777519
1.90135e-06;0.995394;1.6445e-10;5.56593e-06;3.84119e-07;9.5744e-08;0.00359288;0.000424005;2.44969e-05;0.000110597;9.35729e-05;3.2814e-06;5.70944e-06;0.000343077
7.5725e-10;5.58536e-09;1;5.78158e-10;5.51154e-10;8.89369e-11;1.20331e-09;5.64648e-09;4.12799e-11;1.25446e-10;3.86383e-09;3.58105e-07;2.49123e-11;7.44983e-13
0.000162528;0.639154;8.44839e-05;0.000119432;0.000431078;0.000547381;4.00643e-05;0.204899;0.00198272;5.5339e-06;0.00359621;0.0974348;0.0500791;0.00146333
1.52282e-06;0.992736;2.0728e-08;3.45254e-08;1.61405e-08;4.39625e-07;2.16313e-06;4.46031e-06;5.3406e-09;2.42124e-08;1.00686e-07;1.70363e-05;0.0072373;6.54362e-07
8.7806e-06;0.000805401;2.31746e-05;2.15533e-05;0.000195059;0.000415273;2.92587e-07;0.00259834;2.01823e-06;4.90668e-07;3.79105e-06;0.946491;0.0484937;0.00094138
5.09047e-05;0.935117;1.14276e-07;0.000182777;0.00011029;0.000373272;1.61616e-05;0.043701;4.80548e-06;1.64826e-05;6.44876e-06;5.94413e-05;0.0114454;0.00891632
9.2197e-05;0.00271924;3.74756e-07;1.6585e-05;9.18033e-06;1.46882e-06;2.50342e-06;0.074962;8.69775e-05;2.33667e-07;0.000730426;0.00398925;0.917389;3.54303e-07
0.00034736;0.049859;5.79142e-06;2.85062e-07;1.64309e-05;1.55761e-06;1.68857e-07;0.849572;7.15209e-07;2.81135e-07;4.57775e-07;0.0938777;0.00589726;0.000420747
2.42468e-07;0.00952673;8.53938e-05;2.5779e-06;4.98986e-05;5.80146e-05;9.87163e-08;0.000772685;3.87228e-07;1.63657e-07;4.84646e-07;0.988236;0.000546539;0.000720591
1.30326e-07;0.000942643;8.28781e-09;1.34762e-07;5.98934e-07;1.12134e-07;4.6104e-09;0.00124398;5.64311e-08;5.40765e-09;7.24308e-07;7.88699e-05;0.997733;5.57236e-08
3.11987e-06;0.997745;3.12351e-09;3.24806e-07;2.16859e-08;1.47865e-06;1.38672e-06;3.19345e-06;4.00348e-07;1.88863e-07;2.40836e-07;0.000938875;0.00130368;2.13196e-06
6.47177e-05;0.077076;1.55407e-08;0.000656678;0.000598018;0.000613296;4.39746e-05;0.00344208;0.000206065;4.44434e-05;0.00117115;0.902746;0.0116186;0.00171913
0.000209397;0.821883;2.8691e-05;0.000462562;0.00301517;0.00121668;6.73263e-05;0.0303922;6.80782e-05;7.587e-06;0.000735591;0.00902985;0.129111;0.00377307
0.00195188;0.308312;3.6088e-06;0.0299216;0.000540716;0.00962029;0.0154542;0.0109312;0.0703086;0.00282114;0.231806;0.0890676;0.204511;0.0247502
0.000711017;0.0169665;3.76612e-05;4.18816e-06;7.88434e-06;7.90802e-08;4.29322e-06;0.976283;2.77776e-05;5.38652e-07;0.000134274;0.00570132;0.000121534;9.41705e-08
1.48358e-05;0.0506542;0.000148938;2.01224e-05;0.000206309;3.34734e-06;2.9305e-06;0.0516497;2.06288e-05;1.40742e-06;2.99674e-06;0.866359;0.0307519;0.000163351
9.96764e-05;0.875742;0.000143352;2.72908e-05;0.00250065;0.000512047;0.00999254;0.0869764;0.000147482;0.00224593;7.5096e-05;2.1094e-06;0.0200556;0.00148017
9.50513e-08;6.92971e-09;1;6.11395e-09;1.7903e-07;1.90413e-09;9.32317e-09;2.56205e-08;4.22122e-08;7.85638e-09;1.06538e-08;8.7884e-08;7.35747e-10;3.49972e-10
4.74549e-05;5.41642e-06;0.983318;3.96477e-06;5.95182e-05;7.86462e-07;2.58498e-07;0.0152774;0.000217414;6.50519e-07;4.11398e-07;0.000970209;5.13126e-07;9.78299e-05
5.47939e-06;0.00122026;2.18393e-05;6.82921e-07;0.000138056;0.000176355;5.84869e-09;0.000228295;7.98957e-07;5.61288e-07;5.9565e-08;0.000622552;1.67455e-06;0.997583
2.95196e-06;2.43965e-05;1.71074e-10;2.26128e-08;2.82676e-05;1.51384e-06;5.42871e-10;0.999263;4.70927e-07;2.10966e-09;3.1437e-08;6.76342e-06;0.000672259;7.61317e-08
2.79813e-06;0.995809;5.21176e-05;1.65061e-05;6.36809e-07;7.55543e-06;4.04085e-06;0.00219333;7.21524e-08;2.05519e-05;1.00629e-08;1.36922e-07;0.00183178;6.14903e-05
4.00785e-10;4.93303e-09;1;2.12263e-09;2.09449e-11;1.23224e-11;3.70347e-09;1.74801e-08;1.72158e-10;4.40882e-10;2.46891e-09;2.42486e-08;7.32147e-11;1.31639e-12
5.54064e-07;0.000269472;0.00153524;1.86535e-05;4.10877e-06;3.65671e-06;1.66587e-07;5.07578e-05;6.40607e-06;3.08632e-07;3.95821e-05;0.996471;4.29134e-07;0.00159955
1.03712e-05;0.0291747;9.82111e-08;9.52199e-07;0.000355927;2.19269e-05;1.77936e-07;0.958179;1.43256e-06;2.98848e-07;6.59807e-06;7.98936e-07;0.0115307;0.000716963
3.20161e-06;0.000202024;1.00442e-06;1.87171e-08;5.65894e-06;9.7969e-08;3.24717e-09;0.00125077;6.33879e-08;4.31242e-09;2.26816e-07;0.99832;9.25258e-05;0.000124764
6.07719e-09;0.992581;8.13042e-11;7.89366e-09;3.23073e-07;7.20184e-08;5.25961e-08;0.000203635;1.55907e-09;2.08461e-08;1.60119e-10;5.88827e-08;1.88667e-05;0.00719616
0.000363987;0.130485;0.00134201;0.0010822;0.00236605;0.00259375;0.0224301;0.26605;0.00699965;6.88866e-05;0.00480213;0.000878391;0.560453;8.53456e-05
4.45236e-08;0.995986;7.07073e-11;3.54838e-09;6.44841e-10;7.58445e-08;1.99905e-09;9.46372e-07;1.48975e-09;1.65952e-09;1.34225e-09;2.91471e-06;0.00401032;3.17439e-08
9.29441e-06;0.0263042;3.62914e-09;1.24521e-05;0.000621461;0.000309812;1.19775e-07;0.00336267;6.56537e-06;2.58099e-06;2.64049e-06;0.960056;0.00679584;0.00251667
0.000116809;0.922727;9.71001e-06;0.000107119;0.00765357;0.000402885;2.19589e-06;0.0127653;0.000144052;2.21947e-06;1.45429e-05;0.0168855;0.0344731;0.0046961
0.000928699;0.591883;3.23543e-08;0.00253373;2.0282e-05;4.54902e-05;0.00177568;0.0032839;0.186739;7.44095e-05;0.0233258;0.00673423;0.18237;0.000286053
3.83264e-05;0.00206898;2.6383e-09;3.82536e-08;3.46661e-05;5.44179e-07;1.35565e-08;0.99761;6.95768e-07;1.20539e-07;1.14871e-07;7.67866e-06;0.000210315;2.86653e-05
2.82888e-05;0.92295;0.000884151;6.38821e-05;0.00138102;8.31899e-05;0.00103625;0.0335359;3.83461e-05;0.00172256;1.12072e-05;0.0229077;0.000616001;0.0147417
2.6896e-09;4.18305e-09;1;2.39016e-09;1.76822e-10;7.34949e-12;1.80602e-08;1.32229e-07;6.12839e-09;7.32896e-10;6.31875e-09;2.08475e-09;1.31542e-09;2.06626e-13
0.000213937;0.0271054;0.0361164;0.000132608;0.00292696;2.45091e-06;1.93131e-05;0.00984287;0.00403835;2.14166e-05;0.000441708;0.915955;0.000135383;0.00304835
0.000124523;0.894001;7.88664e-05;1.58458e-05;0.00317025;0.000625822;1.01599e-05;0.0715744;0.00104511;1.88897e-05;3.15605e-05;0.000633613;0.0219306;0.00673994
8.79865e-05;0.0414347;4.62242e-06;4.958e-06;0.00101504;6.70147e-06;3.70972e-07;0.0092241;5.97039e-06;2.18785e-07;2.00139e-07;0.945094;0.00292318;0.000197577
2.92337e-05;0.102902;2.88158e-09;1.96276e-05;0.000420178;7.03872e-05;3.96352e-08;0.893107;0.000202313;9.53671e-07;3.53167e-07;0.00242217;0.000786822;3.84849e-05
0.000278422;0.96028;0.000218203;5.81669e-05;9.29861e-07;1.88386e-06;2.19384e-07;0.0381069;1.59486e-06;9.50507e-07;1.0641e-07;0.000868516;0.00017972;4.16294e-06
3.38601e-07;0.999775;6.97908e-09;2.66988e-07;2.52849e-08;8.06587e-09;6.57092e-05;1.86634e-05;9.94952e-09;3.7132e-05;2.47674e-09;3.24144e-08;1.15955e-06;0.000101566
4.02723e-10;1.20419e-11;1;8.10179e-11;6.26526e-09;1.85357e-10;7.05425e-09;1.33003e-08;7.97236e-11;3.95272e-10;3.30201e-10;1.1214e-08;1.08546e-14;3.04204e-12
2.27089e-05;0.960227;5.92427e-05;2.0828e-05;5.52008e-06;1.06217e-05;1.47181e-06;3.60853e-05;3.7462e-06;1.48686e-06;6.03212e-06;6.07048e-05;0.0395442;7.24021e-07
2.3795e-05;0.981284;1.1188e-08;2.47748e-07;7.53871e-07;3.90145e-05;0.000181154;0.000375133;6.4396e-06;1.83735e-05;8.94386e-07;6.54086e-06;0.000528447;0.0175347
1.90725e-10;3.89667e-10;0.999998;3.49872e-10;4.16028e-09;7.69896e-09;3.6674e-11;1.03283e-08;2.90939e-11;7.46863e-12;4.24956e-11;1.98583e-06;1.8257e-11;8.31834e-11
5.78303e-07;2.63558e-05;8.42324e-07;1.33692e-06;3.47655e-06;0.00605134;1.54532e-06;7.09515e-05;1.76869e-06;5.87935e-07;9.29279e-06;3.94316e-06;0.993378;0.000450139
0.0001067;0.0324673;0.958895;9.92009e-05;5.24847e-05;0.000232948;1.75905e-06;0.00370487;2.11336e-07;1.57032e-06;3.78373e-06;0.00237888;0.00168037;0.000375009
2.82316e-06;0.960994;1.01537e-07;7.48187e-06;0.00199781;3.84614e-06;1.62372e-06;0.0305729;2.03254e-06;4.00312e-07;7.94067e-06;0.000429754;0.00540817;0.000571065
5.35221e-05;0.01757;0.609435;0.00508366;0.0139277;0.000513806;1.17012e-05;0.000146467;2.81169e-06;0.000381754;0.000503732;0.000583203;0.343527;0.00825933
2.72696e-05;0.993901;1.62974e-08;1.30253e-06;1.62441e-06;1.27541e-06;0.000447429;0.000215176;1.59796e-06;3.96567e-05;2.67906e-05;5.34776e-06;0.00105909;0.00427219
8.47029e-11;6.59957e-11;0.999999;2.40517e-11;7.69023e-09;2.13485e-11;1.02587e-11;3.82499e-09;1.89094e-12;4.32952e-12;5.42072e-12;1.26596e-06;1.00744e-12;5.02796e-12
0.000134463;0.0103741;1.27245e-07;1.4356e-05;0.00103852;7.72022e-05;4.46308e-05;0.916278;0.00112392;1.9185e-06;0.000118936;0.000192662;0.0702681;0.000333545
9.84571e-07;0.00552417;2.333e-09;5.91307e-06;3.35144e-07;9.74627e-05;6.51272e-06;4.85479e-05;4.58342e-05;3.17944e-06;3.6122e-05;1.56233e-06;0.994216;1.36393e-05
3.16603e-05;0.000798619;0.990849;1.72888e-05;1.30404e-05;2.28322e-06;1.08201e-07;3.50686e-05;1.0978e-07;1.44524e-06;1.86021e-07;0.00814597;3.02548e-06;0.000101908
4.51813e-06;0.987562;4.15755e-07;4.23943e-06;2.53692e-05;8.81428e-06;1.23352e-05;0.00869668;1.37526e-05;1.04115e-07;2.76642e-06;0.000139325;0.00317691;0.000353218
7.94523e-07;0.00379066;1.55017e-11;1.59255e-06;8.62442e-07;1.3774e-06;4.1285e-08;0.00099538;6.58554e-07;9.7107e-08;1.58294e-06;0.000315887;0.994888;3.08886e-06
3.84263e-05;0.00246493;3.81501e-06;1.95692e-05;1.57858e-05;2.65852e-06;1.75989e-07;0.000177295;2.2597e-05;9.91006e-07;1.23596e-05;0.994708;0.00243742;9.63959e-05
1.6198e-05;0.994993;3.62863e-06;3.56733e-06;2.3425e-07;8.74703e-08;3.56993e-06;0.00289542;6.10499e-06;2.7852e-07;4.06136e-06;0.001299;0.000774685;2.44626e-07
2.15686e-05;0.0190877;1.9908e-08;0.000161604;7.76714e-05;5.62863e-06;0.00852429;0.000181557;1.32294e-05;0.00479707;2.26043e-05;0.0102029;3.25816e-06;0.956901
3.2472e-05;0.000244732;0.987049;3.07134e-05;1.13443e-06;5.76589e-06;0.0114208;0.000115274;6.09607e-05;9.9011e-06;0.000984024;1.00492e-06;4.39866e-05;1.47684e-07
3.21105e-05;0.410767;0.000571359;8.61419e-06;3.88035e-05;4.28992e-06;4.02872e-07;5.65379e-05;1.5033e-07;7.39545e-07;2.96047e-06;0.00149465;0.587019;2.88797e-06
3.81788e-06;0.712667;8.38423e-06;8.88296e-07;1.22129e-05;8.7451e-06;6.53462e-07;0.0658384;1.07182e-06;2.35193e-06;9.22485e-07;0.21063;0.0103437;0.000481801
4.66563e-06;0.0115306;5.76128e-08;0.000598514;0.00558413;0.477222;0.000301509;0.000443399;0.000838628;0.000347319;0.00120538;9.86048e-05;0.49974;0.00208485
0.000237277;0.0367993;0.943707;6.52054e-05;5.6301e-05;0.000293281;1.27004e-05;2.36157e-05;2.54382e-07;1.18272e-05;5.52018e-07;0.0049722;0.000819872;0.0130004
2.44304e-06;0.00386056;4.05232e-10;1.41293e-07;1.42866e-07;3.36058e-07;5.30326e-07;6.69264e-05;5.06609e-06;5.2386e-09;1.14302e-05;1.11531e-05;0.996041;1.90593e-07
3.28643e-05;0.00404623;9.47066e-06;4.322e-06;1.38616e-05;2.12809e-05;3.26881e-07;0.000307601;1.89299e-05;7.18874e-06;9.5553e-07;0.992424;0.00267167;0.000440944
0.000182327;0.43511;1.96265e-05;3.93705e-06;5.23153e-06;3.52646e-07;4.17213e-06;0.500563;0.000115144;2.7362e-07;0.000110931;0.0595494;0.00433574;1.44949e-07
4.37232e-07;0.00110286;1.65877e-05;1.66541e-05;1.85121e-05;5.16776e-07;2.22146e-06;0.00536362;5.45287e-06;2.33406e-06;8.16108e-06;0.992404;0.00102413;3.47477e-05
0.000127322;0.532147;1.39231e-06;0.000215601;0.0160687;0.000233622;0.000470691;0.443292;0.00156187;0.000157351;0.00188525;0.00288438;0.000943021;1.21107e-05
0.00302513;0.0713661;0.197926;9.52181e-05;0.287181;0.000113511;2.90411e-07;0.000575113;2.88037e-06;1.10844e-05;3.66229e-06;0.432904;0.00139433;0.00540075
0.000190823;0.284617;1.14503e-06;2.81732e-06;0.000989796;0.00021816;1.28444e-05;0.694116;0.00107221;3.27673e-07;1.8946e-05;0.00157053;0.00847536;0.00871397
1.01939e-06;0.000781671;8.48311e-11;5.09811e-07;6.86796e-06;4.50747e-06;4.30298e-08;0.000262729;3.31999e-06;7.50676e-08;1.86239e-06;4.67905e-05;0.998889;1.23656e-06
5.6339e-05;0.00297668;9.44676e-06;4.32054e-06;3.54538e-05;7.04061e-06;1.75002e-08;0.000117592;2.44146e-05;1.39067e-07;2.28267e-06;0.995292;0.00143263;4.20539e-05
3.37055e-06;0.000375932;2.76008e-10;2.24982e-09;6.14181e-07;2.24001e-08;2.32097e-08;0.999607;2.68076e-06;1.03539e-08;2.95085e-08;3.26178e-07;1.00673e-05;5.7426e-08
0.000133356;0.00435133;0.0001287;0.00110857;0.129446;0.0056595;0.000211615;0.576343;0.000449509;0.00298542;0.000443366;0.00101422;0.000847394;0.276878
3.35602e-08;6.58067e-07;0.999998;1.89901e-08;1.53133e-10;2.34584e-11;7.03024e-07;1.78942e-08;7.72155e-09;1.90973e-09;2.71668e-07;1.78003e-08;1.25563e-09;6.01413e-11
8.83965e-06;0.0235809;0.000350905;0.000253141;9.33803e-06;6.28998e-07;0.000268371;0.000161118;0.000232365;3.31031e-07;0.00222313;0.966595;0.00619667;0.000119048
2.91641e-05;0.947093;1.85456e-06;0.00023167;0.000155585;1.8084e-05;1.2463e-05;0.0205917;5.51108e-05;1.27326e-05;0.000264842;0.0027601;0.0256588;0.00311523
4.26064e-07;0.993526;6.57708e-09;3.21389e-07;5.88979e-09;4.85123e-08;9.2593e-05;3.53138e-05;1.42432e-08;3.65157e-05;2.95256e-08;3.63729e-07;1.68592e-06;0.00630715
1.7702e-12;7.34841e-12;1;4.20588e-12;8.19813e-11;1.83465e-10;1.54649e-12;4.21464e-10;8.69054e-15;2.56988e-12;3.3792e-13;1.8587e-08;5.24953e-14;2.22018e-11
3.72497e-07;0.00456687;4.94221e-05;5.28479e-07;4.35596e-07;0.000121942;1.25556e-06;1.84016e-06;1.50098e-07;1.11564e-06;6.09958e-06;2.52685e-05;0.995224;4.00218e-07
4.37701e-07;0.000374536;0.976372;2.79598e-05;7.65222e-07;7.11181e-06;0.000348813;1.23432e-08;1.9228e-07;0.000335456;9.05519e-06;0.022269;0.000178893;7.60605e-05
6.03522e-08;7.95213e-08;0.999534;7.46336e-07;2.49492e-08;2.63465e-08;0.000363022;1.18388e-08;1.13327e-06;8.81231e-07;9.98939e-05;4.69419e-08;2.08777e-10;6.13713e-08
9.23304e-07;0.999708;1.75913e-07;1.29442e-06;3.70343e-08;4.67421e-09;2.58515e-06;3.11685e-05;7.13885e-07;3.06441e-08;7.47434e-06;2.04686e-05;0.000226481;4.13036e-08
7.84297e-06;0.993587;1.73153e-08;1.62763e-07;2.07355e-07;5.30283e-08;1.46726e-06;0.00214185;2.13333e-07;1.02165e-06;3.83529e-07;1.14804e-05;0.00414965;9.87681e-05
2.06578e-08;3.30519e-05;3.184e-07;2.4986e-07;2.0847e-05;5.29742e-08;6.20059e-08;6.59208e-06;1.52477e-07;5.73201e-08;1.6939e-06;0.999933;2.6779e-07;3.25934e-06
3.6764e-06;0.884728;0.00908854;1.12218e-05;3.28119e-05;2.34913e-07;4.63591e-07;1.00487e-05;1.03647e-08;2.67074e-06;5.07368e-07;0.00012849;0.105981;1.23555e-05
4.014e-06;0.00525579;1.92004e-07;2.23614e-07;2.92163e-06;1.00164e-07;1.84431e-06;6.3309e-05;3.13465e-05;1.24566e-07;3.32988e-06;0.994554;1.08613e-05;7.20165e-05
1.84468e-05;0.991978;9.8407e-08;1.13742e-07;6.48801e-06;6.24639e-07;2.86186e-07;0.00202763;4.94186e-07;1.17524e-07;5.18496e-08;0.000431374;0.00549908;3.69656e-05
0.00452208;0.0361384;0.00814365;0.000103391;0.00117559;0.000689238;7.0447e-05;0.203319;0.00416382;3.4714e-05;0.000609905;0.0741481;0.662195;0.00468733
0.0166862;0.0609969;0.000120651;0.00169626;0.0204059;0.0439087;0.000199547;0.111567;0.0280789;0.000130403;0.00742919;0.320755;0.251842;0.136182
0.000224605;0.0184019;5.72511e-08;4.51325e-08;6.05926e-05;1.89048e-06;1.24263e-08;0.968496;1.71275e-06;3.75377e-08;2.06367e-07;0.000327321;0.0124072;7.84284e-05
1.1257e-06;0.241395;0.000204389;1.03574e-06;0.000104915;9.59689e-05;5.22874e-08;0.000989143;1.91299e-07;3.73519e-07;3.63844e-08;0.705067;0.000674695;0.0514666
3.66917e-07;0.000802403;5.01444e-09;3.50979e-07;6.73622e-06;9.0717e-07;1.75663e-07;0.000249443;4.29055e-07;4.55894e-08;8.85045e-07;3.18074e-05;0.998906;2.35984e-07
7.96067e-05;0.000762313;9.16844e-05;1.17817e-06;6.75472e-06;5.01741e-07;9.29248e-07;2.6456e-05;3.79166e-05;1.19725e-06;1.64425e-06;0.998022;0.000966948;8.64685e-07
0.00027643;0.233042;2.7981e-06;4.36324e-07;6.79934e-07;9.44064e-09;1.44198e-06;0.762509;0.000495703;3.32826e-08;1.58807e-05;0.00038472;0.0032712;4.19473e-09
4.47631e-08;8.87379e-05;4.78845e-07;1.17423e-06;1.56126e-06;1.21908e-08;7.3547e-08;0.000109775;6.36217e-07;7.71843e-08;1.71788e-07;0.999776;1.46446e-05;6.50686e-06
7.72517e-05;0.504419;2.66601e-07;7.97145e-05;0.0238596;0.000161014;0.000545021;0.469421;0.000315191;0.000181408;0.000123739;0.000184181;0.000578292;5.3922e-05
0.000790656;0.0220039;0.251861;9.6685e-05;0.0284465;0.000175693;1.23464e-07;7.97154e-05;1.55397e-06;1.04145e-05;2.40351e-06;0.688405;0.00224213;0.00588456
0.000125502;0.281186;7.0877e-06;1.04877e-05;0.000577013;0.000173762;4.09415e-05;0.6667;0.00238365;1.01389e-06;0.00017696;0.00193953;0.00548166;0.0411966
5.39113e-05;0.0880581;1.52713e-07;3.79868e-05;4.91196e-05;2.84798e-06;1.28876e-06;0.340178;0.000110425;1.49707e-06;8.73054e-05;0.00196429;0.569446;9.82435e-06
0.000252243;0.851639;1.11104e-08;6.85102e-05;0.000386909;5.66073e-07;8.06578e-05;0.144569;0.000320759;1.62359e-05;8.17198e-05;0.000652145;7.0451e-05;0.0018622
5.4326e-05;0.108796;0.885568;0.000365845;0.00027973;4.8065e-06;3.24392e-05;8.95951e-05;1.83899e-06;2.65952e-05;0.000102816;0.00060664;0.00311459;0.000956625
0.000994091;0.2037;5.81148e-05;8.5919e-06;0.000303802;4.6445e-05;4.25616e-06;0.101294;0.000411387;2.30656e-06;0.00120276;0.259672;0.428882;0.00342005
0.000446794;0.22571;6.97511e-07;0.000305536;0.160167;0.0838828;0.000346592;0.0291717;0.00643942;0.000258116;0.00148438;0.095953;0.338953;0.0568815
0.000147681;0.186393;0.782079;1.28813e-05;0.000450596;6.15701e-05;8.96357e-07;0.0095744;2.12602e-07;2.7805e-06;5.5444e-08;0.000418109;0.00142299;0.0194359
0.000770393;0.00152996;3.30175e-08;2.3946e-05;0.0112125;0.000287958;1.36977e-06;0.939971;0.0176549;6.17013e-06;0.000792132;1.95538e-05;0.0268724;0.000857816
0.000541238;0.976053;6.76976e-05;8.59141e-05;9.46388e-06;8.38869e-06;1.75394e-06;0.0215384;0.000400419;3.45902e-06;1.10002e-05;0.000972098;0.000305631;1.68991e-06
1.42157e-06;0.999632;1.09064e-11;1.13416e-06;9.83222e-07;3.53981e-08;0.000148482;0.000143118;7.88511e-07;2.05821e-05;2.49249e-06;8.62372e-08;3.90531e-05;9.56157e-06
9.05647e-08;2.9414e-07;0.99996;1.15256e-07;8.99626e-06;1.47934e-07;7.35397e-08;4.77923e-07;3.43515e-09;1.2815e-08;3.53224e-08;2.98917e-05;1.09592e-09;7.97356e-10
0.000156927;0.087026;5.39366e-07;0.000131885;0.00305504;2.14981e-05;3.77578e-05;0.890277;2.5989e-05;5.35697e-06;0.000456741;0.000455807;0.0179728;0.000376586
0.000101303;0.00246344;3.49618e-06;0.0104355;0.000453098;9.44248e-05;0.00284552;0.00372947;0.107708;0.000359977;0.869304;0.00131892;0.000799233;0.000384277
0.000226427;0.988542;1.14709e-06;0.000120372;2.99505e-05;1.37247e-05;6.30651e-05;0.000797996;0.00105892;1.70256e-05;0.00810266;8.60034e-05;0.000857641;8.28937e-05
6.85085e-07;0.00638282;9.41885e-09;1.20801e-07;4.87971e-08;1.83575e-07;5.64305e-07;3.01041e-06;8.90072e-07;4.91635e-08;3.75837e-06;8.60244e-06;0.993599;6.82356e-09
4.95513e-05;0.00652381;0.944679;4.15936e-05;7.48501e-05;4.82067e-06;1.93763e-07;0.00141059;4.61616e-06;9.8665e-07;1.10186e-05;0.0458504;1.88973e-05;0.00132926
1.08213e-05;0.976323;1.0343e-08;2.34664e-05;0.000717805;1.40994e-06;1.40409e-06;0.0195317;8.76674e-06;6.44721e-07;4.92448e-05;2.64465e-05;8.12654e-05;0.0032243
7.22176e-05;0.000178274;9.17792e-08;5.37884e-06;0.000163424;2.88693e-05;1.56709e-07;0.993589;0.000225781;5.50095e-07;3.22748e-05;0.00517243;0.000529507;1.83239e-06
6.97044e-05;0.984787;1.17845e-08;1.17826e-05;7.01601e-06;1.99772e-06;1.01311e-05;0.00052009;6.10703e-05;1.34646e-06;0.000531802;0.0131915;0.000781191;2.53699e-05
0.000118077;0.916082;8.69967e-07;5.43399e-05;7.94457e-06;1.02822e-05;8.67676e-06;0.0233667;0.000588252;1.91653e-06;0.00245032;0.0192843;0.0380222;4.21281e-06
0.000908465;0.636911;6.80504e-05;0.00392488;0.0599289;0.00486244;3.14442e-05;0.0553243;0.00111157;0.000258738;0.00452159;0.0701602;0.0146323;0.147356
0.000223607;0.810357;0.000103361;0.000137143;2.79494e-05;6.87362e-06;4.78066e-05;0.000415177;0.000413712;2.92557e-06;0.00348965;0.171867;0.00398355;0.00892436
0.000197826;0.0410298;3.2781e-07;6.06514e-05;6.38605e-05;6.43323e-05;1.60044e-05;0.0138903;0.00079133;1.12139e-05;0.00175496;0.869666;0.0707187;0.00173429
2.21474e-05;0.976419;1.46064e-07;1.25794e-06;6.34571e-08;3.43498e-07;9.2507e-07;0.000132917;2.24131e-05;3.63023e-07;1.31951e-05;0.0208812;0.00250531;4.10459e-07
4.06756e-06;0.0038874;3.73771e-08;1.65285e-06;2.99133e-05;3.63446e-06;1.23615e-08;0.00656915;1.84588e-05;6.04309e-08;7.17417e-05;0.987271;0.00214052;2.08042e-06
1.29337e-06;0.993841;1.38574e-06;1.65493e-06;8.08367e-07;1.28348e-05;0.0017326;1.92234e-05;1.12774e-07;0.000431575;1.18511e-07;4.62525e-08;4.62225e-05;0.00391101
1.93712e-09;4.78123e-09;0.999997;9.84794e-09;4.35466e-10;4.92587e-09;2.51497e-08;3.63922e-09;1.73667e-09;7.35631e-10;1.63787e-08;2.78854e-06;6.50905e-10;1.39514e-10
3.82425e-05;0.702664;0.00022893;3.55375e-05;2.42656e-06;0.000140134;9.93425e-05;0.0209149;5.88028e-05;2.59964e-05;0.000178784;0.026994;0.239375;0.00924336
5.77094e-07;0.000326023;1.09726e-08;6.64448e-07;1.71699e-06;2.74972e-05;7.3136e-08;0.00358747;6.06508e-07;1.16265e-07;4.94917e-06;5.94444e-06;0.996027;1.73909e-05
1.31769e-06;0.00115917;3.96055e-07;1.04708e-05;3.39857e-07;3.94778e-07;1.17386e-07;1.72145e-05;7.60078e-06;6.18394e-07;1.56476e-05;0.998597;0.000173941;1.61011e-05
4.47432e-07;0.00907972;5.19421e-10;3.71344e-07;0.000113573;1.28289e-08;3.72252e-07;0.990767;4.83683e-08;1.85874e-07;1.50988e-07;1.62434e-06;3.49882e-05;1.13736e-06
2.48846e-07;0.00817016;0.991241;1.85532e-05;2.46031e-05;8.98496e-06;4.31845e-06;3.43882e-05;5.28215e-09;0.00013651;4.34008e-07;3.08808e-05;0.000324567;5.73322e-06
1.84436e-08;2.61684e-09;1;6.99974e-10;1.41219e-09;1.64901e-09;4.48896e-09;1.83036e-07;4.07277e-09;2.81959e-10;3.25381e-08;2.62189e-07;3.322e-11;1.22307e-11
3.38471e-06;0.000296746;0.990751;3.1072e-08;4.02259e-07;5.73263e-07;2.45316e-08;5.13995e-05;1.10046e-07;2.57698e-08;2.38477e-08;0.00887321;5.67126e-06;1.78585e-05
1.58847e-05;0.000330662;7.7354e-07;1.55742e-07;0.00186281;0.986048;1.17204e-07;4.0948e-06;6.21239e-06;3.91234e-07;2.06551e-06;1.46721e-05;0.00165905;0.0100552
1.36277e-05;0.000636088;1.7735e-06;4.36099e-08;0.00414362;2.72188e-05;2.68921e-10;0.0016713;8.77731e-07;4.49906e-09;1.36117e-08;0.993117;0.000274411;0.000114266
2.74382e-05;0.995229;0.000284778;2.86379e-06;0.000799131;9.12699e-05;0.000262844;0.000176621;9.9167e-08;0.00177554;6.91589e-09;3.35133e-07;0.000115652;0.00123433
5.59262e-09;3.77629e-10;0.999998;2.09186e-10;6.80707e-08;5.04763e-08;4.75024e-10;1.6569e-06;6.44813e-09;1.20306e-09;1.61145e-10;1.40866e-07;1.99857e-10;5.51597e-11
7.81522e-06;0.980412;0.000184936;1.95125e-06;8.19032e-07;2.81287e-05;8.9081e-06;0.00889107;6.65339e-07;3.35935e-06;2.2476e-07;3.61149e-05;0.0104215;2.74476e-06
1.76482e-09;1.57357e-08;0.999999;4.06127e-09;2.44852e-10;7.4112e-10;1.05774e-09;5.33401e-07;2.36806e-09;1.05313e-09;1.47105e-09;7.139e-07;1.69987e-09;9.67398e-12
7.59824e-08;8.56027e-06;0.00844754;1.11325e-06;1.81608e-07;8.65527e-08;2.23679e-08;1.38412e-05;1.86253e-06;3.73712e-08;6.02728e-06;0.991512;1.45382e-07;8.87784e-06
1.17895e-06;0.000118155;0.995871;3.61342e-07;0.000428079;0.0006684;3.23223e-07;1.64502e-05;3.02933e-08;8.65263e-08;5.69572e-07;2.64462e-06;0.000146809;0.00274586
5.27652e-07;0.00213272;1.27437e-06;1.88878e-09;0.000179884;6.71643e-08;3.47903e-11;0.9935;4.7692e-09;2.19797e-10;2.60522e-10;0.00405448;0.000106642;2.39604e-05
5.53108e-08;0.993702;4.96472e-10;5.73431e-08;1.34261e-06;4.15039e-08;1.36721e-07;0.00148265;3.12058e-08;5.01762e-07;6.87341e-10;4.611e-07;1.25922e-06;0.00481149
1.74794e-05;0.00968511;9.73172e-05;6.60031e-05;1.59792e-05;6.97449e-05;0.00299782;0.976134;0.000511018;1.80928e-05;3.0103e-05;7.66529e-08;0.0103572;6.33094e-08
8.6015e-07;0.998729;3.15887e-07;5.4243e-06;1.39643e-07;2.57621e-07;2.16497e-07;0.000430512;6.19153e-08;2.6739e-07;6.11433e-08;3.93077e-05;0.000793305;1.70216e-08
4.14327e-08;0.0026472;3.15117e-11;9.83571e-08;6.89722e-10;9.25949e-08;4.71322e-07;5.5935e-07;2.18953e-08;3.56264e-08;3.95674e-08;1.45326e-06;0.99735;2.05512e-09
1.11655e-05;0.00119063;0.997621;7.55316e-05;9.1748e-05;4.04818e-06;2.50999e-07;0.000129898;2.174e-07;8.37859e-07;8.03947e-07;0.000459964;4.21275e-06;0.000410301
6.15746e-07;0.998098;1.41547e-08;2.8497e-07;3.40544e-06;1.35568e-08;1.08802e-07;0.00184524;4.50161e-08;1.61835e-08;1.03352e-07;1.98988e-05;1.43014e-05;1.77057e-05
5.47028e-06;8.92559e-06;2.39432e-09;1.98458e-06;0.000209383;2.68603e-05;4.31958e-07;0.999248;0.000208566;5.86377e-07;5.0999e-06;0.000225745;5.63323e-05;2.2437e-06
8.31068e-05;0.997081;1.12697e-07;2.91399e-05;5.15484e-06;4.32875e-06;0.000106918;0.000115764;0.000280035;3.16614e-06;0.000487996;0.00164754;6.27969e-05;9.3432e-05
4.225e-06;0.991831;5.22395e-08;1.48752e-07;1.57001e-09;1.57462e-07;7.53066e-07;1.1302e-07;1.80741e-07;8.09911e-09;7.62642e-07;0.000364978;0.00779792;1.04872e-07
3.09212e-06;0.00171483;1.1853e-07;8.33423e-07;0.000180303;0.000282912;2.43504e-09;0.00722194;5.79758e-06;4.99874e-08;2.68311e-06;0.989177;0.000962747;0.000447124
3.72487e-08;0.999802;2.12689e-08;2.7574e-07;4.67617e-09;1.45909e-06;0.000116242;9.85115e-07;7.39768e-09;3.05876e-05;1.51318e-07;7.53741e-08;9.23475e-06;3.89599e-05
5.0413e-11;7.92961e-09;1;2.88394e-09;2.79067e-10;2.97519e-08;1.85307e-09;4.14642e-10;1.31584e-11;3.366e-10;1.41812e-08;1.25163e-07;3.38486e-11;1.55604e-10
1.79402e-05;0.0371504;4.14648e-06;3.41509e-06;9.10499e-05;0.00116683;0.00153932;0.0289094;1.33116e-05;4.63523e-05;0.00130326;1.61334e-06;0.929662;9.13378e-05
5.62306e-10;1.10486e-10;1;1.51731e-10;1.02635e-10;6.22852e-10;1.07887e-09;5.43049e-10;9.48989e-11;1.51943e-10;2.4498e-09;2.55429e-08;6.37995e-11;4.60984e-12
3.25479e-07;1.68533e-05;0.987304;6.47798e-08;2.71477e-07;4.9534e-07;1.59914e-08;6.6318e-06;3.20372e-08;3.98458e-08;2.46125e-08;0.0124784;2.51255e-07;0.000192666
2.61647e-08;0.0425049;1.38833e-08;2.01675e-09;3.46843e-05;1.17411e-05;9.75943e-08;3.60112e-06;4.95866e-10;2.1906e-07;1.06279e-09;1.95205e-09;1.15355e-06;0.957444
4.88002e-10;7.90931e-10;0.999918;3.31446e-12;1.45931e-07;2.58522e-11;5.01891e-13;4.20462e-08;2.48338e-13;7.55992e-13;7.75028e-13;8.22797e-05;1.74307e-11;4.02393e-11
3.16561e-06;0.00527358;1.8823e-06;3.32693e-07;8.15534e-05;0.000168015;1.06198e-07;0.986019;2.63585e-06;4.93354e-08;5.54661e-08;0.000119276;0.00825733;7.29383e-05
6.21397e-07;0.00455827;1.9225e-08;3.44872e-07;2.54182e-06;1.15642e-05;3.33287e-09;0.226834;3.18028e-08;2.87849e-08;1.34291e-08;3.7834e-06;0.768577;1.23744e-05
4.5552e-07;0.00229786;3.2004e-07;1.16763e-05;2.88913e-07;1.96985e-06;2.49718e-08;8.98096e-06;2.0947e-07;6.03278e-07;1.17262e-06;0.996478;0.00109186;0.000106398
4.665e-07;0.0150126;1.57275e-09;2.54472e-07;0.000372498;1.24528e-07;1.16008e-06;0.984599;1.01759e-08;8.70689e-07;5.01828e-08;3.45939e-07;5.04359e-06;7.93365e-06
1.43469e-07;0.000108305;0.998168;5.80423e-06;8.35422e-06;1.10054e-05;3.13225e-08;1.0686e-06;6.22819e-10;6.333e-07;2.96207e-07;0.0010477;0.00064597;3.04253e-06
2.65741e-06;0.998525;3.24556e-09;1.13153e-08;8.70478e-08;4.32937e-08;0.000870395;0.000591676;5.95823e-08;1.66423e-06;9.93154e-07;2.11469e-08;4.65902e-07;7.03346e-06
4.81566e-08;1.01112e-08;0.999994;2.48654e-08;6.60245e-08;1.37864e-09;1.62766e-06;2.80007e-07;1.46825e-07;1.12107e-08;1.33885e-07;3.17951e-06;1.40092e-10;1.0506e-10
2.97313e-07;0.999847;6.26858e-11;5.07959e-08;7.6856e-10;1.30907e-09;4.42942e-06;9.36983e-05;1.51335e-06;4.57379e-07;1.2535e-06;5.14792e-09;4.94678e-05;1.65779e-06
1.47312e-08;2.807e-05;0.992215;1.3865e-07;3.59746e-09;7.91965e-10;4.85646e-08;4.03247e-08;1.22182e-09;1.59814e-08;9.33895e-09;0.00775717;2.77575e-09;1.01194e-08
4.83901e-05;0.000948091;0.00237998;0.000162448;0.00115177;4.58582e-05;0.000102653;0.991789;5.30529e-05;1.98375e-05;0.000103021;0.000255723;0.000227745;0.00271261
3.79307e-06;1.04992e-05;9.01851e-09;1.37617e-06;4.58846e-07;0.00103463;0.000972932;8.4519e-06;0.000127321;1.73503e-05;0.000456308;5.34398e-09;0.997365;1.55862e-06
7.62586e-07;5.81297e-07;0.999996;1.31791e-07;9.82012e-08;1.27771e-08;2.6558e-08;1.05277e-08;4.26238e-09;2.93839e-08;1.23609e-08;2.26506e-06;3.57457e-09;1.93364e-07
5.06964e-06;0.996327;2.22956e-06;3.11599e-06;1.871e-05;2.2646e-06;3.70085e-06;0.00311422;0.000226686;2.03352e-07;2.10821e-05;1.81005e-06;0.000236871;3.72339e-05
