3.54334e-05;0.980538;5.29376e-07;1.76738e-06;6.61509e-05;7.43075e-06;6.35808e-06;0.00194779;1.74972e-06;4.75672e-07;1.02491e-06;0.00125565;0.0119706;0.00416742
7.88682e-06;0.15017;2.31604e-09;1.96321e-05;4.23016e-05;5.0894e-06;0.00109633;0.00871873;9.14064e-05;0.000243592;6.66571e-06;7.8174e-07;5.16206e-05;0.839546
2.117e-08;1.1373e-08;0.999992;1.379e-08;1.11964e-09;5.35046e-11;7.83269e-08;1.26426e-08;4.89822e-08;8.13206e-10;6.00168e-08;7.36888e-06;6.42051e-11;1.13879e-10
0.00258562;0.0852375;5.30796e-06;0.000109431;0.00015467;0.000536476;0.000631155;0.112322;0.0732864;9.68417e-06;0.00669282;0.000710981;0.697485;0.0202331
0.000175804;0.61805;0.0162467;2.99108e-06;6.11174e-06;1.54827e-06;1.28841e-05;0.305762;3.39465e-05;2.72986e-06;2.92985e-05;0.0318814;0.0277864;7.67407e-06
0.000234723;0.163801;0.000158159;0.000247105;0.00322801;0.00885446;0.000222467;0.00295934;0.000237983;0.000229717;5.45142e-05;0.602954;0.150033;0.0667862
0.000426628;0.0834107;3.94919e-08;0.000642045;0.00109607;0.000124329;0.0011514;0.0157359;0.195541;4.86125e-05;0.0277512;0.628999;0.0442856;0.000787622
0.000273062;0.800437;0.0482488;0.000234408;0.000142388;3.58351e-05;7.69776e-06;0.000131706;2.25298e-05;3.66328e-05;0.000115928;0.00193004;0.148317;6.59605e-05
0.00121968;0.321043;2.63143e-06;6.7083e-05;0.000508946;0.00032768;7.1047e-05;0.00443728;0.00735878;6.7625e-06;0.00145326;0.565514;0.0753544;0.0226353
0.000356384;0.246901;1.16127e-06;6.13978e-05;0.00547894;0.000795592;1.50792e-05;0.258095;6.66463e-05;2.21982e-05;7.65364e-06;0.033685;0.335429;0.119085
0.000127171;0.0244808;1.09705e-10;3.87028e-05;7.62273e-06;0.000882579;2.90337e-05;3.98058e-05;0.00117744;2.36435e-05;0.000115805;0.000114481;0.972696;0.000267382
0.000493304;0.00136711;0.991712;3.62921e-05;1.01794e-05;0.000364227;5.52594e-07;4.58485e-05;2.97069e-06;3.30486e-06;4.04043e-07;0.00531421;8.99514e-05;0.000559562
7.69015e-06;0.96962;1.29626e-07;1.53477e-06;2.40195e-05;2.68464e-05;1.21339e-06;0.0224511;7.86503e-06;1.64413e-07;3.9053e-06;9.14554e-05;0.00762511;0.000139254
3.15714e-06;0.996986;2.32301e-07;3.25992e-06;1.96582e-07;6.59262e-07;0.00037033;0.000132026;3.98885e-07;0.000547709;9.13013e-07;8.73531e-06;0.00181154;0.000134644
1.47481e-08;4.81665e-08;0.999975;3.14447e-07;5.81467e-09;2.80772e-08;2.28686e-05;2.63993e-08;2.73898e-07;7.51603e-07;2.99533e-07;3.0734e-07;3.74421e-11;1.5541e-09
4.56011e-06;0.998994;3.90059e-07;4.33457e-05;1.86306e-07;1.27127e-07;5.09823e-05;0.000399391;5.32863e-06;7.84768e-07;2.89792e-05;1.04869e-05;0.000460973;3.89332e-07
3.68094e-05;0.254052;5.2178e-07;6.52843e-06;2.96451e-05;4.3053e-06;2.84634e-06;0.678146;4.35844e-06;2.88103e-06;2.81685e-05;5.57232e-05;0.0675677;6.23681e-05
9.34672e-07;0.0120592;0.000256105;1.55033e-05;6.48368e-05;3.27365e-05;5.42948e-06;5.48823e-05;6.51547e-07;3.4472e-06;1.55267e-05;0.984509;0.000524317;0.00245785
3.24558e-05;0.875196;0.000127667;2.55667e-05;0.000748392;4.98184e-05;3.61928e-06;0.0278114;5.08338e-05;3.02186e-06;2.01449e-05;0.00193585;0.0936525;0.00034283
0.00362781;0.366101;6.71941e-06;0.000877107;0.1692;0.00259185;2.19925e-05;0.132765;0.00311217;0.00053049;0.000155197;0.183774;0.105057;0.0321803
0.0259026;0.17747;0.000119754;4.1759e-05;1.84426e-05;5.29609e-06;0.000187711;0.286539;0.332094;4.01189e-06;0.00745891;0.011467;0.158691;5.62047e-07
0.00521646;0.157333;5.01973e-07;7.0009e-07;0.000200508;7.2012e-06;2.00229e-06;0.824563;0.000137303;5.36679e-06;1.3799e-06;0.000493759;0.0109353;0.00110357
0.000177397;0.00941913;0.000962889;9.28708e-05;0.00212677;0.000105277;1.99359e-05;0.00303384;0.0068552;2.16179e-05;0.000167693;0.969594;0.000114103;0.00730942
3.0501e-06;0.000556263;0.999225;4.99067e-07;1.34536e-06;3.25987e-08;4.86927e-07;7.0522e-05;5.88408e-06;1.08143e-06;2.09003e-06;6.28049e-05;7.03822e-05;6.31951e-08
3.34736e-07;0.999861;1.34103e-10;4.12842e-10;1.58362e-08;8.62698e-11;0.000122607;3.50692e-06;1.77747e-07;1.9693e-06;2.3143e-09;1.03481e-08;3.8974e-08;1.00398e-05
4.96959e-08;8.87173e-10;0.999984;3.34768e-10;1.51732e-05;1.38655e-10;4.48807e-09;6.67902e-07;5.78704e-08;4.11993e-10;4.26652e-09;2.11972e-07;1.20901e-11;1.98379e-11
1.55284e-05;0.000412777;1.47636e-09;2.45413e-08;8.35311e-05;7.81219e-07;2.18841e-08;0.998694;0.000440207;2.39541e-08;9.31703e-08;1.38761e-05;0.000339054;4.20707e-07
7.57144e-07;9.13441e-06;7.37846e-10;4.45067e-09;3.54778e-07;1.72938e-08;3.35547e-10;0.999534;7.21186e-06;1.94024e-09;3.27471e-08;4.98492e-07;0.000447948;4.35006e-08
2.30846e-05;0.00199668;4.23827e-07;0.000125297;3.60742e-05;6.12969e-06;1.74378e-07;0.000269062;0.00034335;3.90274e-06;0.000170086;0.993175;0.00056514;0.00328518
5.2658e-06;0.999389;6.8638e-07;1.58528e-05;2.15084e-06;1.28533e-07;1.45625e-06;0.000437021;6.9119e-07;1.53659e-06;1.07142e-06;0.00011371;3.14122e-05;3.37813e-07
2.59429e-06;0.996789;1.27468e-07;1.14561e-06;2.3052e-07;2.63814e-07;1.96506e-05;7.20988e-06;3.55487e-07;2.81209e-06;6.33359e-07;0.000676195;0.00249632;4.0306e-06
4.17394e-06;0.00766437;3.48389e-08;1.68056e-05;3.62207e-06;6.32341e-05;1.9694e-06;2.838e-05;8.9005e-05;2.67164e-06;8.54613e-05;0.991721;0.000202108;0.000116746
0.000108702;0.989458;0.000331897;0.00024362;2.75465e-05;4.58694e-06;0.00585517;3.72188e-05;1.56267e-05;0.00105678;6.75955e-05;0.00197231;1.22471e-05;0.000808965
4.1814e-08;4.33461e-08;0.999991;5.17582e-08;5.73296e-08;4.25565e-09;1.81721e-06;1.68428e-07;8.27483e-08;5.58529e-09;6.24026e-06;3.36255e-07;1.86205e-09;5.67171e-11
0.000292377;0.578036;1.88326e-05;0.000149811;0.00108714;0.000735939;0.000187645;0.241762;0.00120781;6.24385e-06;0.00935565;0.0126033;0.153956;0.00060116
4.99931e-06;0.00479938;3.97234e-09;5.52371e-07;3.8372e-06;3.87213e-06;2.97898e-07;0.200301;4.54825e-06;1.06577e-07;0.000145787;4.90484e-06;0.794718;1.30747e-05
4.10813e-06;8.16347e-05;2.42684e-05;4.0623e-05;4.26396e-06;4.73931e-05;1.71738e-07;2.74867e-05;2.70084e-05;2.72201e-06;0.000135551;0.996307;0.00308652;0.000210832
2.27436e-06;0.999467;0.000138641;2.84699e-05;6.17059e-07;4.32388e-07;3.44365e-06;4.50111e-05;2.17575e-07;8.07107e-07;2.38422e-06;3.55774e-05;0.000272735;2.37499e-06
2.80357e-05;0.122121;7.3843e-07;7.17294e-05;0.00143651;0.000257243;8.88565e-07;0.00474497;2.86592e-06;6.64919e-07;4.54569e-06;0.125629;0.734775;0.0109278
0.000170042;0.614271;6.2292e-06;0.00294207;0.235754;6.85226e-06;0.000107055;0.0701718;0.000370562;0.000215024;0.0160014;0.0558635;0.00145511;0.002666
1.18426e-05;0.903891;3.17568e-05;9.23417e-06;4.77909e-06;4.18955e-07;7.53718e-05;1.48498e-06;1.34522e-07;0.000109838;7.54463e-06;2.68594e-07;2.15111e-06;0.0958539
8.02632e-09;4.21544e-08;0.999999;6.13179e-11;3.7608e-09;1.22209e-12;6.57649e-09;1.47354e-08;7.38124e-10;3.18599e-11;6.12416e-08;1.2714e-06;1.08067e-11;2.08018e-10
6.00454e-05;0.00789094;7.33844e-07;2.00176e-06;0.00018105;0.000201422;1.54466e-06;0.933086;0.00076709;4.43798e-07;0.000678932;0.000700219;0.0559063;0.000523258
3.43205e-06;0.00111878;4.33525e-07;2.65328e-07;1.22511e-05;4.13616e-06;1.03732e-08;0.875214;4.52134e-06;5.83282e-08;1.77468e-05;0.000558771;0.123054;1.16567e-05
3.05669e-06;0.00131831;6.96646e-07;2.48186e-05;3.95351e-06;1.32359e-06;2.52013e-08;0.000158186;3.30894e-05;1.49807e-06;8.49724e-05;0.997943;0.000271909;0.000155336
1.00366e-06;0.999482;7.66671e-06;2.14004e-06;3.00973e-07;2.29748e-07;2.224e-05;0.000443266;2.84004e-08;1.16535e-05;7.60893e-08;7.51076e-08;2.30308e-05;6.56433e-06
1.18263e-09;8.17156e-08;0.999997;6.04001e-09;2.17089e-09;1.39509e-10;2.88808e-09;9.87685e-09;1.11524e-10;4.08136e-10;2.46675e-09;2.37141e-06;2.98457e-09;2.62416e-10
6.04297e-07;1.81572e-05;0.00169413;5.23141e-06;8.46802e-06;5.52379e-07;2.25141e-08;0.000126611;1.86322e-05;4.07498e-08;6.2808e-05;0.997437;6.124e-07;0.000626841
2.25419e-05;0.978744;1.36841e-05;1.03042e-05;4.97294e-05;0.00043481;2.02718e-06;0.000225386;9.91896e-05;2.53452e-06;0.000729947;0.00160932;0.0178077;0.000248644
6.79207e-07;0.996372;5.05491e-09;3.57227e-08;1.27264e-06;1.41127e-06;1.00748e-05;0.000181376;2.38659e-09;4.02341e-06;1.15717e-08;1.46447e-05;1.78689e-06;0.00341317
1.9465e-11;2.28333e-11;1;1.55927e-11;3.03098e-08;8.71216e-10;1.18596e-12;2.19683e-08;2.28175e-13;2.95775e-12;7.54303e-13;3.63934e-09;5.06723e-14;2.43674e-10
2.79709e-08;0.000103705;1.11982e-07;3.6952e-09;2.88819e-06;1.93024e-07;5.23114e-12;0.999385;1.9158e-09;1.40815e-10;9.93921e-10;0.000502536;2.53336e-06;3.14612e-06
4.08877e-09;0.998786;5.59399e-10;4.96105e-08;2.16966e-07;3.49801e-08;2.15599e-06;1.25695e-05;2.81291e-10;2.01922e-07;8.26615e-09;2.68038e-08;3.00642e-06;0.00119558
9.62097e-06;0.173692;1.2622e-06;5.75056e-05;9.11439e-07;1.76403e-05;0.00179918;0.330374;2.77289e-05;1.80582e-06;0.000261141;6.51451e-06;0.493751;5.97079e-08
4.78139e-07;0.883381;1.92323e-05;2.80654e-05;1.39341e-05;2.06828e-05;3.00604e-07;4.10778e-06;5.27532e-10;4.02029e-06;1.98207e-07;1.1956e-05;0.116503;1.32113e-05
1.90101e-06;0.00195062;2.00425e-07;1.08532e-06;1.77298e-05;7.20237e-06;4.76086e-07;7.97667e-05;6.02983e-08;2.30503e-08;4.72527e-06;0.993987;0.00373606;0.000213544
2.66389e-05;0.0465333;1.516e-06;2.66187e-06;0.00436476;0.000249301;4.07655e-06;0.332607;1.57366e-07;6.0577e-07;1.54436e-06;3.3638e-05;0.613234;0.00294134
3.74561e-07;1.89479e-05;6.2786e-10;1.43566e-07;1.64921e-08;4.00508e-05;3.2315e-08;4.90815e-07;1.69486e-07;1.00822e-07;1.10885e-07;2.10056e-06;0.999937;4.49168e-07
4.53928e-06;7.43051e-05;0.999814;1.17305e-06;1.46947e-06;1.23273e-06;1.1736e-08;5.04097e-07;5.17994e-09;1.78772e-07;2.68074e-09;3.73689e-05;3.60048e-08;6.52129e-05
1.958e-06;0.997976;3.69731e-07;4.83179e-06;5.34757e-06;7.91062e-06;3.90504e-06;0.000810768;1.33419e-05;9.27062e-08;1.34173e-05;0.000100886;0.000688493;0.000372441
1.64424e-06;0.998013;3.09803e-06;9.10864e-07;3.42971e-09;1.50036e-09;1.02169e-07;0.000785031;2.03323e-07;3.9112e-08;1.22423e-06;0.000737787;0.00045661;8.46936e-08
9.59102e-08;0.998265;7.3684e-11;6.33999e-06;0.000303263;2.57791e-08;1.43674e-07;0.000984039;6.28817e-08;4.94463e-06;8.40585e-08;0.000218848;1.23102e-06;0.000216191
1.37457e-05;0.0146507;0.00532028;0.000309084;0.000123504;0.00187033;9.47612e-07;2.70673e-05;4.80928e-07;2.47999e-05;1.09738e-05;0.973982;0.000790742;0.00287519
3.54523e-05;0.000464302;3.31052e-09;2.41058e-07;3.36026e-07;4.22646e-07;5.52082e-07;0.959017;1.76022e-05;9.83964e-09;0.00031261;5.20276e-05;0.0400994;4.95144e-08
6.72703e-05;0.00290279;2.8271e-05;2.11507e-05;1.24088e-05;1.61472e-06;1.59723e-07;0.0023649;3.13337e-05;1.4138e-06;0.000157384;0.987998;0.00628208;0.000131636
5.86612e-06;0.0130879;3.80261e-08;1.46513e-07;2.10635e-05;6.1102e-07;1.52739e-08;0.98612;1.63825e-07;3.35747e-07;1.72576e-07;8.26786e-06;0.000728618;2.63522e-05
1.39997e-07;0.00129647;2.4095e-05;5.50703e-06;1.22834e-05;3.26582e-05;9.26727e-08;6.82843e-05;7.76562e-07;2.47373e-07;8.15152e-06;0.997591;3.03061e-05;0.000930214
1.08777e-05;0.0224301;8.24025e-09;8.34248e-06;2.65489e-05;6.6657e-06;2.28572e-06;0.0156941;4.08485e-06;8.55436e-07;7.37793e-05;4.72857e-05;0.96169;4.51929e-06
0.0175651;0.0143766;0.000532968;0.00736019;0.881245;0.00775493;6.79451e-06;0.0584614;0.00120845;0.000532539;0.000463433;0.00614798;0.00101742;0.00332757
0.000265596;0.997314;6.10293e-10;2.80585e-07;9.65021e-07;5.59825e-07;0.00143588;0.000253498;8.70741e-05;0.000306067;1.14474e-07;4.67085e-10;2.73289e-05;0.000308974
1.06205e-10;8.4195e-12;1;3.52983e-12;8.74783e-11;6.50268e-13;3.20725e-12;7.14948e-11;1.37391e-11;9.74704e-12;7.50266e-13;3.69825e-09;4.29524e-15;6.57827e-14
0.000606636;0.000809943;3.20113e-06;7.01302e-05;0.00339608;9.18495e-05;0.000291927;0.0606464;0.926691;3.03832e-05;0.00700427;2.3427e-05;0.000254071;8.02938e-05
