1.21392e-05;0.999275;0.000149225;4.53842e-05;1.7342e-06;2.19138e-07;1.44081e-06;0.000301852;2.17203e-07;7.75938e-07;3.06197e-07;0.000105318;8.99286e-05;1.60312e-05
1.03128e-05;0.987772;5.57642e-09;1.93293e-05;3.80821e-06;1.34595e-06;1.97231e-07;0.0109466;2.7636e-05;4.71884e-07;1.96802e-05;0.000569533;0.00055757;7.13925e-05
0.000387069;0.986033;7.66437e-08;8.96971e-05;6.71603e-06;2.82073e-05;0.000406348;0.00198028;0.000822368;9.31133e-05;0.000147779;0.00359661;0.00572815;0.000680411
0.000613887;0.00188014;4.86544e-07;1.39882e-05;0.000182373;6.33374e-06;0.000101431;0.00145523;0.00189982;4.07891e-06;0.000284586;0.992838;0.000589321;0.000130605
1.07048e-05;0.00514289;0.994643;1.16174e-06;1.39988e-06;6.51837e-10;1.40718e-05;1.64666e-06;6.89636e-06;6.40101e-08;1.07898e-07;9.96575e-05;6.60806e-07;7.81167e-05
2.61288e-05;0.931815;2.30422e-08;1.46548e-06;0.000664889;4.21146e-06;8.63361e-06;0.0539137;8.93355e-05;1.88297e-06;9.75627e-07;1.72411e-05;0.000387062;0.0130698
1.0785e-06;0.0042143;0.109479;2.5506e-06;0.00015119;1.45088e-05;9.44287e-10;5.31483e-06;3.72981e-09;4.90051e-08;6.4737e-09;0.883819;2.02944e-05;0.00229279
5.25653e-07;0.994422;4.52579e-11;8.24263e-08;9.78833e-08;1.8255e-07;0.000828583;0.000251;5.49706e-07;2.05598e-06;5.02033e-07;1.1359e-09;3.19293e-06;0.00449151
3.14329e-10;2.01145e-09;0.999999;2.79852e-10;1.64502e-09;6.86344e-10;3.45402e-10;1.15896e-08;6.15167e-11;5.26352e-11;1.08602e-10;8.76955e-07;1.30781e-11;3.84441e-12
5.91196e-06;0.029415;1.69124e-07;4.24575e-06;1.22077e-06;1.19692e-05;7.0358e-07;0.00261566;0.000257362;2.67509e-06;0.000130468;0.000451952;0.967102;4.15859e-07
8.27547e-07;0.000518996;0.976709;3.25245e-06;9.68113e-07;2.70369e-07;2.04226e-08;4.91673e-06;1.76786e-08;3.80943e-07;1.32368e-07;0.0227557;3.23264e-06;2.12697e-06
3.47127e-06;0.994474;1.98923e-08;1.5218e-06;1.09127e-05;7.64169e-07;0.00245918;0.00254882;1.66288e-05;0.000182007;9.36517e-06;1.31488e-07;0.000121951;0.000171477
1.81881e-09;9.16563e-07;0.999999;4.43377e-09;3.79117e-08;1.1467e-07;1.09886e-08;7.08608e-08;1.0478e-10;5.34297e-08;4.3939e-10;1.21277e-10;5.98626e-08;1.09969e-09
4.00406e-09;1.55905e-09;1;4.02672e-10;1.37599e-09;1.0211e-10;2.16402e-10;7.10731e-08;8.71136e-10;7.40246e-11;1.38686e-09;5.81624e-08;1.96397e-09;5.0868e-13
4.85031e-08;1.05883e-05;0.000642182;5.09878e-08;3.32479e-08;5.66625e-08;1.5055e-09;2.40337e-06;4.41587e-07;2.51501e-09;1.29505e-07;0.999329;4.7754e-07;1.44875e-05
1.63246e-07;0.000784051;4.6099e-08;4.87537e-09;0.000814717;8.52474e-07;4.80389e-09;0.998195;3.7294e-09;1.89768e-09;5.43985e-09;2.65285e-08;0.000150621;5.41001e-05
5.54747e-07;0.998474;8.85587e-09;1.04777e-08;1.10723e-06;3.94247e-07;6.78723e-06;0.000826806;1.02941e-09;1.98372e-06;3.20829e-10;5.07576e-06;0.000186151;0.000497068
1.97859e-11;1.48083e-11;1;5.31547e-12;4.82484e-10;1.55684e-10;1.75448e-11;6.52746e-08;3.92932e-13;2.84084e-12;3.31517e-13;4.15821e-08;1.76978e-14;2.85552e-12
7.57597e-05;0.194975;2.99075e-05;0.000125672;0.000549992;0.00021329;0.000328634;0.790981;0.000359851;6.98161e-06;0.000705703;0.000414874;0.0112198;1.3758e-05
5.47179e-07;0.995321;1.14452e-09;2.2952e-07;6.12296e-07;1.10625e-07;5.29039e-05;0.00457251;2.28456e-08;1.30805e-05;1.3046e-08;3.99053e-09;1.29749e-05;2.5579e-05
1.11651e-10;1.07394e-09;1;5.63605e-10;1.89812e-10;2.13048e-12;1.02014e-08;9.94107e-10;1.69071e-11;4.75617e-10;2.0233e-10;1.22865e-07;7.03927e-13;1.19199e-11
2.72099e-06;0.00187855;9.18381e-05;3.39712e-06;8.21559e-06;1.08753e-06;3.06127e-06;0.00716577;3.66357e-06;5.64419e-08;2.74499e-05;0.98936;0.000646917;0.000807395
1.41755e-05;0.849307;2.27396e-07;2.44458e-05;3.20895e-05;6.32076e-06;0.000621459;0.0534611;0.000161367;4.6995e-07;0.00112641;0.00364765;0.0914634;0.000133933
4.68434e-05;0.465004;2.53499e-07;0.000534659;3.72201e-05;2.13995e-05;3.95975e-06;0.466094;0.000791108;1.33648e-05;0.00065086;0.0405921;0.0122227;0.0139876
0.000464017;0.89271;2.00113e-06;0.000352117;0.000109636;1.5805e-06;5.77538e-05;0.042384;0.000915879;1.91694e-05;0.00351648;0.0272839;0.0258848;0.00629855
0.000556539;0.0114261;4.53649e-07;3.60686e-06;0.000768228;2.03921e-08;4.03029e-05;0.985788;0.000222424;8.77795e-06;0.000102277;0.00055151;2.41258e-05;0.00050767
8.854e-06;0.00422729;0.991898;7.48454e-06;0.000156808;8.96556e-06;2.11668e-07;0.00042869;2.66468e-07;1.98235e-06;2.97239e-06;0.00267656;0.000567;1.46753e-05
3.27861e-05;0.0211911;7.62963e-09;1.61728e-07;0.00011221;1.57075e-06;7.85798e-07;0.974473;6.9309e-05;1.24231e-07;7.53125e-05;6.53156e-05;0.0039759;2.74262e-06
1.74116e-05;0.997944;1.37524e-05;1.0897e-05;2.9135e-06;1.26216e-07;4.87332e-07;0.000437682;4.44458e-07;2.74228e-06;4.69137e-08;2.65411e-05;0.000132558;0.00140996
0.000128955;0.883986;1.22536e-07;0.00252648;3.71097e-05;7.01121e-05;3.62429e-05;0.0393668;0.0291787;8.03722e-05;0.0136558;0.00830725;0.0217736;0.000852605
0.00181217;0.0154708;0.00040928;0.000358201;3.63894e-05;1.99757e-05;2.95008e-06;0.00326008;9.57699e-05;2.56481e-05;0.00027533;0.976416;9.99104e-05;0.00171766
7.42944e-05;0.732792;4.34668e-09;1.42344e-05;3.28286e-07;8.12178e-07;0.259766;0.00038673;2.73935e-05;0.00202585;3.42847e-05;2.13688e-08;2.26962e-05;0.004856
1.76446e-10;5.93328e-13;1;3.71766e-10;4.21915e-10;1.15701e-09;1.50072e-09;1.42559e-10;1.465e-10;1.29416e-10;1.11032e-09;1.43326e-08;1.29193e-14;1.34992e-11
0.000223552;0.870221;2.28888e-09;5.9604e-05;0.000139414;4.96931e-05;4.21863e-06;0.0605234;0.00035225;9.51614e-07;0.000414115;0.000211293;0.0670444;0.000755944
0.00276962;0.00303929;2.44705e-05;0.00361519;0.377316;0.00778768;1.03053e-06;0.385484;0.00122582;6.18541e-05;0.0083221;0.0206926;0.00392863;0.185732
1.26819e-05;0.993604;9.99858e-10;2.20966e-07;8.48038e-10;5.96939e-09;2.8202e-05;3.45595e-08;2.17627e-06;1.74979e-06;1.76747e-06;1.82211e-05;4.19852e-05;0.00628866
0.00125002;0.00177603;0.000356599;0.000612794;2.49114e-05;4.15977e-05;0.200555;0.000970411;0.346766;1.99438e-05;0.442202;0.00303286;0.0023831;8.31286e-06
4.93409e-05;0.979194;5.05162e-09;1.51492e-05;5.49318e-06;3.8738e-06;1.55909e-05;0.00354099;0.00217796;6.41072e-06;0.000673292;1.89607e-05;0.0142689;3.00567e-05
0.000570363;0.783933;4.12712e-07;0.00285375;0.0161713;0.00143816;0.000329436;0.067179;0.00525367;0.00244618;0.00773845;0.000302671;0.02364;0.0881435
0.00202872;0.728844;0.000677729;0.00207041;0.000271478;1.53921e-05;0.00438913;0.000340518;0.0220748;0.000198635;0.110632;0.124473;0.00354721;0.000437462
0.000797871;0.0585314;7.79847e-07;0.000762283;4.68061e-05;5.14292e-05;0.000253707;0.00285542;0.0185093;6.25893e-05;0.0198864;0.861426;0.0356195;0.00119656
0.000383411;0.00548043;4.61843e-07;1.11597e-06;1.31499e-05;2.40728e-06;4.26676e-07;0.993057;6.49937e-05;4.65343e-07;2.9939e-05;0.00026605;0.000683522;1.63593e-05
3.34457e-06;0.0055955;3.02857e-05;2.30363e-05;0.00038136;0.000215593;1.79045e-07;0.000625136;2.27927e-05;9.53782e-07;4.88959e-05;0.989062;0.000901182;0.00308937
2.15636e-06;0.997752;8.6938e-07;1.9104e-05;8.25422e-05;1.21482e-05;1.6192e-06;0.00118923;1.05854e-05;1.3923e-05;1.99824e-05;0.00010659;0.000484697;0.000304956
0.00017635;0.000453583;3.38121e-06;0.000151321;0.895407;0.044225;1.01411e-05;0.00743612;0.00275603;0.000230318;0.000128375;0.00940385;0.000340809;0.0392782
0.00281469;0.914151;2.91026e-06;4.19095e-05;7.251e-05;7.38898e-06;8.81249e-05;0.00249656;0.005216;4.1667e-06;0.000574713;2.22182e-05;0.0744978;1.00566e-05
0.000631819;0.94244;2.27949e-08;0.00211586;0.000255615;8.53154e-05;1.4046e-05;0.0498294;0.000811912;0.000101317;7.56394e-05;0.00125963;0.000935346;0.0014444
0.000176712;0.0621658;4.79587e-06;7.43828e-06;1.51021e-06;1.26436e-06;1.51568e-06;0.000455899;2.77889e-05;2.93516e-07;3.41386e-06;0.0986021;0.838515;3.67105e-05
6.93637e-05;0.0247516;1.09563e-08;8.93682e-06;0.00190681;5.57173e-06;7.99305e-06;0.970911;0.00077696;2.41932e-05;6.77213e-06;0.000222141;0.000773569;0.000535124
0.000449035;0.920395;0.0367152;0.00370697;0.0036902;0.001125;0.00016765;0.000460511;0.000505938;0.000101334;0.000191036;0.00162549;0.0290409;0.00182615
2.18018e-05;0.997848;3.14351e-09;3.42661e-07;1.26276e-05;2.57718e-07;0.00010311;0.00180546;5.15002e-05;5.42705e-07;1.31318e-05;4.59708e-05;2.60999e-05;7.12276e-05
0.000107647;0.0211363;0.0603103;2.47391e-05;0.00347135;0.000692337;3.48684e-08;0.000274372;1.14971e-07;7.49145e-07;5.98662e-07;0.911821;0.000204848;0.00195562
7.89718e-06;0.982732;1.16417e-07;5.05918e-07;1.45472e-05;2.31229e-05;2.24187e-06;0.0149654;9.79907e-06;2.66377e-08;5.04239e-06;0.000100352;0.00104133;0.0010983
1.06839e-06;0.000176082;3.76722e-09;9.45738e-08;9.32969e-07;3.27328e-07;2.61332e-09;0.0151108;2.39991e-07;8.9015e-09;9.17848e-07;2.59937e-05;0.984683;9.22995e-07
7.10972e-07;0.00101659;5.10835e-08;6.07395e-06;5.28691e-07;2.67881e-07;1.80312e-08;2.18309e-05;2.33616e-05;3.22337e-07;6.75515e-06;0.998779;0.000121245;2.37118e-05
1.80717e-05;0.997845;2.94409e-06;0.000172102;9.00889e-06;9.8429e-07;1.39411e-06;0.00177262;3.68222e-06;1.98335e-06;2.34888e-05;6.23538e-05;8.36424e-05;2.91981e-06
4.01586e-07;8.16437e-05;5.56918e-11;1.70589e-09;4.97729e-07;1.37589e-09;1.58546e-09;0.999915;3.3935e-08;8.21601e-10;3.07154e-08;1.6115e-07;2.47214e-06;1.08793e-07
7.231e-08;4.56851e-05;1.60658e-05;2.42398e-06;0.000555985;0.000253922;4.23113e-09;4.98181e-05;5.1617e-09;1.5829e-07;5.90146e-08;0.00662583;8.42898e-06;0.992442
3.15377e-07;0.000480522;2.0806e-08;1.75358e-07;3.3962e-08;3.69129e-08;3.555e-08;0.00149163;5.16672e-07;2.86959e-09;2.16481e-05;5.50869e-06;0.997999;6.86925e-08
2.13223e-05;0.468017;0.00088045;0.000116062;1.76016e-05;8.6758e-06;8.26368e-07;0.033789;8.83336e-06;4.05581e-06;2.32303e-05;0.450868;0.0459453;0.000299793
3.06093e-06;0.969377;1.02579e-08;0.0068404;2.02511e-05;8.56867e-05;1.01311e-05;0.000874691;4.54564e-05;2.64147e-05;0.00155777;0.00649446;0.013403;0.00126181
4.86339e-05;0.0299846;6.59379e-09;9.93461e-05;8.36205e-05;2.46213e-07;1.40484e-05;0.966296;5.50956e-05;1.04284e-05;0.00286612;0.000342622;0.000114571;8.50435e-05
2.20252e-05;0.00164913;0.979566;0.000361895;0.000867498;3.60321e-05;4.20786e-07;3.45169e-06;8.79147e-08;1.76332e-05;0.000115454;0.0161304;0.000221909;0.00100776
0.00027922;0.969907;7.05357e-07;3.40985e-06;0.000109856;0.000101069;1.52776e-05;0.0127393;8.67247e-05;1.49215e-06;0.00120425;6.42617e-05;0.0154603;2.7359e-05
0.00043111;0.425897;1.2647e-09;0.000117521;0.00013659;7.21609e-05;1.71096e-05;0.00206116;0.00561542;2.51792e-05;0.00749525;0.257549;0.300404;0.000178516
0.133868;0.018523;6.46888e-06;2.27898e-06;0.000370592;1.21226e-06;1.38911e-05;0.842822;0.00199877;1.41586e-06;0.000131723;0.00147734;0.000724107;5.85351e-05
0.000392421;0.201406;4.77664e-05;0.000341585;0.00125963;0.000845438;0.000104312;0.0675849;0.0163122;1.74152e-05;0.000477841;0.382861;0.00398434;0.324364
7.74968e-05;0.00186941;5.28923e-08;6.8203e-05;2.56277e-05;7.01669e-06;1.23482e-06;0.422201;0.00030751;2.35938e-06;0.00026963;0.000868877;0.574285;1.6465e-05
3.6244e-05;0.00511405;4.84429e-07;2.10848e-06;1.64422e-07;7.6127e-07;6.2442e-09;5.41911e-06;1.93675e-06;5.27467e-08;9.70404e-07;0.666411;0.32842;6.76194e-06
1.07774e-07;0.00152928;1.04463e-10;3.59258e-07;2.68841e-05;7.74304e-08;1.38331e-08;0.998426;1.18695e-06;1.4188e-07;3.83411e-07;5.29669e-07;1.40536e-06;1.38694e-05
2.26331e-06;0.00365258;0.990342;0.00110856;0.000822734;0.000241552;2.99227e-07;1.14569e-05;3.85603e-07;0.000105381;1.50238e-05;0.00168888;8.96514e-05;0.0019196
0.00120293;0.0462464;1.57392e-05;0.000322783;0.000307764;0.00125111;0.00332075;0.0375994;0.290788;8.14626e-05;0.546941;0.000715568;0.0710831;0.000123973
