2.64579e-06;0.985925;1.86795e-09;3.19862e-07;7.01101e-09;1.93238e-07;6.38876e-06;1.68605e-06;4.08786e-06;9.9247e-08;5.94387e-06;0.00122102;0.0128321;4.15914e-08
1.02851e-05;0.978116;2.10447e-07;1.9327e-06;2.33489e-05;2.22575e-05;7.87113e-06;0.00134409;1.205e-06;2.37963e-06;4.75735e-07;0.0162558;0.00298015;0.00123385
9.26678e-06;0.631049;2.70792e-07;8.97718e-06;1.72639e-05;2.60974e-05;2.85017e-06;0.000704186;2.3564e-05;3.36674e-07;2.51237e-05;0.00848538;0.359634;1.39446e-05
0.000115556;0.224851;1.38113e-05;1.52113e-05;0.000107355;4.59033e-05;3.4103e-06;0.00739415;2.83505e-05;1.74488e-06;3.15004e-05;0.75188;0.0138047;0.00170674
0.000192601;0.637998;1.2712e-05;0.000560921;0.017289;0.0217725;5.37577e-06;0.0821707;0.00104954;0.000162288;0.000127193;0.036572;0.0249032;0.177184
0.00100547;0.536611;7.70197e-07;0.000105357;0.00138299;0.00313658;2.43981e-05;0.0153607;0.00209832;2.73066e-05;0.000291924;0.0183922;0.413261;0.00830185
0.00019604;0.986287;0.000138196;1.31399e-07;1.1788e-06;1.35911e-07;1.36771e-06;0.0027252;1.57072e-07;1.78398e-07;2.03208e-07;0.0104666;0.000181361;1.85517e-06
1.62175e-06;0.00977627;4.74381e-05;5.16943e-06;0.00069606;5.23726e-05;4.20926e-08;0.0164281;8.61882e-07;3.40984e-07;4.74205e-08;0.936104;0.00158359;0.0353045
2.52596e-06;0.00323551;1.76494e-10;2.51367e-07;6.13159e-06;7.64582e-07;1.91646e-07;0.00176752;2.6535e-06;6.63649e-08;1.63742e-06;0.000183576;0.994798;1.12254e-06
0.00257125;0.0972248;0.017618;2.05843e-05;0.000737668;0.000168533;0.000295724;0.0144481;7.37768e-05;0.00190673;6.88768e-06;0.0148338;0.849276;0.000818578
1.17294e-07;9.88105e-08;0.999986;1.82796e-08;9.14428e-08;6.58624e-09;1.22813e-08;2.98111e-06;9.00858e-08;4.36224e-09;4.04357e-09;1.0795e-05;6.71677e-09;2.85776e-10
1.28215e-05;0.00369721;0.958469;2.31522e-05;2.66465e-05;4.59029e-06;1.77739e-05;0.010803;8.52703e-06;1.00088e-05;1.70008e-06;0.0195301;3.46177e-05;0.00736052
4.35891e-05;0.0033739;1.47683e-07;2.7e-05;0.213479;0.103519;7.6187e-06;0.54508;5.7627e-05;4.86364e-06;5.59323e-06;0.00502975;0.0146748;0.114697
1.50157e-06;0.0194057;0.00154198;4.89504e-06;0.00651056;3.4825e-05;1.24752e-07;0.000103425;1.62752e-10;6.98832e-07;4.11181e-08;0.952463;0.0190944;0.000839103
4.66519e-06;0.472212;0.000104513;4.9163e-05;0.000162123;0.000310714;5.32491e-05;0.00415593;2.28891e-06;1.9586e-06;6.66598e-06;0.0022691;0.520072;0.000595472
3.51959e-06;0.681363;9.52098e-06;0.000104307;0.000778235;0.0145893;3.27589e-07;0.021815;2.2005e-06;4.94315e-06;4.89587e-07;0.0137814;0.264154;0.00339301
0.000119857;0.447516;0.000306303;1.87873e-05;0.000214211;7.10876e-06;4.063e-06;0.00385904;1.68665e-06;1.21505e-05;2.61001e-06;0.540621;0.00674812;0.000568812
4.5271e-06;0.0331509;3.49659e-06;3.27128e-07;2.38997e-07;4.70987e-08;0.96583;8.50161e-06;1.29112e-05;0.000427956;0.000542333;5.66195e-07;4.66509e-06;1.33537e-05
4.68086e-09;4.20232e-09;0.999998;2.91815e-09;5.26278e-09;5.17366e-09;5.70207e-07;9.58207e-10;7.30959e-09;6.43833e-09;6.65813e-08;1.7112e-06;4.28164e-12;1.02894e-10
1.14363e-06;0.999724;4.47329e-08;2.44474e-09;7.53871e-09;4.14095e-08;2.89748e-07;2.52977e-06;2.30492e-08;3.61969e-09;3.99092e-08;2.24159e-06;0.000269598;6.59798e-08
3.25913e-08;0.000130894;2.22261e-07;4.8038e-08;1.03098e-06;1.08066e-06;3.46114e-08;1.60012e-05;1.81093e-07;3.54749e-09;2.85225e-07;0.999759;6.21703e-07;9.11233e-05
5.96008e-07;0.0263609;5.66065e-10;4.2273e-08;9.47489e-07;2.73164e-07;1.02475e-06;0.00572025;1.63695e-08;2.19275e-08;1.5091e-07;1.81933e-07;0.967915;3.78517e-07
4.66777e-07;0.00029317;1.666e-06;2.80285e-06;5.2952e-06;1.77877e-06;1.15642e-09;2.96207e-06;2.27859e-06;1.57442e-09;3.49318e-07;0.997801;0.00011248;0.00177619
2.04823e-05;0.0317894;2.93254e-08;2.33954e-05;1.06119e-05;4.18675e-05;2.92856e-06;0.00547412;9.27335e-05;1.2551e-06;4.9519e-05;0.0011955;0.961108;0.000190616
1.8286e-06;0.00141329;7.18208e-07;4.5316e-06;1.79482e-06;3.51725e-06;1.4289e-08;7.29528e-05;6.82645e-06;2.50233e-07;4.56894e-06;0.99752;0.000863467;0.000106144
3.14745e-05;0.950642;4.99467e-09;0.0016294;5.26061e-05;0.00078232;0.00011155;0.0130882;0.0012366;0.000127062;0.000497761;0.00120695;0.0305676;2.63388e-05
3.57784e-05;0.00789736;0.000165999;0.000111424;2.61229e-05;2.67812e-06;3.21018e-08;6.72926e-05;1.10531e-07;9.19365e-07;1.5784e-06;0.990436;4.85382e-06;0.00124933
3.94887e-06;0.00927587;2.16221e-09;2.35274e-06;4.5219e-09;1.62103e-08;0.990178;9.19975e-07;3.77655e-05;0.000403019;7.53204e-05;3.71783e-10;8.01144e-06;1.45676e-05
3.55106e-08;3.85705e-10;0.999982;1.69766e-07;2.50677e-09;1.56001e-09;7.29749e-06;1.39641e-08;1.68001e-06;6.19517e-08;8.32558e-06;2.45466e-08;2.30971e-12;6.16774e-11
3.35062e-05;0.00550863;4.50058e-08;9.8397e-07;8.18252e-08;1.15051e-07;2.46069e-07;0.00650799;0.000714696;1.72287e-07;3.43753e-05;6.85437e-06;0.987192;8.26101e-08
0.000150789;0.052893;0.000980012;0.00186782;0.00531984;8.65915e-06;1.03989e-05;0.0261539;0.00722012;3.11494e-05;0.00448689;0.712581;3.048e-05;0.188266
0.00118731;0.0769693;1.03735e-05;0.0303168;0.0187585;9.69247e-06;0.000145524;0.685687;0.0623997;0.000676939;0.0488327;0.00325717;0.000789869;0.0709594
9.54773e-05;5.14679e-05;1.65833e-06;1.59091e-06;0.000848316;2.83628e-07;1.18e-05;0.998459;0.000395993;1.58089e-05;8.8653e-05;8.88726e-08;2.32161e-05;6.87458e-06
1.26476e-06;7.18739e-06;0.999979;2.40518e-07;5.89036e-07;6.34482e-08;3.00747e-10;6.05339e-07;9.85456e-08;2.06627e-08;3.40252e-07;9.99742e-06;1.06978e-07;1.20216e-07
4.6019e-05;0.862154;7.56256e-05;1.37378e-05;8.33418e-05;2.85202e-05;3.34145e-05;0.113432;0.0143206;4.04487e-06;0.0061529;0.00249265;0.00100046;0.00016303
