1.82736e-05;0.997621;5.49194e-05;7.8571e-05;9.27727e-06;4.79789e-07;1.0843e-06;0.00149644;2.38685e-06;2.5079e-06;2.26671e-06;0.000594771;0.000115144;3.10593e-06
5.44858e-06;0.000362851;8.20685e-11;1.80207e-08;3.55084e-07;5.14497e-09;1.90272e-07;0.999617;1.0228e-05;8.44431e-08;5.39092e-07;1.47195e-08;2.01713e-06;1.35096e-06
0.000386436;0.957254;9.75886e-05;3.25829e-05;5.49329e-06;8.52836e-06;0.0279671;0.00238575;0.00200003;0.00292914;0.000105529;0.00590224;2.08747e-05;0.00090521
1.2323e-07;1.4289e-06;0.999978;8.13875e-08;2.31503e-08;7.72079e-09;2.14084e-06;3.96934e-07;7.79712e-07;8.77576e-09;2.32783e-06;1.42776e-05;2.29521e-08;5.17153e-10
4.69033e-06;0.911069;6.09418e-06;1.63215e-06;1.5262e-06;1.20409e-07;1.15535e-05;0.000954549;1.04509e-05;3.74991e-08;9.20171e-05;0.0147886;0.0730392;2.02561e-05
2.15971e-05;0.0377398;2.13481e-05;6.40745e-05;0.0521725;0.00350492;1.78058e-05;0.014508;5.29197e-06;2.60645e-05;3.7245e-05;0.00250642;0.00639368;0.882981
0.000360898;0.532484;0.000578916;0.000170217;2.46927e-05;0.00057299;1.15721e-05;0.00624072;9.57252e-05;3.12943e-06;0.000101258;0.411437;0.0465608;0.00135809
1.36586e-05;0.96569;2.09364e-07;3.40455e-06;1.47577e-06;9.27597e-06;2.46865e-05;0.0156895;2.10083e-05;3.14443e-05;2.3275e-06;1.22828e-06;0.000339693;0.0181727
2.4869e-09;3.05336e-09;1;4.04057e-10;5.72589e-10;2.07195e-10;9.4054e-11;1.76348e-08;6.82461e-10;1.56864e-10;1.26885e-09;3.4786e-07;6.80677e-13;1.3384e-11
6.44432e-06;0.000393641;0.948812;5.83965e-07;0.000361983;4.38499e-07;2.5649e-08;0.0501137;2.47075e-06;8.73763e-08;3.61616e-06;0.000272743;9.91784e-06;2.23819e-05
1.33239e-08;0.996648;6.32195e-08;4.06186e-07;1.99499e-07;4.66627e-08;5.23919e-07;4.47165e-07;1.3105e-09;4.16647e-06;9.03464e-09;2.66807e-06;9.82321e-07;0.00334199
7.6091e-05;0.0151487;1.9943e-06;1.34138e-05;5.59778e-07;2.86208e-07;0.865994;0.00235163;0.0513206;7.30675e-07;0.0613322;1.02037e-06;0.00375894;9.88864e-08
0.000195812;0.789895;3.3732e-07;1.96718e-05;1.69747e-05;4.95126e-06;5.88023e-06;0.12399;0.00129111;1.03721e-05;0.000813286;0.0111301;0.0726026;2.38726e-05
1.06928e-05;0.980521;6.64829e-09;4.86738e-07;0.000181613;6.35812e-06;0.00151761;0.00018973;2.67844e-07;0.000629439;4.91399e-07;3.79442e-06;2.30737e-05;0.0169159
2.58348e-08;1.41802e-10;0.999998;8.22422e-09;5.74119e-07;1.37964e-07;1.06361e-08;4.84692e-09;4.47742e-09;2.59748e-09;2.94907e-09;1.69375e-06;3.88928e-11;1.51051e-10
0.000518833;0.578089;3.129e-06;0.000147216;0.0001009;3.85508e-05;0.00106898;0.00453;0.394907;4.7855e-06;0.0143423;0.000220376;0.00583732;0.000191749
3.18635e-07;3.63944e-05;0.999915;4.66993e-08;3.19771e-06;5.12958e-10;2.03701e-07;2.87997e-05;3.5431e-07;7.21527e-08;5.38747e-07;1.51017e-05;1.39436e-08;7.91326e-08
6.81543e-08;0.999882;1.46292e-06;5.36753e-07;2.25563e-07;5.14084e-08;1.28009e-05;7.50371e-07;4.03875e-08;1.16467e-05;8.10588e-08;3.62931e-07;2.65065e-05;6.32364e-05
7.80448e-05;0.0771245;5.59116e-07;2.16368e-05;1.0596e-06;1.07009e-06;0.588814;0.0367568;0.253192;1.05582e-05;0.0189014;6.92532e-06;0.0250915;3.86e-07
1.093e-06;0.996796;0.000142202;3.15001e-06;5.49567e-06;2.14324e-06;1.12498e-05;0.00293556;1.07788e-08;1.66058e-05;3.11957e-09;4.50987e-07;7.33699e-05;1.26549e-05
5.83859e-09;7.38176e-08;0.999999;1.22959e-08;1.03096e-08;3.1972e-09;5.27048e-09;1.04363e-07;5.1023e-09;1.49529e-09;7.35437e-09;3.72836e-07;6.70628e-08;6.53684e-10
1.42383e-08;2.14355e-07;0.999463;3.85119e-08;7.35171e-08;1.09702e-08;1.9998e-09;1.97973e-05;5.46709e-09;1.36466e-09;1.1093e-08;0.000512749;1.71546e-09;4.05307e-06
3.925e-09;2.7389e-05;3.81703e-07;8.09846e-09;1.59541e-06;4.30865e-05;5.05309e-11;2.39501e-07;5.17673e-11;1.46448e-09;1.2728e-09;3.77473e-06;1.87137e-08;0.999923
6.78877e-06;0.00138018;2.3466e-08;2.71579e-07;4.05602e-06;1.82025e-05;4.2985e-08;0.00870133;2.44722e-07;8.52457e-09;6.62259e-06;0.000108494;0.989773;2.35884e-07
2.41867e-07;0.992444;4.95937e-08;1.44964e-07;4.33438e-09;5.07739e-07;1.45769e-07;6.44559e-07;3.7846e-09;2.06803e-08;3.14905e-08;6.60102e-05;0.00748758;5.73927e-07
1.09273e-06;0.0148448;0.000353394;9.39284e-06;8.58544e-06;6.69876e-07;7.66397e-07;0.0272691;1.16593e-07;1.38562e-07;9.92401e-06;0.957441;5.22489e-05;8.60802e-06
1.09203e-06;0.943912;6.17756e-08;0.00159588;0.00798348;0.00151549;5.33587e-07;0.0109495;5.56865e-06;3.96024e-06;0.000101718;0.00129823;0.00946891;0.0231637
6.94362e-06;0.00310367;1.84138e-06;1.64099e-05;4.13399e-07;1.04719e-05;9.1965e-06;0.000369324;2.14003e-05;2.34511e-06;0.000329819;0.00126837;0.994848;1.14528e-05
1.43539e-05;0.00194469;1.22767e-08;3.93933e-06;0.000180083;6.82481e-06;8.48071e-08;0.996347;2.14393e-05;5.94853e-07;0.000143502;0.000588695;0.000413795;0.000335072
1.58367e-05;0.998049;1.32363e-08;4.29537e-08;2.96849e-06;1.99011e-07;0.000141395;5.83963e-05;9.84199e-08;0.00012973;3.6347e-08;1.25136e-07;0.000200376;0.00140222
9.78311e-09;2.85326e-09;0.999999;2.91049e-10;2.08552e-07;4.38618e-10;1.39965e-08;4.28366e-08;7.25506e-09;4.69895e-09;1.88237e-09;6.02319e-07;1.54391e-12;1.03297e-10
0.000157956;0.756244;0.000335469;2.22387e-05;0.000264078;8.63569e-06;1.5148e-06;0.000947514;0.000257249;7.0429e-07;3.59263e-05;4.03464e-05;0.241678;6.07355e-06
1.29578e-05;0.0172014;2.24865e-05;6.39549e-06;4.37813e-05;4.32166e-06;1.17059e-05;0.00560777;0.0020102;8.93887e-07;0.00116617;0.97321;0.000263715;0.000438326
0.000282862;0.634308;3.33732e-05;0.000738782;0.175956;0.0252127;1.68908e-05;0.0985211;0.000907559;6.35117e-05;0.000199149;0.00227418;0.055852;0.00563328
0.000404095;0.243945;2.05158e-07;3.93001e-05;4.96553e-05;4.82954e-06;1.72928e-07;0.00705027;0.000673622;5.21046e-07;7.45731e-05;0.144856;0.602888;1.44663e-05
1.67011e-05;0.99773;2.00906e-06;5.89284e-08;8.89252e-08;3.70452e-07;2.70654e-07;0.00172692;1.60523e-07;3.00281e-06;4.37836e-09;1.11443e-06;0.000499603;1.92826e-05
2.07064e-11;6.07694e-10;0.999999;4.06468e-12;4.12175e-10;1.01092e-10;1.74446e-12;1.97416e-10;5.15712e-14;4.64431e-12;5.61637e-14;1.1807e-06;4.83033e-12;1.00787e-11
9.49001e-07;0.00725793;1.60714e-06;2.07824e-06;9.67856e-07;0.000128358;1.75331e-05;4.49985e-05;3.46679e-06;7.51975e-06;4.86389e-06;2.17324e-05;0.992462;4.64942e-05
3.1648e-07;0.000509042;0.981411;4.71159e-06;4.58485e-08;4.2059e-07;0.000292718;1.25998e-07;5.55353e-08;0.000145946;6.06074e-07;0.0176304;1.75195e-06;3.34006e-06
1.4549e-07;2.51882e-07;0.99994;1.80009e-07;2.30323e-08;1.18523e-08;4.20165e-05;4.98965e-09;1.28866e-06;5.82556e-08;1.59462e-05;2.41445e-07;3.75111e-11;4.66595e-08
7.49221e-08;2.60684e-05;1.27235e-11;1.39925e-10;9.1596e-09;8.5219e-11;9.60873e-10;0.999973;1.02879e-06;5.7439e-11;4.10212e-08;8.84193e-09;3.06308e-08;2.51712e-10
8.71368e-08;1.74193e-05;2.27768e-07;4.60209e-07;7.22367e-05;2.31108e-05;4.0283e-10;1.69078e-05;6.00371e-08;4.97729e-08;5.30329e-07;0.00144252;4.72895e-07;0.998426
5.84105e-07;0.999426;1.08257e-08;1.89828e-08;6.8138e-10;7.02216e-09;0.00022923;2.84031e-06;4.63545e-08;7.71197e-06;2.60446e-07;7.6924e-09;7.04946e-06;0.000325912
7.71522e-10;1.29356e-08;0.99999;1.71642e-09;3.5058e-09;3.52402e-09;4.56195e-08;6.31138e-09;5.83586e-09;5.89559e-09;2.84544e-08;9.89712e-06;1.04761e-12;4.20604e-09
6.74426e-07;0.992658;1.13522e-07;1.08321e-07;7.64783e-09;9.92001e-09;4.60934e-06;7.8675e-06;6.5592e-07;1.45176e-08;2.41031e-06;4.51633e-07;0.0073248;2.7744e-07
2.97263e-08;0.000364604;4.35186e-07;1.13621e-07;2.78901e-07;9.1227e-08;1.01192e-09;0.000361993;1.81824e-07;1.23965e-10;5.97565e-07;0.99925;3.09135e-06;1.82754e-05
1.88729e-06;0.630498;1.17253e-07;9.68207e-06;8.10424e-07;2.04284e-05;1.05421e-06;0.0123201;5.38804e-06;2.00296e-07;2.56871e-05;0.00033617;0.356755;2.56006e-05
3.31909e-05;0.0749941;9.00657e-05;8.93914e-05;6.72315e-06;7.4487e-05;6.8527e-07;0.00498593;2.57535e-05;3.79744e-06;3.42737e-05;0.893743;0.0240152;0.00190369
5.4981e-05;0.863853;4.88113e-05;0.000107811;0.000416873;3.94181e-05;3.5907e-06;0.0236011;4.38705e-06;7.13865e-06;8.3667e-05;0.107496;0.00196557;0.00231745
0.000111042;0.151919;9.23584e-05;5.11934e-05;0.000285605;0.000103412;7.6488e-06;0.0513508;3.81967e-06;6.81194e-06;6.71824e-05;0.735337;0.0584255;0.00223851
2.15648e-05;0.892165;3.63304e-06;0.00107546;4.19272e-05;0.000456124;0.000277911;0.0022993;0.000204758;7.99558e-05;0.00458045;0.0776395;0.0173827;0.00377168
0.000635496;0.581191;3.17233e-06;0.00466284;0.101855;0.0831337;0.000418174;0.00267235;0.00127679;0.000131309;0.00963912;0.0668192;0.0551349;0.0924271
0.0013699;0.725251;6.00281e-08;0.000734784;0.000237113;0.00260578;8.05704e-05;0.175191;0.00165598;5.05006e-05;0.0115101;0.0223944;0.0548791;0.00403983
9.76775e-06;0.997402;6.96095e-10;9.65355e-08;1.26161e-08;3.34342e-07;6.62116e-07;3.03254e-06;1.38839e-06;9.5362e-08;1.38031e-06;0.000926717;0.00165429;1.57393e-07
0.000155422;0.0542928;3.35556e-08;7.8236e-06;0.00209152;3.33073e-05;8.32139e-07;0.0629496;1.23099e-05;2.45007e-06;4.21778e-06;0.844685;0.0356178;0.000147059
0.000775239;0.936012;3.87428e-05;2.30084e-05;0.00669897;5.09771e-05;2.45106e-06;0.00696645;2.59736e-05;9.604e-07;9.86724e-07;0.0103823;0.0313229;0.00769877
0.00022787;0.308556;6.77583e-07;0.000152846;0.000330419;0.000183061;4.27668e-05;0.0361429;0.00242655;5.0896e-06;6.68954e-05;0.0434198;0.606037;0.00240816
0.000166904;0.00329104;1.80898e-08;3.6096e-05;3.54872e-05;2.82792e-05;2.73545e-06;0.0165826;0.000318492;4.12111e-07;0.000756845;0.000418355;0.978199;0.000163987
9.81548e-06;0.00052732;1.14147e-07;1.20403e-06;2.07434e-06;1.91424e-07;3.42037e-10;0.000304515;3.58663e-06;1.14415e-08;1.96868e-06;0.998946;0.000114985;8.81084e-05
8.11326e-08;0.999937;1.58998e-09;4.13966e-07;3.16433e-08;1.4024e-08;2.25748e-05;8.95926e-06;7.88617e-09;1.24684e-05;8.27433e-09;2.03347e-07;5.84476e-06;1.19584e-05
1.98438e-10;1.02264e-10;1;3.99175e-09;8.18348e-10;3.87196e-10;1.82719e-08;9.91689e-10;2.76198e-10;9.94444e-10;2.15528e-09;8.61889e-08;2.61557e-14;1.21974e-11
4.97262e-07;0.99882;1.44167e-09;2.66957e-07;3.68964e-09;8.86972e-09;2.37623e-08;5.52583e-08;1.90464e-08;3.72282e-09;1.10823e-07;1.86067e-07;0.00117832;5.78619e-09
3.09604e-07;0.000378053;4.19736e-08;2.31632e-08;1.71662e-09;9.03746e-11;1.554e-08;7.68878e-05;7.01106e-07;3.74953e-11;6.64341e-06;0.999534;2.82552e-06;2.84894e-09
4.37948e-07;0.990427;2.53892e-08;6.90717e-06;0.00140129;6.94848e-06;1.58344e-08;0.00716129;2.83845e-07;1.10632e-07;2.8854e-07;2.31906e-05;0.000940218;3.2309e-05
6.81831e-09;8.47535e-07;7.96645e-11;2.90743e-09;7.07951e-10;5.60505e-06;1.87618e-09;7.2852e-09;1.71547e-08;8.82878e-09;7.03059e-09;4.17106e-10;0.999994;2.0369e-09
7.58359e-09;4.86196e-07;0.999999;1.24327e-08;1.20097e-09;7.5584e-10;2.63412e-10;1.41852e-09;2.78559e-11;2.36372e-09;1.21337e-10;2.40533e-07;7.04081e-10;2.53334e-08
1.27392e-06;0.996067;1.50893e-06;9.68298e-06;1.01234e-05;4.2469e-06;1.65061e-05;0.00306768;6.76947e-05;7.26073e-07;0.000185763;2.59389e-06;0.000441921;0.000123605
