2.71587e-06;6.13146e-05;5.58442e-10;5.78247e-09;1.26748e-07;7.13051e-09;1.7258e-07;0.999908;1.75583e-05;1.62778e-08;3.97887e-07;2.1041e-08;1.0088e-05;1.08098e-07
9.07931e-06;8.2952e-05;3.37831e-05;2.44479e-07;2.79057e-06;1.85529e-07;1.36384e-07;0.000177535;9.0786e-06;1.7873e-08;4.90288e-07;0.999587;3.46398e-06;9.36496e-05
4.24433e-07;0.999287;4.77665e-10;1.01793e-07;3.12637e-08;9.54512e-08;0.000147688;0.000418029;6.52863e-06;6.55595e-07;2.0753e-07;2.58673e-09;9.03258e-05;4.89742e-05
1.79882e-10;3.41221e-10;0.999997;1.14403e-10;1.42953e-10;3.84899e-12;1.99977e-10;1.37715e-09;2.59806e-11;3.37875e-11;1.21466e-10;3.11056e-06;3.60035e-13;2.53129e-11
8.88037e-07;0.995476;6.42662e-09;1.30218e-07;4.19689e-07;8.94138e-07;0.000386774;9.14543e-05;3.949e-07;1.36012e-05;2.94477e-07;1.00195e-08;0.00011407;0.00391473
4.70465e-12;1.52112e-11;1;3.43881e-11;2.32573e-10;1.08961e-09;3.80661e-12;3.31413e-10;3.2884e-13;7.20449e-12;5.04106e-12;1.79389e-07;4.20469e-12;4.29583e-10
4.57168e-06;0.0696744;7.05431e-06;6.35558e-06;0.000119587;2.26595e-05;4.72266e-08;0.0465621;4.83857e-07;2.02752e-07;1.20997e-05;0.0627806;0.82014;0.000670228
8.82957e-06;0.921143;3.92998e-07;0.000404178;7.74756e-05;0.000598371;1.76622e-05;0.00611724;8.48154e-05;4.25692e-05;0.000837907;0.0230466;0.0356825;0.0119383
2.22687e-05;0.00157654;9.54383e-06;0.000610701;0.216605;0.481757;2.24113e-06;0.0246643;2.90318e-06;0.000164031;0.000115258;0.00124053;0.00124517;0.271984
0.000740748;0.117617;3.85482e-06;6.78746e-05;0.000222273;2.08156e-05;5.39623e-05;0.0609783;0.00012739;4.51008e-06;0.00542708;0.00337486;0.81136;1.54412e-06
2.07289e-05;0.0256255;1.25523e-07;4.15054e-06;0.00286493;0.000354432;3.41154e-05;0.968369;4.51605e-06;0.000111479;6.82568e-07;2.07842e-06;0.00245453;0.000154158
2.02794e-09;6.89767e-09;0.999997;1.58359e-09;1.4337e-09;7.85316e-11;3.86891e-09;4.20879e-08;4.17961e-11;1.01534e-09;2.02866e-10;3.16356e-06;9.93306e-11;5.45789e-12
0.00020465;0.000425311;0.0130114;0.000375252;0.000353335;0.000502058;2.41715e-05;0.0036451;0.000884854;5.52917e-05;0.000239186;0.968589;0.00398548;0.007705
0.00187947;0.918239;0.00287156;7.46629e-05;0.000246631;0.00178529;0.0124449;0.00119322;4.92117e-05;0.00134266;5.00684e-05;0.000179888;0.00527041;0.0543726
7.9088e-10;2.0243e-11;0.999998;1.72567e-11;8.47019e-10;2.15391e-12;7.10397e-10;1.04993e-09;1.81536e-10;1.64039e-11;3.31261e-11;2.32615e-06;1.37836e-14;7.21827e-13
7.22937e-06;0.0344574;6.42113e-07;1.86363e-06;0.00102489;0.00106397;0.00017596;0.961205;0.000103255;1.65515e-05;1.62749e-06;3.66494e-07;0.00182164;0.000119432
1.40203e-09;3.16439e-09;1;2.08912e-09;1.381e-09;1.98261e-10;2.60858e-10;1.75803e-07;1.4553e-09;2.78895e-11;3.45815e-10;3.12576e-07;7.32565e-10;1.62694e-12
4.09149e-07;0.00148201;0.000422931;1.89051e-06;4.86274e-06;3.26042e-07;1.06574e-09;0.00527132;1.27487e-06;1.43259e-08;4.47598e-07;0.992192;5.97068e-06;0.000616434
0.000111653;0.421375;4.80119e-05;0.000134597;0.000834561;0.00258009;5.93808e-06;0.00192996;0.000109546;3.10877e-05;0.000739809;0.0600722;0.507934;0.00409283
0.000140576;0.764137;0.00156086;0.00010154;0.000700218;0.00114076;2.92018e-05;0.0192596;5.69579e-06;0.000113411;8.46617e-06;0.208524;0.00234148;0.00193698
0.00071469;0.131078;0.00244474;0.000209117;0.187633;0.0266004;2.57457e-06;0.201579;2.57052e-05;1.7063e-05;2.2064e-06;0.138898;0.101355;0.20944
9.36975e-06;0.0374144;5.0148e-05;2.03259e-07;5.78176e-05;1.20261e-06;3.45104e-08;0.951169;5.99187e-08;9.43413e-08;1.3834e-09;2.59208e-05;0.0112642;7.82267e-06
1.26562e-05;0.220147;0.000109657;8.42406e-05;0.000601751;0.0017657;9.7988e-08;2.75998e-05;5.67024e-07;3.28954e-05;8.92648e-07;0.20149;0.554333;0.0213939
8.27752e-05;0.817716;0.0214788;0.000292214;0.00021425;2.4831e-05;0.00594027;3.02947e-06;1.50865e-07;0.125273;8.15818e-07;0.000182626;3.12068e-06;0.0287878
5.4374e-07;1.81371e-07;0.999908;9.38781e-08;1.01122e-08;2.06667e-08;7.36222e-05;3.84703e-08;6.54999e-06;4.45625e-08;1.06544e-05;3.57031e-08;5.0496e-07;1.0488e-10
