1.0343e-05;0.935033;6.68331e-10;2.89809e-05;4.26305e-05;2.69903e-06;2.44809e-05;0.0612069;0.000153943;4.1747e-06;0.000277371;0.000471671;0.00256148;0.000182167
4.34859e-05;0.973467;0.000609771;0.00623892;0.00124816;0.000170148;9.87757e-06;4.31687e-05;1.83313e-06;0.00101844;6.75435e-05;0.000763888;0.000745256;0.0155725
0.000159174;0.172298;1.40424e-07;7.3458e-05;5.33795e-07;6.17819e-06;3.78413e-05;1.51097e-05;0.00151037;2.82355e-06;0.0129724;0.00089537;0.812026;3.11656e-06
0.000300956;0.0450852;0.944073;0.000200268;0.00016643;4.16973e-05;3.31568e-06;0.00189939;7.27007e-06;1.24768e-05;2.24659e-05;0.00359687;7.03007e-05;0.00452015
2.50889e-06;0.844792;2.69895e-08;3.24435e-06;1.64199e-06;1.05989e-05;7.34623e-06;0.0103436;4.81988e-06;4.7382e-06;1.16684e-05;3.94491e-07;0.144798;1.9992e-05
4.44129e-11;1.64883e-11;1;1.52118e-10;1.98562e-10;4.36491e-11;1.78969e-11;2.84226e-10;9.48527e-12;3.55693e-11;3.59919e-11;8.80587e-09;3.94477e-13;7.84481e-13
5.42406e-06;0.000911968;0.995581;4.36152e-06;1.02801e-06;2.79397e-06;8.55338e-07;0.000384986;1.21464e-06;5.61141e-07;1.09183e-06;0.00304148;1.27699e-05;5.06784e-05
1.13088e-05;0.00104698;2.2026e-05;2.64726e-05;0.0140627;0.516107;2.37415e-06;0.000119812;4.21035e-05;3.72742e-06;0.000375983;0.000287403;0.00116665;0.466725
5.76278e-05;0.617736;8.78454e-06;9.68465e-06;0.00179137;0.0002343;1.91962e-08;0.00316777;3.97409e-07;8.1141e-07;1.95626e-06;0.22927;0.0359493;0.111771
1.05315e-07;0.999963;6.80584e-10;1.965e-09;4.91662e-09;5.01304e-08;8.56805e-07;2.14332e-06;8.97774e-10;8.58004e-08;2.21744e-08;1.2048e-10;1.51332e-06;3.23494e-05
1.6621e-11;3.19891e-10;0.999999;3.11083e-11;6.09942e-11;6.64012e-11;1.38414e-10;1.74009e-10;2.12463e-13;2.05966e-11;3.85219e-12;7.34879e-07;7.02073e-12;1.40436e-10
3.85619e-06;0.142699;3.55265e-06;0.000406121;4.01118e-07;4.63383e-05;0.011174;0.00116469;7.84767e-05;6.89507e-06;0.00460585;8.73499e-06;0.839797;4.73938e-06
8.89448e-07;0.00757596;1.3787e-09;4.18024e-08;2.37083e-06;2.83242e-07;6.33036e-09;0.987404;4.22493e-09;3.12201e-08;4.61153e-08;9.54695e-06;0.00500007;6.61491e-06
1.82851e-06;0.923636;0.00119889;3.18223e-05;0.00101021;0.000126141;0.00036568;0.0162058;1.93774e-07;0.000439057;2.39124e-06;0.0316367;0.000398121;0.0249474
2.13608e-10;5.71335e-09;1;3.23606e-10;2.46545e-10;1.27639e-11;1.01352e-09;1.54152e-07;3.12711e-11;1.36661e-10;1.91587e-10;1.3736e-08;1.375e-09;1.69336e-12
4.72521e-08;2.75979e-05;0.997386;2.26964e-08;5.78942e-08;5.1236e-08;8.20135e-09;7.32346e-07;5.68892e-09;1.58387e-08;3.9625e-09;0.00257423;4.75861e-08;1.11668e-05
1.87389e-07;0.00283842;1.47036e-08;9.75369e-08;7.52209e-05;0.00141145;8.98412e-06;1.61724e-05;8.78138e-07;6.75627e-06;2.35074e-07;2.82827e-10;4.98211e-06;0.995637
3.86277e-08;3.74779e-09;0.999916;3.28355e-10;1.81487e-08;3.6221e-10;6.12874e-10;2.15204e-07;9.66305e-10;4.51117e-11;7.64631e-10;8.358e-05;4.39641e-11;4.37591e-12
9.75345e-06;0.000180669;1.22383e-06;2.03642e-07;6.30677e-05;1.25285e-05;7.45746e-08;0.999505;1.65079e-05;3.26427e-08;1.08697e-06;0.000103739;7.49242e-05;3.0859e-05
2.71047e-07;0.999323;5.0051e-08;2.42578e-08;6.88493e-08;7.79803e-08;0.000317707;3.78271e-05;1.05105e-09;0.000221488;1.59028e-09;9.94988e-09;5.01755e-05;4.89183e-05
1.25e-10;1.9708e-10;0.999999;3.126e-09;7.30198e-09;1.1603e-08;1.76641e-08;2.17951e-10;3.89622e-11;1.57249e-08;8.51006e-10;6.77344e-07;3.46289e-13;3.37158e-10
1.0497e-05;0.999362;9.81511e-07;3.95891e-06;1.18922e-07;5.40717e-08;9.14752e-06;0.000130244;2.04717e-07;1.05016e-07;2.74256e-06;0.000135329;0.000344069;8.69519e-07
2.61811e-07;0.942098;2.74792e-09;2.85383e-07;6.11539e-07;1.75607e-07;0.000308379;0.000229429;8.61226e-10;5.41911e-05;2.49947e-09;3.24185e-10;3.06659e-07;0.0573086
3.21158e-11;1.42833e-11;0.999998;1.57353e-10;4.66515e-10;1.54362e-09;1.95181e-10;6.06292e-11;2.93022e-12;7.69114e-11;3.90551e-11;2.18993e-06;7.21287e-14;4.467e-11
7.14793e-06;0.000553209;2.26533e-10;1.6372e-07;7.07089e-08;2.4405e-07;3.88845e-08;0.0144996;1.20137e-05;2.78526e-09;8.03745e-06;2.67081e-06;0.984917;3.04017e-08
5.77637e-06;0.000210062;1.29356e-07;1.58759e-06;1.05497e-06;3.89559e-07;2.08555e-07;1.63939e-05;3.37899e-05;1.99917e-07;1.15801e-05;0.999164;0.000500876;5.43928e-05
3.3785e-05;0.964412;3.64869e-06;5.54274e-07;1.57952e-06;1.98733e-07;5.54838e-05;0.0316397;6.74908e-06;2.34656e-07;2.00591e-05;0.000112464;0.00371329;1.37912e-07
4.2572e-08;3.82443e-05;5.92941e-06;6.22213e-06;8.2103e-06;2.85648e-06;8.57408e-09;0.000382733;4.37047e-07;2.33136e-08;5.99322e-06;0.999318;0.000164015;6.77203e-05
5.49225e-07;0.999742;8.70091e-09;2.62986e-06;2.52481e-06;3.09658e-07;1.09819e-06;0.000139712;1.98487e-07;1.04072e-06;5.13758e-06;4.28743e-06;9.18456e-05;9.08078e-06
2.9537e-05;0.0917814;2.46588e-06;1.72924e-06;0.000262052;1.40675e-06;1.72372e-07;0.00172025;3.11293e-06;1.49939e-07;5.86354e-06;0.902252;0.00321923;0.000720654
0.000664867;0.760535;7.72969e-06;0.000162119;0.00120867;2.26588e-05;0.000185775;0.00983396;0.000192;4.92596e-05;0.000183526;0.0327493;0.0078641;0.186341
0.000351499;0.483942;2.64351e-05;1.2683e-05;0.000104711;0.000156124;3.18849e-06;0.19014;1.77967e-05;2.04961e-06;4.98417e-06;0.0652098;0.259554;0.000474633
1.8718e-05;0.000700857;3.15722e-08;1.08408e-06;6.72496e-06;2.49734e-06;4.27957e-08;0.0937702;2.5538e-06;2.81528e-08;2.45678e-06;0.0122044;0.893286;4.16975e-06
0.000341284;0.095539;3.15813e-05;7.45408e-05;7.1561e-05;0.000196132;0.000769791;0.0904288;0.00010852;0.000657171;4.67497e-05;0.000200138;0.804281;0.00725397
3.15578e-08;3.80474e-08;0.999998;7.59894e-08;1.19859e-08;4.54992e-09;4.29339e-08;1.06547e-06;7.49513e-08;2.42112e-09;1.3055e-07;9.15475e-07;2.33992e-08;1.42328e-10
7.01937e-07;0.0136329;0.020437;8.04813e-07;2.54612e-07;4.36307e-08;3.03829e-06;0.000264385;5.44253e-08;8.6095e-07;1.02607e-07;0.00111011;3.51493e-06;0.964546
4.07763e-05;0.00761047;5.65947e-07;6.77724e-05;0.0216639;0.000468172;0.000177883;0.951666;0.000966931;3.33654e-05;0.0004032;0.00232048;0.000228834;0.0143514
1.75033e-06;0.00690314;0.919339;6.0871e-05;0.00111251;0.000366398;3.75704e-06;8.20574e-06;5.81421e-08;1.09647e-06;2.67492e-06;0.0716692;0.000292657;0.00023852
5.50182e-07;0.990988;2.43015e-11;1.62739e-08;5.53414e-06;1.76734e-05;1.05763e-05;1.78244e-05;1.79131e-10;3.78722e-07;2.11031e-08;1.19475e-08;0.00308069;0.00587892
9.74524e-11;3.25578e-10;0.999997;9.72006e-12;3.66841e-08;3.91487e-09;1.31794e-12;1.38527e-09;1.36326e-14;1.21596e-12;1.12099e-13;2.90837e-06;1.03967e-09;2.1451e-11
5.46744e-08;0.00156842;2.32038e-08;2.10194e-07;1.93011e-07;0.000311006;4.43809e-07;5.53601e-06;2.87821e-07;8.56717e-08;9.13936e-07;2.18762e-07;0.998028;8.42362e-05
3.78175e-07;0.00412907;0.995307;1.74309e-05;6.28606e-07;6.07222e-06;0.000164498;1.35005e-06;6.74901e-09;0.000212194;3.71518e-07;8.0394e-05;7.649e-05;4.19548e-06
1.9125e-09;5.8899e-08;0.999997;3.11501e-08;5.98851e-10;1.03139e-08;1.45429e-06;3.07041e-10;7.14512e-09;3.22614e-08;2.31101e-07;1.04447e-06;4.45003e-10;1.29349e-09
8.83195e-06;0.995104;3.00477e-05;2.79169e-06;6.34153e-08;4.75491e-08;1.57552e-05;0.00357255;1.62618e-05;4.27085e-07;0.000178462;0.000581598;0.000489212;3.44268e-07
8.03749e-07;0.981698;2.73411e-08;4.92161e-06;0.00191077;4.37784e-06;8.37999e-07;0.00968142;6.91311e-07;1.10639e-05;1.27819e-06;0.000198396;0.0001347;0.0063527
2.20085e-06;0.000344737;0.00338852;3.7136e-05;0.000266455;0.000485255;1.16168e-07;1.09509e-05;4.65303e-08;8.30261e-06;2.60339e-06;0.994115;0.00026538;0.00107368
2.96962e-05;0.984922;1.81085e-09;6.85505e-08;1.72976e-08;6.4817e-09;0.00232199;0.0127033;2.5414e-06;2.61483e-06;1.23024e-05;2.33086e-08;4.02315e-06;1.05381e-06
2.48839e-09;1.11625e-08;0.999997;1.84356e-09;3.01146e-08;2.51969e-10;1.35089e-08;1.09786e-07;1.09821e-10;1.37384e-09;3.67576e-10;2.63242e-06;3.67615e-11;4.20047e-10
5.43462e-06;0.0526558;5.82495e-07;1.07533e-05;2.47061e-06;7.70814e-06;1.90417e-05;0.00604111;5.96219e-05;1.63375e-06;1.72222e-05;0.000127815;0.941046;4.53355e-06
9.55873e-05;0.0521143;0.000634349;0.0421403;0.00278966;0.00402669;0.000165904;0.0458934;0.000903507;0.00329215;0.00525795;0.673434;0.000755177;0.168497
0.000464673;0.0425057;0.0158844;0.00252488;5.18394e-05;3.31369e-05;0.00033588;0.935723;6.56683e-05;2.46796e-05;0.00156811;0.000245351;9.16878e-06;0.000563614
2.71e-05;0.0450766;0.000441269;6.92572e-06;3.45842e-05;9.94002e-05;4.63531e-07;0.00154496;1.02191e-07;1.88579e-06;1.32266e-06;0.00026946;4.41476e-06;0.952492
6.8293e-05;0.00488491;6.37247e-09;1.67875e-07;4.91465e-05;0.000400818;1.84453e-06;0.98563;6.72747e-06;1.75796e-07;1.02297e-05;1.89442e-08;0.00889591;5.16706e-05
3.27558e-09;5.31291e-08;1;7.05977e-09;7.82673e-11;2.02488e-10;5.91975e-10;3.03745e-08;2.10871e-10;1.1369e-10;7.45137e-10;1.79482e-07;1.73815e-08;1.80521e-11
1.83602e-07;0.000138401;3.61426e-05;2.00855e-05;4.18504e-07;6.45651e-07;4.51497e-09;0.000105108;2.15063e-06;3.39503e-08;1.07075e-05;0.999525;6.36471e-06;0.000154707
2.01379e-05;0.15339;0.000151198;0.00017267;0.000368476;0.00347642;2.3002e-06;0.00475353;1.21846e-06;1.24061e-05;0.000501763;0.000937501;0.836114;9.84198e-05
6.78947e-07;0.039134;4.43012e-06;8.39143e-06;0.00191097;7.41629e-05;3.1976e-09;0.0177544;1.20753e-08;2.80202e-07;6.11606e-06;0.935195;0.000703028;0.00520883
5.00672e-07;0.0701291;1.8592e-07;0.000182058;0.016833;0.00445205;3.49715e-08;0.759731;5.33234e-07;1.92091e-06;2.8911e-05;0.000491208;0.0676074;0.0805425
2.65136e-05;0.068107;3.53411e-06;0.00055231;0.000659459;0.000587045;1.71937e-06;0.00350876;6.37171e-06;7.82448e-06;0.000162251;0.000815849;0.925341;0.000220325
3.69465e-05;0.939671;0.0571986;3.20636e-05;7.3769e-05;1.31797e-05;1.51306e-05;0.00164184;8.78556e-09;9.12841e-05;7.47557e-08;0.000106111;0.000247186;0.000872915
1.78524e-08;7.32409e-08;1;9.49309e-09;1.85446e-08;1.087e-09;4.22435e-09;1.92595e-08;2.95389e-09;1.28362e-10;2.3483e-08;1.18661e-07;4.32027e-09;6.5364e-11
1.75424e-05;0.178914;0.001843;4.90591e-05;0.000101873;1.33137e-05;1.20561e-07;0.32131;0.000176939;1.25417e-06;6.38817e-05;0.493628;0.00028107;0.00360001
2.90798e-05;0.865849;1.3324e-05;3.42176e-05;0.000619754;0.00507899;2.17325e-07;0.0129213;6.91274e-06;1.7596e-05;1.52822e-05;0.0362847;0.0700901;0.00903978
9.63766e-07;0.0182911;2.82996e-05;6.26221e-07;5.0927e-05;1.18535e-05;5.06932e-09;0.00172915;2.31148e-08;2.51492e-08;1.53422e-06;0.978622;0.00116165;0.000101693
9.25367e-07;0.77948;2.08221e-07;1.76614e-05;0.00132362;7.02799e-05;8.16293e-08;0.202075;2.70273e-07;1.88046e-06;8.66085e-07;0.000217662;0.00126891;0.0155422
0.000321517;0.18154;3.68283e-05;0.000236887;0.093994;0.000920684;8.86989e-05;0.714417;0.00010214;0.00019424;0.000167526;0.00123277;0.00297528;0.00377268
0.000510381;0.414423;0.523793;0.00011035;0.00341405;0.00217226;7.11646e-07;0.000259966;1.80262e-08;2.82941e-05;9.62428e-07;0.0390157;0.0139655;0.00230493
0.000328583;0.0718189;3.24027e-06;1.72527e-07;1.52104e-05;2.77252e-08;2.23507e-07;0.199062;3.75261e-06;1.21362e-08;4.61754e-06;0.719435;0.0093285;4.04445e-07
5.28011e-05;0.00202601;4.85525e-09;1.21868e-05;0.00049412;2.56593e-06;0.000329668;0.973793;0.0228253;1.6288e-05;0.000138035;0.000148613;0.000151465;9.60397e-06
0.00192489;0.0933076;0.788221;0.0141168;0.00374349;0.00825305;0.000878235;0.000625957;0.000526311;0.000871323;0.00195022;0.00422555;0.0168071;0.0645488
0.000299374;0.993565;6.24193e-08;5.5039e-07;2.67904e-06;9.27985e-06;2.75089e-05;0.00190308;9.10984e-06;1.788e-06;3.03572e-05;1.21414e-05;0.000407652;0.00373116
4.84978e-07;4.62424e-05;3.706e-06;2.88184e-06;0.00136223;1.14716e-06;9.6823e-07;0.000356066;1.94713e-05;2.24996e-07;5.33173e-05;0.998138;6.61252e-07;1.44449e-05
5.03822e-06;0.990973;0.0047665;3.1554e-05;1.84873e-05;7.96061e-07;1.12631e-06;7.85066e-05;3.88537e-07;6.10001e-06;8.32368e-06;0.000647215;0.00345736;6.00833e-06
5.26048e-08;0.999425;6.6292e-13;2.85691e-10;1.56757e-09;9.56572e-09;9.27937e-07;9.35639e-07;5.03676e-09;1.55786e-07;2.62949e-09;1.74849e-08;9.29914e-07;0.000571549
1.12551e-09;3.38234e-09;0.999996;3.01558e-10;7.23242e-08;4.50758e-08;2.15571e-10;1.10269e-07;8.88985e-11;1.1833e-10;1.70658e-10;3.47095e-06;1.38543e-11;2.96817e-10
4.29043e-05;0.013485;3.28106e-06;0.000198272;7.64351e-05;0.00198093;0.000136725;0.00412661;0.00687358;8.56266e-06;0.0109885;4.67575e-06;0.962069;5.15472e-06
4.71326e-05;0.000422711;1.47672e-07;1.94092e-06;8.75174e-07;2.91515e-07;4.6818e-07;0.99893;0.000420728;1.86307e-07;3.67971e-05;5.20997e-06;0.000133192;3.75421e-07
8.34758e-06;0.960792;5.29359e-06;2.41489e-05;2.16563e-06;1.26135e-06;3.58915e-05;3.0103e-06;7.58662e-07;0.000314529;1.09905e-06;0.000145813;4.3655e-08;0.0386657
1.33169e-06;2.70478e-06;0.999808;3.89157e-07;3.61893e-08;4.51761e-07;1.31445e-06;2.00979e-08;1.06781e-06;4.3689e-09;5.05313e-05;0.000133661;7.15376e-07;1.27023e-08
8.54985e-06;0.00487613;2.18902e-07;6.07631e-08;0.00125217;8.52784e-07;1.59496e-10;0.993698;7.89443e-07;6.20616e-09;4.73299e-08;1.44574e-06;0.000140068;2.21172e-05
9.4824e-07;0.998545;6.67205e-11;1.18148e-07;4.67301e-06;3.27346e-09;4.83757e-05;1.08334e-06;5.58938e-07;8.06693e-05;7.58343e-09;2.84404e-08;3.3906e-07;0.0013186
1.22295e-09;4.02165e-10;1;2.34252e-11;4.43805e-12;2.54084e-14;1.46959e-09;5.23658e-10;2.77095e-08;1.48337e-12;1.40195e-09;6.51717e-09;1.91449e-14;1.11135e-15
1.16176e-05;0.000211903;9.89471e-09;3.48242e-06;3.31317e-07;2.23855e-08;6.50374e-06;0.00676072;0.992022;9.92535e-08;0.000970092;8.69938e-06;3.42117e-06;1.05691e-06
2.70675e-05;0.00128389;5.40998e-09;2.37779e-07;9.65962e-07;4.83733e-07;9.45486e-08;0.00932488;5.91485e-05;1.06658e-07;2.71983e-06;4.42303e-07;0.9893;1.07192e-07
3.99594e-07;0.000143032;4.22283e-07;9.79413e-06;2.00729e-06;3.61639e-09;1.12605e-08;9.19457e-07;4.28388e-05;1.49203e-08;1.17683e-05;0.999728;6.79466e-07;6.04547e-05
0.000330433;0.99449;4.69692e-07;0.000129195;2.03202e-05;6.17082e-08;1.67146e-05;0.000783243;1.47872e-05;8.06738e-06;4.42712e-06;0.000174535;0.000755482;0.00327196
6.1517e-08;1.11731e-06;2.31369e-10;9.849e-10;7.74247e-07;1.36119e-10;8.9824e-10;0.999998;9.71894e-08;2.06214e-08;1.98822e-10;2.75607e-09;2.31925e-08;3.16162e-08
3.36583e-09;2.5655e-07;1;1.4693e-07;8.36236e-09;2.23611e-08;6.94483e-10;6.72716e-10;5.20515e-09;2.0035e-08;1.03418e-09;2.01923e-09;3.70841e-11;1.21214e-08
0.00178075;0.000682124;5.14489e-05;2.6493e-05;2.91377e-06;4.0478e-06;0.00070138;0.000388378;0.952749;1.77274e-05;0.0433466;7.52931e-06;0.000239305;1.92211e-06
