3.76536e-05;0.996384;0.000133872;0.000160395;7.2967e-06;1.77846e-06;2.25522e-06;0.00111068;7.53576e-06;3.52231e-06;6.21339e-06;0.0018647;0.000278385;1.88674e-06
3.01523e-05;0.0012481;1.5346e-09;7.72001e-08;1.25265e-06;3.68195e-08;2.31281e-07;0.998667;1.45818e-05;1.59305e-07;8.12439e-07;1.93077e-07;4.07211e-06;3.30741e-05
4.4871e-05;0.978823;9.42983e-06;1.81704e-06;3.33487e-07;5.05468e-07;0.0186123;7.96913e-06;3.00108e-05;0.000806051;2.32562e-06;0.000752835;7.60225e-07;0.000907695
1.37174e-08;1.6145e-07;0.999989;1.22719e-08;9.98688e-10;1.3858e-09;3.84538e-06;3.21355e-09;1.83609e-07;3.31225e-09;3.08535e-07;6.58807e-06;1.39856e-10;3.49608e-10
2.91996e-07;0.897032;4.6796e-08;5.55829e-08;4.89521e-09;1.75889e-08;5.58961e-07;7.4719e-06;3.3976e-08;1.8659e-09;2.72793e-07;6.68089e-05;0.102893;8.76524e-08
2.27109e-06;0.898827;0.000316375;2.0411e-05;0.000923159;0.000280848;5.29909e-06;0.0531508;9.74232e-08;2.23322e-05;3.00362e-07;0.011334;0.0022377;0.0328793
1.63056e-06;0.183115;2.39347e-05;1.44611e-05;1.61182e-05;0.00057542;1.63459e-06;0.000497764;2.08938e-07;4.65079e-07;2.07658e-06;0.804285;0.00215295;0.00931391
1.02455e-07;0.99915;9.6594e-10;5.92955e-08;3.45202e-08;4.44095e-08;3.186e-05;0.000178535;1.52925e-08;8.79867e-07;1.34457e-08;2.74498e-07;2.73943e-05;0.000611041
9.51797e-11;5.03437e-10;1;1.81948e-10;8.7779e-11;4.7915e-10;6.74929e-10;2.32812e-10;1.52238e-11;6.77825e-11;1.96085e-10;4.18206e-07;5.60751e-13;9.65064e-12
6.85263e-07;0.996996;5.90538e-07;1.37741e-08;2.49214e-08;1.08238e-07;7.30081e-08;0.000102042;2.51965e-08;8.83202e-09;2.71297e-08;5.74676e-05;0.00284256;1.94037e-07
6.52426e-07;0.00065449;1.78459e-05;1.78782e-06;1.73668e-05;0.000181583;1.83531e-07;0.000775892;3.74848e-07;1.3403e-07;1.0947e-06;0.992733;7.20824e-05;0.00554364
2.11554e-06;0.968953;1.67973e-06;1.79439e-05;6.68566e-05;0.00144004;1.70702e-05;0.0109145;1.29607e-06;1.25497e-06;3.78593e-06;0.000183325;0.00869688;0.00970046
5.75842e-06;0.0166576;9.68657e-05;1.71754e-05;1.37789e-05;3.05055e-06;1.11349e-06;0.000339124;4.90062e-07;3.30929e-07;1.70931e-06;0.825787;0.157063;1.37172e-05
0.000164969;0.348379;7.68778e-07;0.000812214;0.00161818;0.000967433;2.08038e-06;0.633062;0.000160674;1.40385e-05;3.68765e-05;0.00286856;0.00591701;0.00599566
1.90663e-05;0.993575;7.17435e-10;1.1029e-05;5.40861e-07;7.13231e-07;1.29752e-06;0.000530569;6.69899e-06;3.59846e-07;3.24561e-05;0.00375171;0.00204337;2.7005e-05
0.000972705;0.178246;5.52992e-07;0.000248543;0.000123974;6.54386e-05;2.68508e-06;0.103513;4.49171e-05;2.38297e-06;2.85211e-05;0.290364;0.426304;8.35322e-05
3.9436e-06;0.0191141;5.78666e-08;2.11985e-05;0.000973706;1.09277e-07;3.97038e-08;0.0242456;4.70264e-06;3.68559e-07;2.01401e-05;0.955581;2.12871e-05;1.40741e-05
7.83267e-08;0.988697;1.7193e-05;3.57049e-06;4.60304e-07;5.59244e-08;5.8736e-05;2.88666e-09;1.34443e-09;2.59884e-05;4.03971e-07;2.73376e-09;6.26057e-08;0.0111964
1.17663e-05;0.00164398;1.51711e-08;8.91283e-07;2.37321e-09;5.7554e-08;0.64219;4.2271e-05;0.161435;6.33293e-08;0.194066;2.28749e-08;0.00061009;6.41359e-09
6.91457e-07;0.996138;7.02626e-10;3.41669e-08;1.97998e-09;1.987e-08;3.98822e-08;1.83777e-06;1.44455e-07;6.6268e-09;1.28079e-07;0.000250644;0.00360855;7.52797e-09
0.000194927;0.841535;9.43344e-05;4.93298e-06;0.0028438;0.00200043;3.07845e-07;0.0233978;5.83103e-07;4.5202e-05;3.59123e-08;0.0572992;0.0208133;0.0517705
0.00208563;0.316662;0.0140643;0.00692399;0.00717407;0.0483399;0.0432696;0.0783465;0.0240129;0.000425252;0.0179816;0.171442;0.264913;0.00435967
1.99393e-05;0.700228;7.50135e-09;3.6191e-05;4.4534e-05;8.28452e-06;0.0189107;0.272024;0.000601174;0.00128284;0.000164252;2.70974e-08;0.00659646;8.36197e-05
3.99857e-09;1.49844e-10;1;1.47942e-08;1.94813e-08;7.01164e-10;2.123e-08;4.4933e-09;1.32017e-08;9.457e-10;3.07791e-08;1.40053e-07;7.6219e-12;7.6259e-12
0.000292966;0.850932;2.42824e-05;6.28488e-06;1.5196e-05;2.05182e-07;1.30721e-06;0.0976341;0.000797507;9.31025e-07;9.19366e-05;0.00848494;0.0416951;2.28653e-05
0.000208292;0.179044;0.000126407;3.9678e-05;0.00823177;0.000399591;2.3081e-05;0.043428;5.64529e-05;2.89088e-05;5.06136e-05;0.606397;0.0408311;0.121135
3.7532e-05;0.968551;7.06251e-07;0.000560398;7.03526e-05;2.85896e-05;0.000186301;0.0080036;0.00170215;4.94343e-05;0.000667798;0.00787364;0.00824493;0.00402351
0.000514749;0.0152267;2.19219e-07;1.32642e-05;0.0336787;4.55847e-05;5.98446e-05;0.921179;7.98686e-05;5.57524e-05;1.46743e-05;4.91118e-05;8.84108e-05;0.0289945
3.34855e-05;0.00167733;0.987003;1.15282e-05;0.000111982;0.000276704;1.39077e-07;0.000216259;1.54726e-06;7.35269e-07;2.14353e-06;0.00892925;0.00170165;3.41276e-05
1.19075e-06;0.999737;6.21929e-10;1.09419e-08;5.05403e-08;1.58015e-08;0.000148497;9.63652e-05;1.88551e-07;1.47963e-06;8.18213e-07;6.74639e-09;5.2166e-07;1.35263e-05
1.35454e-07;4.34513e-08;0.999882;1.5494e-07;5.86059e-08;3.1452e-08;9.16709e-06;6.57868e-07;4.06289e-06;9.43458e-08;9.25243e-07;0.000102608;7.33255e-10;5.42526e-10
0.000110304;0.982678;1.74289e-07;0.000153453;8.30875e-06;3.93716e-07;0.000568761;0.00895343;0.00471353;4.79765e-05;0.00228132;0.000124015;0.000346077;1.44972e-05
4.45532e-05;0.960861;1.1083e-05;1.78837e-05;6.41451e-07;2.28485e-08;5.41119e-05;7.29408e-05;9.41549e-06;5.03826e-06;0.000142297;0.025846;0.0128928;4.20402e-05
4.73824e-05;0.239943;7.58939e-06;4.33796e-06;0.0130829;6.46094e-06;8.78506e-06;0.701387;1.01012e-05;6.35758e-06;0.000114839;0.022344;0.0194922;0.0035456
3.85819e-05;0.0123073;7.79366e-05;0.000188072;0.00116951;0.0353128;0.000448582;0.000121507;0.000731296;0.00327712;0.000126186;8.03585e-05;0.944573;0.00154801
3.48782e-05;0.000735743;0.89315;8.12479e-05;1.19579e-05;9.52662e-06;0.00086828;1.99139e-07;4.51583e-06;0.00123379;8.91184e-06;0.103801;6.32943e-06;5.4033e-05
1.31557e-06;3.63851e-07;0.999808;6.45114e-07;8.12086e-08;4.33783e-08;0.000105363;3.91699e-08;9.67746e-06;2.86919e-07;7.23642e-05;1.40154e-06;4.06091e-09;2.78441e-08
6.7565e-07;0.00197705;1.09144e-10;5.73621e-09;1.15958e-05;7.33656e-09;5.7106e-08;0.998003;6.6915e-07;3.19871e-08;3.00009e-08;1.89053e-08;3.54256e-06;3.30812e-06
1.6899e-07;8.74033e-05;0.998314;7.05148e-07;2.09324e-06;4.21263e-06;1.70681e-09;5.21254e-07;2.19796e-09;5.85641e-08;6.50102e-08;0.00154059;5.00941e-05;5.46584e-07
2.62349e-06;0.999529;1.11566e-09;1.41779e-08;1.67031e-07;7.64835e-08;7.40699e-05;0.000347154;1.92088e-07;1.26368e-06;1.52121e-06;4.54505e-08;2.36126e-06;4.11425e-05
1.0729e-08;3.37998e-09;0.999995;6.74393e-09;1.56911e-08;2.4342e-09;1.4632e-07;1.09919e-07;3.65961e-08;3.92372e-09;3.27339e-08;4.94227e-06;3.34752e-10;2.86649e-11
3.86566e-05;0.622521;1.27239e-08;2.34354e-05;2.4758e-05;2.2429e-07;9.35503e-06;0.375742;0.000521858;3.84377e-06;0.000463877;0.000233297;0.000408785;8.40748e-06
3.58961e-05;0.726551;7.17332e-06;2.75159e-05;2.95291e-06;5.12419e-08;2.11152e-05;0.0716003;0.00055042;2.9519e-06;0.00704622;0.147308;0.046836;1.03632e-05
0.00045653;0.115088;3.23163e-05;0.0699965;0.00348879;0.049876;0.00741556;0.000185346;0.00651283;0.0284099;0.0287076;0.0349018;0.000236367;0.654692
0.000190496;0.99523;4.31012e-06;5.26454e-06;1.40417e-08;2.85475e-08;5.35724e-05;0.000800579;1.32374e-05;3.2549e-07;0.000186957;0.0023845;0.00113055;1.34749e-07
4.6059e-06;0.980726;2.74193e-08;9.24425e-06;0.000295623;8.42348e-07;1.82809e-07;0.0186225;1.21032e-06;8.39125e-06;1.65391e-07;0.000104886;3.36032e-06;0.000222927
6.7949e-05;0.00807319;0.00389732;0.00021149;0.000160521;0.0603236;1.07021e-07;0.000116054;3.05295e-06;4.34184e-05;7.19286e-06;0.861726;0.0484073;0.0169628
2.43886e-05;0.994109;4.44389e-09;2.76664e-08;1.47928e-08;5.16938e-08;4.08877e-05;0.00579974;1.05173e-07;5.88661e-07;1.58073e-07;1.29425e-06;8.62979e-06;1.48128e-05
3.98315e-08;1.69459e-07;0.999977;4.77567e-08;2.5111e-08;1.13222e-07;1.73812e-05;2.80069e-06;1.04168e-07;2.43644e-06;2.30368e-08;1.35888e-08;4.17814e-10;5.21438e-09
7.9436e-09;3.65131e-09;0.999999;7.88704e-09;2.83799e-10;3.62954e-10;7.23617e-09;8.31608e-07;2.83111e-08;4.67649e-10;9.57423e-09;1.30867e-07;9.04905e-09;2.22489e-12
9.74992e-08;0.000467988;0.000133325;2.47197e-06;4.57524e-07;1.89101e-07;2.54827e-08;6.28387e-05;1.32159e-06;2.96285e-07;3.51616e-06;0.997928;1.44976e-06;0.00139806
5.89093e-07;0.410812;2.12626e-07;0.000232507;0.0014698;0.0153264;3.22215e-06;0.0112885;2.4176e-06;2.55761e-05;2.04711e-05;2.57843e-06;0.559902;0.0009142
3.11037e-06;0.0794071;0.162465;0.00114052;0.000196957;0.000195436;6.14934e-06;0.000140691;2.21265e-08;2.14493e-05;2.62016e-06;0.579247;0.0003562;0.176818
2.82921e-05;0.0937543;7.87313e-08;0.00385743;0.000222482;0.00430315;1.7916e-05;0.0217156;0.00115891;3.38111e-06;0.0126577;0.00132886;0.860754;0.00019751
1.22615e-05;0.907073;3.36493e-06;5.19097e-06;7.53574e-06;2.07382e-06;1.45041e-07;0.0301218;5.03041e-08;3.86927e-07;1.46409e-07;0.000133722;0.0626021;3.78224e-05
0.000142861;0.706444;6.49307e-06;0.000609597;0.0106378;0.00255807;1.58222e-05;0.00118792;2.46376e-05;9.58128e-05;0.000239631;0.0869276;0.0527479;0.138362
0.000178924;0.904209;1.07636e-05;4.72929e-06;0.00054167;9.98473e-05;1.67428e-05;0.000814415;6.7904e-07;4.00411e-05;2.16555e-06;0.000450923;0.00836467;0.0852656
1.2201e-05;0.00163895;6.59757e-05;1.37041e-05;0.000214694;0.000270009;8.73337e-06;0.00034553;6.04846e-06;7.78673e-07;2.00683e-05;0.992007;0.000653192;0.00474335
1.15995e-06;0.977694;2.77799e-11;3.1725e-07;8.94094e-07;3.68523e-06;0.000308872;0.000880236;1.03157e-06;3.36241e-05;9.62097e-08;7.54011e-10;0.00202248;0.0190535
1.43371e-10;1.72646e-11;1;8.82779e-11;1.74207e-09;8.50552e-11;1.09761e-10;6.98914e-10;2.34812e-11;3.1511e-11;9.97638e-11;1.63272e-08;9.66919e-13;1.03606e-11
4.93483e-07;0.999869;2.60433e-10;1.16754e-08;4.51452e-09;1.56594e-09;2.99317e-06;4.70152e-06;4.74287e-07;3.83167e-07;1.62768e-07;2.68937e-09;0.000115622;6.49258e-06
3.59132e-10;5.93944e-09;0.999962;1.30168e-10;8.84239e-10;1.05546e-12;5.27246e-10;2.10455e-09;8.88428e-11;1.81513e-11;5.22127e-11;3.81681e-05;8.88573e-13;1.56262e-11
0.0003829;0.738342;2.62256e-06;0.00101854;6.52395e-05;5.00825e-05;0.0138317;0.0371664;0.0114091;0.000308385;0.0031682;0.00028913;0.176021;0.0179446
4.36646e-05;0.0209609;1.03124e-05;4.69253e-05;1.77161e-06;8.08216e-05;4.00296e-05;0.000222957;7.76465e-05;5.83374e-06;0.00024035;0.976999;0.000756877;0.000512508
2.98502e-05;0.00172201;1.4026e-08;3.48496e-07;0.000179472;8.62533e-06;4.53971e-07;0.993536;2.54176e-06;1.39369e-06;7.4823e-08;1.53917e-06;0.00450132;1.62658e-05
5.86916e-07;7.77592e-05;0.995343;4.20986e-07;6.35819e-06;9.70857e-06;2.19312e-09;2.34959e-07;1.83238e-08;5.61597e-07;1.18797e-08;0.00451099;3.94376e-05;1.11607e-05
1.17109e-07;0.00281301;3.99844e-09;2.11665e-07;8.13991e-10;6.09281e-07;0.993418;1.70485e-08;8.82411e-06;0.00360226;2.74641e-05;1.14754e-10;2.51964e-06;0.000126802
3.93387e-12;2.37819e-13;1;2.88363e-11;3.06988e-12;2.14918e-11;3.49726e-10;6.42561e-12;3.35027e-11;9.36012e-11;2.81548e-10;3.10457e-10;3.97175e-16;1.45264e-14
