8.44597e-06;0.179227;3.93278e-09;9.51542e-05;0.000457587;7.1262e-07;9.32071e-07;0.817923;0.000164219;1.94993e-06;5.27232e-05;0.00204996;1.07239e-05;7.61572e-06
7.03751e-05;0.96062;0.000377273;0.000817904;5.81626e-05;0.000126384;8.10506e-06;1.72053e-05;2.80811e-06;4.11827e-05;8.67024e-05;0.0115264;0.0260571;0.000190476
0.000407022;0.609618;2.52793e-09;1.79528e-05;5.17622e-05;8.5164e-06;1.37474e-05;3.85267e-05;1.17261e-06;6.29767e-07;3.92492e-05;0.377242;0.0116114;0.00095075
0.00046656;0.104611;2.57101e-05;4.51474e-06;0.365592;0.000167251;3.91878e-07;0.192201;6.35696e-08;2.89259e-06;1.79727e-08;9.12568e-05;0.324081;0.0127567
3.66402e-06;0.000538342;8.30004e-07;3.13885e-06;6.06229e-06;0.00028385;1.29251e-06;7.9251e-06;1.17768e-05;2.60736e-06;9.22072e-07;2.31629e-05;0.999082;3.4726e-05
8.3785e-07;0.000761006;0.998439;2.18166e-05;3.90585e-07;5.22984e-06;0.000258534;3.59225e-09;1.30835e-07;0.000166159;4.09801e-07;0.000233783;1.2599e-06;0.000111138
7.30246e-08;6.38021e-08;0.999984;8.27224e-08;2.33207e-08;2.61246e-08;5.93564e-06;3.27381e-08;5.27536e-07;2.17162e-08;9.45967e-06;8.10797e-08;4.91686e-10;5.19163e-09
5.63474e-06;0.00360936;3.86636e-09;5.91305e-07;7.12872e-05;6.84665e-06;8.67995e-08;0.988353;6.71972e-05;1.42697e-07;0.000144926;0.000554458;0.00702522;0.00016122
2.07995e-05;0.971778;3.27905e-07;9.75997e-07;9.33217e-06;1.57435e-06;0.00248184;0.000115914;3.99338e-07;0.00294154;5.6008e-06;1.59162e-05;3.09537e-05;0.0225973
8.77249e-08;4.89823e-08;0.999626;5.48789e-09;1.27763e-07;2.43369e-09;8.24638e-07;3.47098e-09;1.20762e-08;6.7879e-08;1.64298e-07;0.000373077;2.82729e-11;5.28237e-09
6.26579e-06;0.010711;0.989057;2.1663e-07;1.04923e-06;2.73527e-09;0.000115005;1.56539e-05;1.55496e-06;2.97443e-07;2.88977e-07;4.95047e-05;3.86655e-05;3.9058e-06
4.18573e-06;0.99633;6.22113e-09;9.00793e-08;1.49011e-05;9.76579e-08;0.000133065;0.00240025;2.91222e-05;1.79202e-06;1.6718e-07;1.51777e-05;6.78179e-05;0.00100381
1.85602e-06;0.0123039;0.00290113;1.93199e-06;0.000160143;5.81823e-06;9.22751e-09;3.03687e-06;3.22179e-08;8.33525e-08;1.74027e-08;0.983884;4.82997e-06;0.000733078
2.44957e-07;0.99888;1.50222e-11;2.42951e-09;5.1609e-09;7.89383e-09;0.000614158;4.66572e-05;8.84971e-08;2.72262e-07;4.97968e-09;6.60649e-11;6.54564e-06;0.000452062
4.24061e-11;9.01967e-11;1;1.81185e-11;1.47158e-09;1.94159e-09;1.84908e-11;9.38335e-09;6.70007e-12;1.03031e-11;3.3776e-12;5.62797e-08;4.42605e-12;2.019e-11
3.3625e-07;0.000744852;4.16547e-09;8.24822e-09;1.13425e-07;1.41016e-07;7.35485e-10;0.0103218;2.21572e-07;7.01035e-10;5.37287e-07;3.95988e-05;0.988892;1.61545e-07
1.26109e-05;0.0209797;7.32638e-07;5.72178e-05;3.16653e-05;7.67838e-06;1.13528e-06;0.00224807;0.000155399;1.16835e-05;0.000372758;0.945266;0.0307846;7.07414e-05
0.000151502;0.976117;0.00787291;0.00300977;2.47362e-05;7.90179e-06;2.97702e-05;0.00269159;2.03321e-05;2.85918e-05;0.000162959;0.00927367;0.000285734;0.000323521
4.88192e-06;0.704639;2.03497e-08;0.000133921;2.34453e-05;1.05088e-07;3.89162e-05;0.293139;0.000121488;9.44459e-06;0.000884468;0.000847004;7.52326e-05;8.33592e-05
0.000134694;0.82452;0.00129718;0.005089;0.00226996;6.77239e-05;8.70867e-05;0.00109958;5.24168e-05;0.000133086;0.00664217;0.0728556;0.0855398;0.000212156
0.000529703;0.971904;8.29773e-06;3.02165e-05;0.000151488;2.37737e-05;0.000241823;0.000496308;2.87628e-05;5.92592e-07;0.000110201;0.00190115;0.0163223;0.00825179
0.000242501;0.751196;0.000428283;3.5195e-06;0.000759985;1.44392e-05;1.87552e-07;0.00131162;2.1435e-06;1.26716e-07;1.77856e-06;0.0971097;0.00246422;0.146465
2.2585e-05;0.0638372;7.35095e-07;6.08565e-07;0.00831534;0.000605291;5.58085e-07;0.00158593;1.06278e-06;1.085e-06;3.21509e-07;0.00093305;0.000434946;0.924261
1.72005e-06;0.0143223;1.86285e-05;9.90636e-08;1.43574e-06;0.000103391;9.06062e-08;0.000140642;3.88793e-07;1.56726e-07;4.53976e-07;0.00264208;0.982767;1.58791e-06
1.00433e-05;0.00137347;0.944633;0.000151967;0.00117165;0.00351415;4.39079e-05;2.78694e-05;4.53824e-07;8.2507e-05;1.56439e-06;0.0467516;0.00143183;0.000805852
1.08799e-07;5.05684e-08;0.999987;1.88428e-07;1.17139e-07;3.191e-08;6.68288e-06;2.053e-07;4.20941e-07;4.57706e-08;4.78448e-06;5.23383e-07;3.71608e-09;3.21714e-09
0.000221151;0.705387;3.73296e-05;3.23496e-05;8.09739e-05;9.51763e-06;0.000290198;0.0569511;9.70381e-05;1.26448e-05;0.000616704;0.16716;0.0689054;0.000198753
6.86068e-06;0.884059;8.41558e-06;3.0473e-05;1.47988e-05;5.0778e-06;0.000118197;0.000809333;0.000251408;6.44133e-06;0.00548105;0.00344161;0.105721;4.63542e-05
3.28788e-05;0.0110907;0.00678681;0.00237555;0.00033547;5.92109e-06;4.44466e-05;2.17032e-05;3.1332e-05;7.49793e-05;0.00161763;0.974776;6.12197e-05;0.00274539
0.000110365;0.9751;3.74022e-09;8.22946e-05;4.80968e-05;4.87812e-08;0.00122377;0.000221408;0.00527624;8.91911e-06;0.0176967;2.33629e-05;2.80504e-05;0.000180874
3.6281e-06;0.998927;2.71349e-06;3.62516e-06;1.07698e-07;1.82042e-08;2.25681e-07;2.81038e-06;5.17622e-07;1.39762e-07;1.3031e-06;3.20311e-06;0.00105436;3.15879e-07
4.08939e-06;0.00421642;4.69251e-07;1.14394e-07;6.98367e-08;7.5721e-10;6.08062e-08;0.000344462;7.63814e-07;9.37541e-10;2.43458e-05;0.995321;8.84027e-05;1.83012e-08
1.13117e-05;0.941032;8.08697e-06;2.90411e-05;0.0102969;4.25857e-06;5.48742e-08;0.0462221;4.50123e-06;3.99193e-06;8.48994e-07;0.00126011;0.000600738;0.000525878
2.01686e-06;5.94577e-06;6.78072e-09;1.99504e-08;9.64503e-09;2.70687e-05;3.15102e-07;5.42254e-07;2.03993e-05;2.91367e-07;1.1108e-06;1.61983e-08;0.999942;6.72125e-09
4.65083e-07;0.000151633;0.999842;1.73209e-07;1.03167e-07;6.63515e-08;7.85287e-09;1.79351e-06;7.71449e-09;9.22283e-08;1.58561e-09;3.10587e-06;3.84508e-08;1.57997e-07
1.99291e-06;0.954948;2.22225e-06;1.12452e-05;3.76872e-05;1.12444e-05;2.21333e-06;0.0423809;0.000180446;1.52835e-06;4.48187e-05;1.98444e-05;0.0022816;7.57981e-05
