1.27089e-05;0.228519;2.15261e-07;1.85802e-05;0.000834218;4.24061e-05;8.50817e-07;0.626613;3.63882e-05;1.60131e-06;2.17084e-05;0.00292491;0.140936;3.89337e-05
0.000219126;0.387314;0.00167979;0.00106415;0.00557078;0.0279801;0.0205579;0.00362927;4.28267e-05;0.0721739;0.000137399;1.97392e-05;0.14787;0.331741
1.12854e-09;6.94305e-11;1;2.99437e-09;1.54511e-10;6.23074e-11;9.34452e-09;4.35012e-11;1.00723e-09;1.27441e-10;4.50134e-08;7.55837e-09;2.39922e-11;3.79373e-12
0.00155461;0.0918589;0.346791;0.000508005;0.000141921;4.56952e-05;0.00134514;0.348842;0.0115393;0.000100907;0.0813914;0.0966676;0.0179598;0.00125403
4.74985e-08;0.000470738;1.48636e-06;1.17596e-07;6.60979e-06;3.40609e-06;5.34817e-06;3.06306e-06;1.0973e-08;1.97514e-05;4.89148e-08;6.62221e-10;2.62437e-08;0.999489
1.064e-10;1.34936e-10;0.999998;1.00703e-11;8.02571e-10;1.26122e-11;2.2394e-11;3.69767e-09;3.66582e-13;4.01386e-12;1.23872e-11;1.81949e-06;4.92295e-12;1.14736e-10
0.00105435;0.00510184;0.00182613;0.000101325;0.00661426;0.00239772;1.92231e-05;0.695128;0.00027289;2.99665e-07;0.000212939;3.20368e-05;0.286906;0.000332873
2.22647e-06;0.825506;1.19008e-06;2.34507e-06;1.662e-05;1.27042e-05;3.95795e-09;0.091917;1.86881e-08;8.79592e-08;6.68933e-08;0.0106834;0.000571195;0.0712868
2.17886e-05;0.439304;1.46438e-08;1.63988e-05;0.000387774;4.27145e-06;1.47147e-05;0.0954449;5.88288e-06;1.4145e-06;7.04363e-05;5.94081e-05;0.464648;2.08176e-05
7.35464e-06;0.962182;0.00195315;0.000176734;0.000306812;0.000732772;1.74441e-06;0.00541323;1.18707e-07;2.95069e-06;9.75726e-07;0.00371169;0.0246024;0.000908005
3.47277e-05;0.00451682;2.35096e-07;1.38595e-05;9.86161e-06;2.53398e-06;2.34746e-05;0.906739;1.50197e-05;8.55666e-08;0.00109008;0.0394409;0.0480977;1.60586e-05
0.000154235;0.00805995;3.30851e-05;0.00073171;8.67835e-06;3.97299e-06;3.06151e-05;0.0038031;0.00275505;2.13334e-06;0.0109293;0.794254;0.178865;0.000369204
0.000273345;0.842054;7.57614e-07;0.000308169;0.000806961;0.000126566;0.00013216;0.0989938;0.00111406;2.4418e-05;0.00523952;0.000591371;0.0302665;0.0200688
1.19707e-05;0.951612;1.05658e-06;1.78653e-06;2.22369e-06;7.47028e-07;3.95506e-05;0.0256961;1.05026e-06;4.81273e-06;1.11246e-05;0.00029358;8.26705e-05;0.0222413
1.96745e-10;4.72712e-09;0.999999;2.3843e-09;6.04984e-08;8.83951e-10;1.19721e-10;3.92514e-07;5.69349e-12;1.86752e-10;7.51459e-10;7.95794e-07;1.55278e-11;5.60273e-10
4.02959e-08;0.900697;2.03926e-10;1.50123e-06;4.48425e-07;3.04834e-07;0.000507646;4.72384e-06;1.17306e-07;2.12968e-05;9.27028e-06;1.70256e-08;2.95531e-06;0.0987545
1.07006e-05;0.00687237;2.62429e-06;2.71511e-05;1.17433e-07;3.25285e-06;0.521324;5.04386e-05;0.00680238;1.97412e-06;0.440433;1.25722e-07;0.024472;1.3215e-08
0.000392035;0.991733;0.00182949;0.000228805;1.36223e-05;2.68034e-05;1.08871e-05;0.00124923;1.44543e-05;5.85392e-06;6.44495e-05;0.00206338;0.00233923;2.84789e-05
7.82473e-07;0.993959;4.59867e-08;1.016e-06;2.25401e-07;1.46036e-06;5.92888e-05;2.58534e-05;1.46127e-07;6.21906e-05;9.4155e-08;2.45103e-07;6.32386e-07;0.00588886
6.58476e-10;2.80336e-10;1;8.47974e-10;1.26281e-09;2.89534e-09;2.83282e-09;2.27055e-10;4.9838e-11;5.69711e-10;3.48674e-10;3.48003e-07;6.27822e-13;8.61278e-11
1.90834e-05;0.00385695;1.52576e-10;2.09664e-07;0.000556115;2.71294e-07;4.51037e-07;0.995522;2.99804e-05;1.33691e-07;7.16785e-06;9.13947e-07;4.33014e-06;2.18372e-06
0.00147617;0.010004;0.452276;0.000299112;0.0108803;0.000402383;3.46058e-05;0.000177247;9.00544e-05;0.000121243;0.000225061;0.517371;6.41321e-05;0.00657913
0.0107333;0.708211;5.01064e-05;7.19615e-06;2.82511e-05;2.54568e-06;0.00255324;0.00983907;0.0463012;5.39001e-06;0.17351;0.019636;0.0291217;2.35773e-07
0.000132863;0.947438;1.19808e-05;2.69524e-07;3.93308e-06;3.34249e-08;1.76528e-05;0.00675445;0.000214424;1.05474e-07;1.74337e-05;0.044429;0.000979176;2.71461e-07
9.92902e-05;0.254823;4.01703e-06;2.10488e-05;2.92635e-05;7.45417e-06;0.000142471;0.432218;0.0268107;5.46336e-06;0.000139646;0.19171;0.0937353;0.000254227
0.000507468;0.0717309;1.25225e-07;2.53617e-05;0.00284819;1.13823e-05;3.05719e-05;0.88743;0.0112026;3.51241e-06;5.48703e-05;0.00713739;0.0188366;0.000180736
0.000342441;0.465925;1.17677e-05;1.71523e-05;0.0202181;5.33777e-06;5.43968e-07;0.218695;3.54166e-06;1.04307e-05;4.21405e-06;0.255958;0.0276895;0.0111194
4.83834e-05;0.192794;6.55413e-07;4.33931e-05;0.00238597;0.00217776;5.00562e-05;0.399952;0.000141848;0.000392185;7.54306e-06;6.00819e-06;0.401245;0.00075546
1.57739e-09;2.62194e-10;0.999999;8.63963e-09;4.46948e-10;1.06735e-09;2.86765e-09;2.31696e-09;1.07196e-09;5.52206e-10;8.31248e-09;7.47299e-07;6.62517e-10;7.7997e-12
9.73044e-07;2.05421e-06;0.999407;1.91249e-06;1.51293e-06;3.77804e-07;2.6939e-07;0.000535658;9.94205e-07;7.49672e-08;6.26564e-07;4.43713e-05;1.05509e-06;3.07543e-06
3.5466e-06;0.00126736;0.000107137;1.27994e-06;0.000117655;0.000539202;3.17949e-08;0.000537653;1.75257e-07;8.85473e-07;8.78159e-07;0.000635979;7.24421e-06;0.996781
1.42988e-05;0.000171362;1.30396e-09;2.0928e-07;2.14866e-05;2.93428e-06;6.98996e-08;0.993283;5.1872e-06;2.76269e-08;6.88968e-06;1.555e-06;0.00649261;8.98566e-08
4.07657e-06;0.999647;1.1525e-05;6.99943e-05;1.2478e-06;4.53234e-07;5.40678e-07;0.000184202;1.27993e-07;1.29984e-06;1.94986e-07;4.11747e-06;3.249e-05;4.26493e-05
6.89457e-07;1.62752e-05;2.44534e-11;7.10461e-09;2.27394e-08;2.27571e-10;2.64448e-09;0.999955;2.66105e-06;1.6704e-09;1.42854e-06;9.20824e-08;2.37856e-05;3.30969e-09
1.31787e-05;0.505123;2.26263e-07;1.58405e-05;4.13313e-06;3.37049e-06;0.0116658;6.30735e-05;4.44606e-06;0.0142293;3.51232e-06;0.000386754;9.01347e-06;0.468479
1.6336e-10;3.40523e-11;0.999999;2.20288e-10;1.38755e-09;3.74896e-11;1.10515e-09;2.88342e-09;3.15593e-10;2.15695e-11;8.01502e-10;1.20518e-06;6.67418e-13;1.53717e-12
2.33414e-05;0.148291;2.62244e-07;3.26373e-06;5.51316e-07;1.53632e-06;0.000887027;0.645497;0.000615754;4.07458e-05;0.000117886;1.62927e-08;0.204518;3.43008e-06
1.65767e-10;1.45116e-10;1;7.65028e-10;2.63003e-09;6.92125e-10;2.3254e-10;8.28962e-10;4.81378e-11;3.37334e-10;2.43307e-10;9.24914e-09;5.63782e-12;1.01341e-10
8.74537e-06;0.0156213;0.981776;1.59973e-05;1.18784e-06;1.2167e-06;3.91847e-05;0.000669327;2.23686e-05;7.8608e-07;3.45514e-05;0.00156924;9.06579e-05;0.000149259
5.91613e-06;0.00174401;2.50661e-06;1.44543e-06;0.000859222;0.00225437;2.36408e-08;5.31898e-05;8.79481e-06;2.43095e-07;7.67586e-06;4.79797e-05;1.77642e-05;0.994997
3.25419e-07;0.995606;1.51826e-08;4.89675e-08;2.42271e-07;3.28182e-07;7.38378e-07;5.103e-06;6.55074e-10;3.15976e-06;2.99139e-09;9.18404e-07;1.90604e-05;0.00436472
3.88551e-12;1.19801e-09;1;2.24489e-11;9.38993e-11;7.76075e-11;3.41445e-10;4.60372e-12;5.4977e-14;1.19354e-10;2.04828e-12;4.01404e-09;8.45614e-14;1.24314e-09
2.77549e-05;0.1325;9.14381e-06;4.10136e-05;1.82402e-05;0.000469439;0.0224909;0.391299;0.00111208;7.54125e-06;0.00363897;2.14928e-07;0.448385;4.81983e-07
8.03081e-06;0.994408;0.00376241;5.53625e-05;5.57383e-06;6.49212e-06;5.92759e-06;0.000731805;5.99655e-08;2.74544e-06;5.73548e-07;6.62255e-05;0.000930176;1.69976e-05
7.65385e-07;9.65178e-06;7.95038e-12;5.19437e-08;9.91784e-07;9.4794e-09;7.89473e-09;0.999946;2.86499e-05;1.21604e-08;2.31283e-06;9.24272e-07;1.10149e-05;7.8603e-08
2.89311e-05;0.0100753;0.633469;7.33077e-05;0.00656194;3.15441e-06;5.73339e-07;0.00026546;1.97892e-07;1.51456e-05;2.2406e-06;0.320873;7.86061e-06;0.0286237
9.93467e-08;0.999913;1.24769e-10;3.31266e-10;5.34682e-10;7.4316e-10;3.9867e-05;1.28079e-07;8.57164e-09;1.94438e-07;3.31667e-09;1.13839e-11;8.85526e-07;4.62709e-05
4.64701e-11;3.23363e-10;0.999991;2.29299e-12;5.03016e-10;5.18696e-12;3.25593e-11;1.16724e-08;2.00882e-12;1.21478e-12;1.52176e-12;8.98248e-06;2.12593e-13;2.52697e-11
3.71426e-06;0.741373;2.24545e-06;1.43868e-06;5.88087e-06;6.78193e-05;0.00277138;0.208427;0.000101992;1.08186e-05;4.17328e-06;7.43284e-10;0.0472289;9.19933e-07
9.17356e-11;1.19205e-09;1;1.40807e-09;3.32009e-11;3.36047e-10;5.05561e-10;4.76666e-09;1.62316e-10;1.78308e-10;1.22152e-10;2.29264e-08;1.31305e-10;1.5133e-12
4.94265e-08;7.53318e-06;0.991313;3.24078e-07;1.78895e-07;1.39796e-07;1.22131e-08;1.03934e-05;8.63025e-08;1.72711e-08;5.73237e-08;0.00866252;2.74582e-08;5.61357e-06
9.68787e-07;9.42855e-05;1.51725e-07;4.74272e-07;0.0259039;0.0165645;1.46148e-09;0.000206892;3.02155e-07;6.29634e-08;3.48317e-07;7.45139e-06;1.33013e-05;0.957207
8.42696e-07;0.999827;7.83541e-08;1.87485e-08;7.12809e-06;1.82875e-07;1.03027e-05;4.21299e-07;3.82264e-10;3.94306e-06;1.0194e-08;5.134e-05;3.12682e-06;9.5822e-05
3.97089e-10;1.61181e-08;1;3.52866e-11;1.18467e-08;6.13846e-10;1.18027e-08;1.01322e-10;1.91788e-12;2.52713e-10;2.30333e-12;1.04144e-10;6.17615e-13;1.4035e-08
8.93741e-06;0.0670443;1.38051e-06;3.45338e-06;6.09531e-06;3.17161e-06;0.000752154;0.88415;0.000877252;1.77094e-07;0.000151943;7.35021e-08;0.0470011;7.2443e-08
2.11735e-06;0.929647;0.000120575;7.24887e-05;0.00024772;0.000209409;1.34986e-06;6.95122e-05;1.72195e-08;1.28118e-05;3.92616e-07;1.8206e-05;0.0688774;0.000721465
2.35301e-07;0.990293;8.7976e-09;3.37748e-08;1.85274e-08;7.09366e-08;9.78597e-05;6.02315e-05;1.02153e-09;3.17204e-06;1.48078e-08;0.000284765;0.00187445;0.00738606
2.12622e-11;3.11428e-10;1;7.45831e-10;1.73007e-08;4.28163e-09;7.98312e-10;4.30427e-09;2.80362e-12;2.55898e-11;1.57616e-10;1.0742e-07;1.8204e-12;1.27348e-11
8.20241e-07;0.000123391;1.96931e-08;1.43706e-06;1.11628e-05;0.000938357;8.62599e-07;0.000183965;5.52305e-07;3.95372e-07;7.06527e-06;8.77656e-07;0.998725;5.88353e-06
2.68059e-05;0.00134385;0.997461;1.99131e-05;1.21766e-05;5.92376e-06;1.46367e-06;2.32792e-05;1.4284e-08;4.54359e-07;7.75019e-07;0.000706621;0.000373188;2.39108e-05
8.30793e-07;0.74141;2.13133e-09;2.4149e-06;0.00256824;2.0079e-07;5.61154e-06;0.255522;1.04795e-05;1.66154e-07;2.02986e-05;1.83907e-05;0.000440131;1.78182e-06
4.07055e-05;0.0827504;0.869914;0.00898864;0.000558978;0.000898609;0.000125677;6.72535e-06;4.18289e-06;0.000643227;0.000841387;5.8233e-05;0.0341304;0.00103917
0.000386905;0.958453;0.00226651;4.04238e-05;0.000134442;1.68295e-06;3.99526e-06;0.00356493;1.76338e-06;1.98582e-06;1.46388e-05;0.0346988;0.000146956;0.000283798
6.61409e-05;0.944197;5.22994e-08;5.84384e-07;7.13669e-07;9.17593e-08;0.054696;0.000649651;6.22658e-05;0.000149167;1.3242e-05;9.80984e-09;8.84095e-05;7.63424e-05
2.31238e-08;6.52712e-09;0.999994;3.23254e-09;5.63272e-08;5.66173e-12;7.43018e-08;5.10999e-07;1.21783e-06;5.60334e-10;4.38432e-08;4.08863e-06;6.48974e-11;7.80118e-11
0.000878422;0.494643;5.12298e-07;5.9219e-05;0.000938944;7.63131e-06;3.39673e-05;0.0479085;0.384975;6.46523e-06;0.00125615;0.0056709;0.018331;0.0452907
0.000336329;0.481758;6.34461e-06;7.73093e-06;0.00159888;0.000126899;3.83454e-06;0.104401;0.000764564;3.01788e-06;2.61382e-05;0.26304;0.0256739;0.122254
9.482e-05;0.241445;1.26762e-05;2.43721e-05;0.000657672;0.00101946;6.15945e-07;0.0385134;6.44673e-06;6.47733e-07;3.51229e-07;0.0196696;0.688429;0.0101256
0.000634908;0.00553129;5.24474e-05;0.000880221;0.0373676;0.036936;3.43857e-07;0.0820878;9.5919e-05;5.3831e-05;1.02231e-05;0.0554074;0.090373;0.690569
9.64617e-05;0.823962;4.88213e-08;4.94292e-05;2.10357e-05;6.96074e-06;1.59819e-05;0.00267414;0.000289811;2.7433e-06;0.000229507;0.000735143;0.171827;8.95373e-05
1.95978e-05;0.0146328;4.74328e-09;5.87574e-07;0.00169211;2.20389e-07;6.81839e-08;0.983285;6.85966e-07;8.59934e-07;6.20186e-08;8.57405e-06;1.10299e-05;0.000348655
1.42504e-06;0.000224731;0.998722;1.67335e-06;0.000181706;7.58711e-06;7.45217e-09;3.40536e-05;1.36832e-08;3.87882e-07;3.57261e-08;0.000791629;2.21246e-05;1.28385e-05
2.22395e-05;0.0586664;2.22731e-08;8.70281e-09;3.47634e-06;8.94197e-07;1.79467e-06;0.938543;7.50247e-06;6.52274e-08;2.10204e-06;1.46972e-08;0.00275138;1.19212e-06
4.48057e-08;1.43331e-08;0.999996;9.8869e-09;2.22347e-08;1.79422e-09;1.28746e-08;1.98683e-07;5.42506e-08;2.42583e-09;6.86287e-09;4.12155e-06;8.83124e-10;3.62863e-10
0.000130553;0.325466;4.11173e-05;0.000225611;8.79184e-05;3.3443e-05;8.19314e-06;0.140397;0.00525133;2.08755e-05;0.000366148;0.524212;0.0025992;0.0011605
2.54428e-07;0.00228939;2.24538e-07;1.11906e-07;3.34892e-07;1.7018e-05;8.58305e-09;0.000273882;2.39133e-07;5.40118e-08;6.70574e-08;2.77276e-05;0.997391;1.9671e-07
6.57984e-06;0.000356722;3.2142e-11;0.0003506;0.0032754;0.0363162;5.95553e-07;0.000470795;0.000102531;1.51303e-05;0.000398991;0.025171;0.926835;0.00670006
0.000175313;0.00941952;0.985569;0.000365809;0.00063215;1.86111e-05;1.4169e-06;0.000655047;3.09548e-06;6.90959e-06;9.40175e-07;0.00193246;5.28343e-05;0.00116705
3.65166e-05;0.149551;8.60047e-08;0.000214985;0.0011289;0.0001493;1.28419e-05;0.78859;0.00173343;1.79371e-05;0.00100219;6.9542e-05;0.0574734;2.00485e-05
2.04435e-05;0.996069;0.000199953;6.23143e-05;8.92882e-05;1.55577e-05;4.38676e-05;0.000953562;1.03544e-07;0.000295741;1.3646e-07;4.69916e-06;9.68519e-06;0.00223616
6.40736e-08;4.14838e-08;0.999999;8.07814e-08;7.57745e-09;1.64274e-09;4.44951e-08;7.65782e-09;4.2767e-08;1.41422e-09;3.14953e-07;6.64704e-07;4.46339e-09;7.006e-11
1.43458e-06;0.000710501;0.000181756;4.96587e-06;1.51276e-06;8.9879e-07;2.60633e-08;0.0015143;0.000142021;5.71936e-08;0.000136809;0.997273;4.98405e-06;2.74196e-05
3.59064e-06;0.99094;4.66304e-07;1.71513e-06;1.05394e-06;0.00016293;8.98171e-07;7.4626e-05;7.12057e-06;6.67363e-07;7.11029e-05;4.49232e-06;0.00867885;5.25112e-05
6.96488e-06;0.0235969;4.19591e-07;1.18736e-06;1.15805e-05;8.21951e-05;6.3836e-08;0.00269149;1.41048e-06;6.39665e-08;2.05564e-05;0.970091;0.00105667;0.00243947
5.49774e-08;0.936536;4.88294e-11;4.30713e-08;1.0346e-06;8.17859e-06;3.90106e-06;1.98468e-05;1.52795e-09;2.77651e-06;3.47401e-09;3.4446e-10;4.64196e-05;0.0633821
9.96498e-13;8.07802e-12;1;4.35091e-12;1.63078e-10;4.59932e-12;3.46072e-14;3.91287e-10;4.14493e-15;7.51699e-13;9.24495e-14;7.12658e-10;4.26477e-14;4.8071e-13
4.082e-05;0.261471;0.000376769;0.00307006;0.000210921;0.00318582;0.000195028;0.263271;0.00158352;0.000170147;0.0151029;0.00405754;0.446875;0.000389461
