6.20247e-07;0.0137929;8.41702e-10;1.09708e-07;1.70319e-09;2.09259e-07;3.23406e-06;4.01715e-07;2.99829e-07;5.35284e-08;9.61015e-07;2.87777e-06;0.986198;8.33142e-09
1.73605e-05;0.00560055;0.988806;3.96873e-05;7.09901e-05;1.12038e-05;3.10102e-07;0.000348541;8.60533e-07;1.45468e-06;8.94754e-07;0.00330027;1.72235e-05;0.00178448
3.39941e-06;0.979363;8.23916e-08;4.23693e-06;0.000463105;2.72497e-07;1.51559e-07;0.017171;5.32835e-07;1.04378e-07;5.20808e-07;3.041e-05;5.60246e-05;0.00290725
1.02882e-05;0.00012732;1.07378e-09;4.28858e-06;0.000420561;1.79264e-05;6.81942e-08;0.996264;0.000304825;4.51986e-07;3.38625e-06;0.00273052;0.000103685;1.22956e-05
6.2551e-06;0.999641;5.08399e-10;8.94036e-07;5.62762e-07;9.29194e-07;8.44409e-05;5.8069e-05;2.64406e-06;3.64401e-06;3.59558e-06;1.33744e-07;1.32049e-05;0.0001843
1.15256e-08;1.62606e-08;1;5.82977e-09;5.9125e-09;5.517e-10;7.15967e-10;2.28372e-07;8.52478e-10;5.21545e-11;3.91647e-09;7.7462e-08;1.57369e-08;1.0601e-10
5.1407e-08;0.000137689;5.12762e-05;8.82071e-07;4.4353e-07;1.36855e-08;9.75695e-07;3.85328e-05;7.8273e-08;3.7768e-07;9.18003e-08;5.77406e-05;2.04503e-06;0.99971
1.15953e-07;3.44737e-06;2.29845e-09;2.98597e-07;0.00159641;2.96476e-05;2.10227e-07;0.998358;6.05179e-06;2.31726e-08;1.01109e-06;3.04106e-08;4.58946e-06;5.89274e-07
2.3408e-09;4.82436e-06;0.999973;9.65059e-08;7.46892e-06;4.26575e-07;9.85037e-12;4.57718e-08;4.30861e-13;1.61385e-09;6.56317e-11;7.97417e-06;2.27488e-08;6.09465e-06
2.87077e-08;0.998768;1.44443e-08;2.80261e-08;3.8457e-08;4.00869e-07;1.70118e-07;3.26522e-05;2.07051e-08;2.3718e-10;2.30704e-07;1.35831e-06;0.00119584;8.00004e-07
7.81574e-07;0.150441;3.38212e-06;2.05526e-06;7.85227e-07;8.14597e-07;5.9898e-08;0.000116951;1.5873e-08;1.13209e-07;1.41538e-07;0.00492471;0.844469;4.02882e-05
2.33059e-07;0.994637;2.10676e-08;1.02491e-06;5.16248e-07;1.14316e-07;0.00111002;3.86329e-05;3.16289e-08;0.000231349;6.63608e-08;1.00118e-05;1.14594e-05;0.00395926
2.28212e-08;5.46766e-05;0.999869;5.51867e-08;2.97315e-07;5.58655e-07;2.23058e-05;4.81946e-05;6.52146e-10;5.80893e-07;3.19814e-08;3.7971e-08;3.58482e-06;5.14895e-07
8.12338e-11;2.99367e-10;1;1.21665e-10;9.18197e-11;4.7408e-11;9.28927e-11;1.78563e-09;1.38677e-11;1.01523e-11;2.42901e-10;2.1654e-09;7.44766e-10;2.03388e-12
4.42578e-09;3.8026e-08;0.999693;9.16267e-09;7.37588e-08;2.55895e-09;2.24949e-10;4.32486e-05;6.82129e-10;9.40717e-10;1.25847e-09;0.000260971;1.54123e-09;2.7408e-06
7.92181e-09;0.000127135;2.83209e-06;6.04048e-09;6.42649e-06;2.6154e-05;5.29223e-11;2.54079e-06;9.76117e-12;4.45403e-09;5.93474e-10;7.58764e-05;1.34448e-07;0.999759
1.33262e-05;0.00124437;1.64774e-07;8.39816e-07;0.000102062;0.000188216;1.01406e-07;0.434155;2.70108e-07;3.85037e-08;7.50671e-06;0.000194379;0.56409;3.99166e-06
1.79066e-05;0.941257;5.16599e-07;0.000115015;4.53678e-05;5.78989e-05;7.56501e-07;0.0106189;2.65751e-06;1.31928e-05;1.77415e-06;0.00164018;0.0147694;0.0314593
0.000114495;0.225603;0.000352964;0.000106549;0.000781274;0.000430531;6.50122e-05;0.696985;1.63187e-05;5.2196e-05;0.00139873;0.0486006;0.0226195;0.00287409
7.60701e-05;0.943936;7.47257e-07;3.04536e-06;0.000908785;2.88912e-06;7.34264e-06;0.0373953;2.11405e-07;9.44668e-07;2.13408e-05;0.010595;0.00692673;0.000125916
7.14721e-06;0.785958;2.16262e-08;6.96637e-07;1.23402e-06;1.06903e-06;0.211489;1.57597e-05;9.54301e-07;0.00109442;1.38732e-06;3.16679e-08;3.16814e-05;0.00139838
4.46462e-10;4.18583e-11;0.999999;2.88141e-10;9.80153e-10;5.46066e-10;6.44256e-09;4.42804e-09;2.0453e-10;1.49049e-10;3.69351e-10;7.24538e-07;7.68132e-13;2.97955e-11
4.33013e-05;0.0342099;1.82809e-08;4.18224e-06;1.70307e-05;3.35386e-06;3.20937e-07;0.0535857;9.28453e-05;1.64198e-07;0.000115481;0.000512202;0.911382;3.36771e-05
0.000391246;0.89951;1.22172e-05;3.81938e-05;3.88325e-05;8.62736e-06;0.0453283;0.00330673;0.000112009;0.00713378;0.000539663;0.00715241;0.00503185;0.0313966
2.34317e-08;1.35645e-07;0.999992;6.49358e-08;1.41177e-08;4.2823e-09;6.5951e-06;1.49474e-07;7.61498e-08;1.71978e-07;3.42085e-07;5.17511e-07;7.25334e-10;4.99958e-10
2.95247e-05;0.192524;5.45791e-05;5.38906e-05;3.96439e-06;2.88645e-07;7.24616e-05;0.00427882;3.96896e-05;1.77652e-06;0.000113202;0.797889;0.00477041;0.000168306
3.4634e-06;0.9804;1.69055e-06;5.86196e-06;4.78698e-05;2.16266e-06;2.56318e-05;0.00138385;2.03819e-07;1.17142e-06;6.04161e-06;0.00196294;0.0150105;0.00114818
5.71917e-06;0.313954;7.14186e-06;1.77531e-05;0.000344997;0.000352066;2.32776e-06;0.367285;5.04845e-07;1.45835e-06;2.58428e-06;0.229157;0.00891582;0.0799534
3.29704e-05;0.159042;8.15521e-08;1.96412e-05;0.000359524;4.46285e-05;5.71008e-06;0.127325;8.3279e-06;6.45381e-07;7.88974e-05;0.000819868;0.711591;0.000672315
1.96229e-05;0.0353679;1.11932e-06;1.8689e-05;1.74482e-06;1.69213e-05;1.02942e-06;0.000641026;5.64296e-06;2.17202e-07;3.15845e-06;0.00169497;0.9622;2.82893e-05
0.00014883;0.0143246;4.50178e-06;0.000790028;0.000154006;0.000378796;1.97362e-07;0.0196465;2.02069e-05;1.96027e-05;0.000152627;0.959461;0.000386339;0.00451326
0.000314159;0.479051;0.000513712;0.000683851;3.20202e-06;0.00107988;0.361257;1.98043e-05;1.54903e-05;0.0171483;0.00250414;3.08203e-05;9.21916e-06;0.13737
1.17422e-09;3.24588e-11;1;8.07555e-10;1.51168e-09;8.3888e-10;2.60609e-08;3.554e-10;2.72357e-10;1.40803e-09;2.11013e-08;5.47871e-08;1.08505e-14;1.05818e-11
4.75487e-06;0.989102;4.1584e-08;4.55667e-08;7.48592e-09;3.57612e-08;9.20945e-07;2.13354e-06;3.40711e-07;8.67747e-09;1.18121e-06;5.48724e-05;0.0108337;2.97998e-09
1.3265e-06;0.0476569;1.16536e-07;1.1928e-06;1.87035e-05;4.29409e-06;1.07309e-06;0.00307477;4.36035e-05;4.80035e-07;2.68551e-05;0.948226;0.000110942;0.000833688
0.000119201;0.99198;0.000538608;0.000664528;0.000189061;0.00052363;0.000580953;0.000913029;0.000183481;1.3435e-05;0.000629238;0.00278835;0.000777473;9.86287e-05
3.19428e-06;0.0215194;3.203e-10;1.30908e-06;3.3523e-07;3.49246e-05;5.62653e-08;0.000998686;3.096e-06;1.0188e-07;2.67989e-06;0.00534461;0.971812;0.000279283
1.66663e-06;0.00149946;2.24713e-09;7.33957e-07;8.49454e-06;1.6778e-05;3.23812e-09;0.00196409;5.99591e-07;1.09475e-08;3.9455e-06;0.00295173;0.993541;1.18489e-05
2.42626e-05;0.003636;0.000104062;2.47564e-05;3.42985e-05;0.00011068;5.23402e-08;0.000127459;1.55189e-05;2.78559e-06;2.66172e-05;0.987699;0.00794529;0.000249219
4.67757e-06;0.998391;7.68175e-06;8.11273e-07;1.33602e-08;3.72238e-09;7.15242e-07;0.00131848;3.85227e-06;5.02353e-08;2.16988e-05;8.31748e-05;0.000167503;9.80218e-09
1.40807e-07;0.993254;7.64869e-09;4.71667e-06;0.000152655;1.67792e-07;5.99517e-08;0.00524594;5.34901e-08;7.33406e-06;2.3896e-07;0.00109669;2.80613e-06;0.000234724
4.10899e-06;0.000968673;0.00161874;0.000138797;0.000207306;0.000638268;6.32253e-07;9.74051e-06;2.4744e-07;1.997e-05;1.79301e-05;0.994469;2.08693e-05;0.00188566
6.14323e-05;0.000927833;4.17732e-10;6.69015e-07;6.18315e-07;4.15572e-07;3.94021e-06;0.99318;0.000370661;6.10744e-08;0.00140015;6.07899e-05;0.00399347;2.17264e-08
9.68962e-06;0.976175;7.07144e-08;1.19013e-06;1.15464e-07;1.83454e-07;8.94217e-07;5.42002e-05;3.29083e-07;1.41311e-07;1.03317e-06;0.00153657;0.0222202;7.8161e-07
3.2067e-05;0.232186;1.58615e-06;1.92579e-05;0.000327097;2.35364e-05;8.78307e-07;0.00567202;1.00471e-06;1.88631e-05;1.29557e-06;0.718645;0.000592553;0.0424793
5.2996e-08;0.00634252;2.67937e-10;1.46536e-06;3.91058e-10;4.03865e-09;0.993133;4.37915e-08;7.67428e-07;0.000473671;4.6519e-05;6.35049e-09;2.64521e-07;1.77634e-06
1.91588e-08;1.74194e-08;0.999911;2.36272e-07;7.40095e-10;1.46248e-09;5.2843e-05;9.84395e-09;2.64976e-07;7.32926e-08;3.5348e-05;3.56283e-07;3.54392e-11;5.433e-11
3.63171e-06;0.000250474;2.24693e-09;2.48916e-09;1.46146e-07;7.72424e-09;6.28038e-08;0.999707;5.79327e-06;4.12322e-09;3.27773e-07;3.79536e-07;3.23845e-05;2.48614e-08
1.19481e-06;0.000194587;1.66803e-06;4.31976e-06;0.00356024;0.00169198;1.06168e-08;0.000344816;8.71331e-07;7.0821e-07;1.62527e-06;0.363384;0.00116969;0.629644
1.82012e-06;0.00621055;5.13303e-08;3.04413e-06;3.82735e-06;1.44143e-07;5.62789e-07;0.013814;1.18326e-05;2.1009e-07;6.18418e-05;2.29585e-05;0.979869;2.86629e-07
2.67882e-06;0.999126;2.22264e-05;0.000311561;1.67409e-06;1.36853e-06;3.23975e-06;1.78875e-05;2.4693e-06;3.45715e-06;1.55596e-06;0.0001235;3.2587e-05;0.00034964
5.88197e-06;0.000149549;5.06258e-10;1.06403e-06;9.77965e-07;5.37149e-08;5.32042e-08;0.999686;5.96323e-05;2.82687e-08;1.61726e-05;3.74652e-08;7.94163e-05;1.42837e-06
6.0868e-06;0.0742876;4.42026e-06;8.72093e-05;2.03785e-05;3.68561e-05;3.60278e-05;2.92186e-05;3.67921e-06;0.00061414;4.06161e-05;0.000229118;4.25773e-06;0.9246
1.33174e-07;2.16519e-07;0.999961;2.24273e-07;6.89146e-09;1.81339e-08;1.85161e-06;1.07282e-07;7.53163e-08;2.814e-08;1.88996e-05;1.78839e-05;1.82006e-10;4.542e-09
1.41268e-05;0.000541603;1.47537e-08;5.32997e-06;7.42103e-05;1.22965e-05;3.90504e-07;0.963348;1.89774e-05;3.35556e-08;4.90292e-05;0.000293099;0.0356362;7.00318e-06
6.45499e-06;0.000125853;0.000140795;0.000381576;0.00285681;0.000117694;7.03241e-08;4.76239e-05;3.94847e-07;4.7193e-06;0.000529766;0.991093;0.00431344;0.000381349
3.92414e-06;0.980373;1.32954e-09;4.1215e-05;9.92781e-07;1.01561e-07;0.0152112;1.24463e-05;1.154e-05;0.000125777;0.00403459;8.08218e-08;0.000161467;2.37251e-05
3.5962e-07;1.36094e-06;0.99997;7.56495e-07;9.53101e-08;2.87402e-07;3.45825e-06;1.56852e-07;1.64093e-07;1.2178e-08;1.94907e-05;8.11717e-08;3.47222e-06;6.09097e-10
1.58925e-05;0.00471833;1.12548e-06;3.6522e-06;0.000530855;1.0839e-06;3.94185e-08;0.99467;8.75685e-06;1.50615e-07;3.27678e-06;3.53338e-05;7.7508e-06;3.93742e-06
6.93932e-07;4.04346e-05;0.00238892;1.91161e-06;8.49298e-06;1.05759e-06;2.56276e-10;6.36776e-07;2.32402e-07;7.03497e-08;1.72587e-07;0.996553;3.4407e-09;0.00100474
0.000310519;0.976963;1.04338e-09;8.83191e-07;9.7414e-07;1.18768e-06;0.000573281;0.000281584;0.000107393;7.36609e-05;2.31003e-05;1.45931e-08;1.0415e-05;0.0216537
1.06591e-09;7.19398e-10;0.999995;2.40078e-10;6.07872e-10;1.95205e-12;3.20575e-11;9.84598e-10;2.01098e-09;9.7495e-13;1.7849e-11;4.6824e-06;3.15485e-13;1.07358e-11
2.23672e-05;0.42016;3.46705e-05;2.6206e-05;0.000291779;3.09059e-07;9.04476e-08;0.572313;0.000109466;9.77961e-08;4.41355e-07;0.00628321;0.000605814;0.00015313
7.63647e-08;8.67866e-06;1.31198e-07;9.62742e-09;2.4446e-05;1.11304e-07;6.95809e-10;0.999722;2.76624e-08;4.15935e-08;6.42942e-10;2.58934e-08;0.000244467;2.31088e-08
5.77879e-09;6.12357e-06;0.999987;7.06353e-08;1.23196e-06;5.17705e-07;3.39802e-12;6.68635e-09;2.80284e-12;6.78933e-09;7.75093e-10;4.15487e-06;3.95091e-08;1.11654e-06
1.89373e-07;0.998402;1.23228e-06;5.37519e-07;1.19252e-07;1.82577e-07;2.3121e-05;0.00133937;1.22562e-05;5.91615e-08;7.47999e-05;1.86945e-05;0.000124992;2.38462e-06
