2.06598e-06;0.999674;6.0152e-05;3.97645e-06;4.91197e-07;3.83476e-07;4.14883e-06;0.000218071;4.57e-08;2.29437e-06;2.6082e-08;2.10887e-06;2.95143e-05;3.12921e-06
3.95695e-08;3.65617e-08;0.999995;2.75378e-08;1.21957e-08;1.16667e-09;1.53207e-08;4.4964e-06;1.68587e-08;1.03648e-09;5.1521e-08;6.61452e-07;1.03692e-08;4.96815e-10
1.36943e-06;8.62445e-05;0.00257251;4.51052e-06;1.19459e-06;4.02142e-07;6.4804e-06;0.000181649;2.03369e-06;1.63098e-06;1.90633e-06;0.0309442;8.05844e-06;0.966188
5.43526e-08;6.85028e-07;9.4153e-12;3.65551e-09;0.000138764;4.75561e-07;2.512e-09;0.999855;2.07839e-06;2.71348e-10;9.81503e-08;1.22846e-08;2.45269e-06;2.925e-07
1.63585e-09;3.23516e-06;0.999966;1.27014e-07;2.13424e-05;1.19603e-06;1.25969e-10;5.10352e-08;3.01426e-12;1.86503e-08;1.06164e-10;2.89959e-06;7.07201e-07;3.88259e-06
5.36802e-07;0.994599;1.03462e-07;2.07487e-08;1.7799e-07;7.28392e-07;3.16245e-05;0.00110576;3.41942e-08;4.67664e-07;2.74777e-08;1.2436e-08;0.00425226;8.97086e-06
2.38188e-12;2.45593e-10;1;3.82516e-11;4.33555e-10;2.25429e-10;2.31304e-12;3.72083e-11;2.18456e-13;3.24943e-12;1.75646e-13;1.34417e-07;1.66089e-12;8.37142e-11
5.83394e-06;0.863775;0.00174093;1.38419e-05;1.745e-05;2.74862e-07;1.18997e-05;0.133842;4.26764e-07;7.72009e-07;3.55489e-07;0.000173092;0.000375653;4.257e-05
2.15808e-05;0.387233;3.11408e-05;0.00185439;0.00025748;0.000888404;1.41052e-05;0.552406;0.00108876;3.4143e-05;0.00209453;0.0148657;0.0229365;0.0162742
6.45126e-05;0.464184;0.205415;0.000112371;3.13527e-05;7.31699e-05;4.31313e-05;0.00782007;4.88838e-07;0.000220357;9.94552e-06;0.317856;0.000430911;0.00373945
5.24604e-07;2.67092e-08;0.999995;1.25414e-07;1.41092e-07;1.69524e-08;8.70011e-08;4.32349e-07;1.73398e-07;6.42981e-10;3.25746e-06;1.46587e-07;7.25953e-09;1.00818e-08
1.02848e-05;0.362599;0.000252835;3.89805e-06;0.000248199;5.01551e-07;4.06555e-07;0.618857;5.89339e-07;8.58502e-07;5.08718e-07;0.00155672;0.000132673;0.0163365
5.53593e-05;0.548127;4.13747e-07;4.42136e-05;0.0467673;0.00341057;2.92277e-05;0.38438;0.000184811;0.000189453;0.000356899;0.00170679;0.0098539;0.00489419
0.000166536;0.0640086;0.121473;0.00095833;0.0523352;0.0637152;3.98816e-06;0.000829342;2.76931e-07;3.13263e-05;1.27588e-05;0.633261;0.018406;0.0447985
0.000113338;0.00145222;9.83122e-09;4.36564e-07;4.76649e-05;5.55615e-06;2.14111e-07;0.904485;1.20109e-05;2.62246e-08;3.77371e-05;0.000257752;0.0935859;2.30154e-06
1.30903e-05;0.619043;1.34872e-07;5.76731e-06;1.88568e-06;5.07484e-06;7.81664e-07;2.76819e-05;1.91776e-06;2.06163e-07;4.09943e-06;0.315621;0.0652719;3.96619e-06
0.000287987;0.509332;3.27345e-05;0.00277387;0.00259477;0.00450404;0.000146414;0.00787785;0.000284903;0.000215377;0.000303757;0.265238;0.128173;0.0782361
0.000584358;0.368328;2.63879e-05;0.0106253;0.000453733;0.0333171;0.000127628;0.425458;0.00161224;0.000208759;0.0179111;0.126178;0.0112973;0.00387185
0.000432903;0.565493;1.33115e-09;1.32504e-05;0.000252723;9.44082e-05;2.48995e-06;0.24217;6.9342e-05;9.40194e-07;0.00447897;0.00234169;0.184406;0.00024477
0.000480685;0.974357;0.000126194;2.86009e-06;8.31539e-05;3.48809e-05;0.0046388;0.000250397;2.5072e-06;0.000351824;1.07325e-05;0.00188124;0.000537491;0.0172422
2.84858e-09;2.81936e-08;1;7.89232e-10;3.18821e-09;1.4139e-09;5.34977e-08;1.27514e-08;2.60433e-09;4.75431e-09;8.71721e-10;1.47484e-07;1.71383e-12;1.23592e-10
7.79029e-06;0.953425;8.95978e-06;2.04019e-06;1.12499e-07;6.73507e-07;2.55341e-05;3.82977e-05;1.26022e-05;1.63128e-07;1.48421e-05;0.0253342;0.0211226;7.70854e-06
8.63578e-05;0.440757;1.53863e-06;0.000110223;0.000312499;0.000779191;2.73984e-05;0.177784;0.000142754;1.30966e-05;0.000101485;0.321726;0.0541591;0.00399969
2.08407e-06;0.0327792;0.000118765;1.29807e-06;1.222e-05;1.0126e-07;6.99529e-08;0.0142389;1.75147e-07;7.13622e-08;1.97662e-07;0.952786;1.89444e-05;4.21444e-05
4.22648e-06;0.981603;1.29616e-08;5.34198e-07;4.72521e-06;3.46112e-05;0.000192422;0.00236981;8.12385e-07;1.19859e-05;5.18825e-07;5.12227e-07;0.0150486;0.000728614
6.56775e-11;3.28169e-10;1;9.16767e-12;2.28109e-11;3.03237e-11;6.36433e-12;7.3439e-11;1.8714e-13;2.26397e-12;1.94275e-12;1.70974e-07;3.7595e-11;8.15197e-13
0.000376144;0.411833;0.0121985;0.000364484;0.00127995;0.0014004;0.00149494;0.0989586;0.000630435;2.3548e-05;0.00116466;0.0258491;0.437305;0.00712133
2.06303e-06;0.00459385;2.5288e-06;2.7012e-05;0.0160849;5.86363e-06;2.60175e-06;0.962944;0.000158103;3.33191e-06;0.00011889;0.0153167;0.000661217;7.90847e-05
3.45057e-05;0.0350071;0.918627;0.00153234;0.00130706;0.00206728;2.34157e-05;1.08804e-05;1.00048e-06;0.000164035;9.88823e-05;0.0212175;0.0155158;0.00439299
0.000188984;0.972873;7.2413e-06;1.94154e-07;1.61776e-06;1.96386e-06;4.86006e-06;4.2892e-05;2.99976e-06;1.94124e-07;1.10262e-06;0.0267067;0.000162979;5.37988e-06
9.14293e-06;0.00729157;2.93424e-05;2.77118e-05;0.00159644;0.00147614;1.45276e-06;0.00910338;0.000250011;2.83773e-06;8.75257e-05;0.956535;0.000282602;0.0233073
1.62822e-06;0.953932;5.59175e-09;1.31966e-07;1.20202e-08;1.5721e-07;6.52563e-07;3.34584e-06;5.16023e-08;1.21791e-08;8.78012e-08;1.04842e-05;0.0460518;3.06911e-08
5.70921e-06;0.00959869;2.75536e-07;6.15819e-07;6.46737e-05;1.20602e-05;1.81393e-08;0.0015432;1.92613e-06;4.13185e-08;5.67137e-08;0.987278;0.000655846;0.000838795
5.94153e-05;0.73568;4.72788e-06;0.000643581;0.00104592;0.00107271;3.65616e-05;0.0262885;0.00115408;2.27396e-05;0.000233487;0.210706;0.0200231;0.00302976
0.00025732;0.78257;2.5604e-06;0.000771069;3.8946e-05;6.24567e-05;0.000527905;0.0134016;0.0176596;5.54118e-05;0.00591228;0.0163335;0.162385;2.24037e-05
0.00115806;0.84691;0.109591;0.00749032;0.000120323;3.18247e-05;4.29699e-05;0.000901953;0.000148659;0.000131209;0.000250696;0.0321922;0.00053516;0.000495334
0.000209073;0.993595;1.7401e-07;5.7829e-06;2.32918e-07;1.52821e-07;0.000821349;0.000128191;0.000731033;5.06256e-06;0.000253072;0.000133068;0.00411606;1.41614e-06
0.000835007;0.140551;3.04778e-05;0.000703416;0.00224159;0.0012028;7.47764e-05;0.0105388;0.00758001;9.0623e-05;0.00233151;0.755262;0.0625919;0.015966
0.00589091;0.500747;0.00146759;0.00140773;0.00364234;1.22991e-05;0.00202297;0.222937;0.00278924;5.85487e-05;0.00536058;0.115653;0.0271404;0.11087
0.000219031;0.838836;2.65777e-06;0.000223677;2.3507e-05;2.02417e-05;0.000110943;0.00850001;0.000172937;2.88342e-05;0.000172689;0.00166744;0.0125008;0.137521
0.000444562;0.812831;5.65846e-06;5.39198e-05;1.57859e-05;4.26597e-05;0.00454867;0.128085;0.000519797;0.000447702;0.000973497;0.0195339;0.0322818;0.000215909
3.24209e-07;1.13853e-07;0.999996;4.71919e-08;1.02264e-09;5.06029e-09;8.40643e-07;4.64648e-07;1.23733e-07;9.55803e-09;1.07273e-07;2.10049e-06;2.35932e-08;1.65159e-10
1.23149e-05;0.00690395;0.00204577;1.21719e-05;1.12111e-05;5.49828e-07;2.3552e-07;0.000289808;9.02629e-06;3.03363e-07;8.8066e-07;0.990048;2.03528e-05;0.000645167
2.13517e-06;0.104719;1.30516e-06;3.23015e-07;0.000397717;0.000124537;2.60489e-08;0.244486;1.05532e-07;6.95019e-07;1.29903e-08;4.02029e-05;0.649879;0.000349233
1.52235e-06;0.018081;1.57133e-07;1.85288e-05;0.000221402;0.0264455;1.95425e-06;3.66566e-05;1.27864e-06;2.42435e-05;1.32478e-06;0.00569162;0.947468;0.00200644
5.64049e-06;0.00185334;0.996446;9.65066e-06;3.77986e-05;1.05695e-05;2.28991e-08;1.61327e-05;4.33145e-08;6.41962e-08;9.19467e-09;0.00159883;8.01637e-06;1.43087e-05
4.12251e-06;0.567649;6.47779e-08;3.90223e-05;7.78009e-05;0.00013956;1.40201e-06;0.363278;9.13225e-05;3.91213e-07;1.70063e-05;0.000293831;0.0680756;0.000333573
3.08495e-07;0.0010022;1.40692e-09;6.79669e-09;7.11831e-07;5.32468e-08;2.18493e-10;0.998613;5.63298e-10;4.47079e-09;2.35462e-09;4.28328e-08;0.000382558;7.32081e-07
2.72619e-09;4.80332e-05;3.20404e-06;1.45409e-07;3.0471e-06;3.0181e-07;9.73741e-11;3.63158e-06;1.26497e-09;4.71419e-09;3.01132e-08;0.999777;9.48633e-07;0.000163202
5.72387e-07;0.995541;6.40949e-08;6.61779e-06;1.14817e-06;4.00926e-07;2.88923e-06;0.00158999;1.43936e-06;4.42894e-06;2.29182e-06;1.17109e-05;0.00278337;5.44138e-05
2.89895e-06;0.00386793;4.32792e-07;9.11424e-07;3.53551e-05;3.072e-07;4.2108e-08;2.68307e-05;1.39226e-06;4.39241e-08;1.58492e-06;0.995828;0.000176107;5.868e-05
1.9183e-06;1.10042e-05;6.38053e-14;4.62494e-08;9.46733e-05;2.80848e-08;5.92127e-09;0.998725;5.47316e-05;3.08981e-08;3.80213e-07;2.52301e-06;0.00110959;3.55467e-09
2.9193e-05;0.000650226;0.993682;0.000111628;8.11784e-05;0.00199459;3.789e-06;9.69181e-07;2.38896e-06;9.15326e-05;3.09618e-06;4.38819e-07;0.00301356;0.000335246
0.00138969;0.216896;0.628886;5.44363e-05;6.74183e-05;5.34065e-05;0.00013402;0.000129897;3.41871e-06;6.11548e-06;1.99993e-06;0.148475;0.000156339;0.00374597
0.000512602;0.0491048;3.75908e-09;2.22038e-06;0.000798188;3.97815e-05;5.55381e-07;0.0539129;8.77614e-05;1.72376e-07;4.56194e-05;2.18115e-05;0.895273;0.000200862
0.000326205;0.839385;3.12395e-06;1.76134e-06;5.07661e-06;2.2393e-06;0.000997012;0.00124947;9.92914e-06;0.00046758;5.05342e-07;0.00766648;0.00102922;0.148856
5.88217e-09;4.03095e-09;0.999999;8.72114e-09;2.31465e-08;5.82106e-09;2.72285e-07;2.14048e-07;1.15238e-07;1.0966e-08;4.73291e-08;5.77123e-07;3.38652e-11;9.01955e-12
3.02554e-07;0.9959;5.51672e-06;3.15193e-07;4.4809e-07;2.96226e-08;8.74282e-08;1.49742e-06;1.07651e-08;1.71497e-08;3.54001e-07;3.75784e-06;0.00408758;5.00556e-07
4.8697e-08;0.00411407;1.48559e-07;2.17678e-07;5.6257e-07;6.4686e-08;1.47666e-07;0.000302868;2.92462e-07;5.49341e-09;1.7188e-06;0.995313;6.02439e-06;0.000260913
1.10786e-06;0.996696;3.23103e-07;1.34054e-05;1.00694e-05;6.63544e-05;2.13663e-06;0.00131469;1.67816e-07;5.68764e-07;6.2621e-06;0.000116406;0.0010368;0.000735439
7.05356e-05;0.0951501;0.00014638;9.89849e-06;3.34198e-05;1.81448e-05;8.90552e-05;0.792345;2.27027e-06;8.01635e-06;4.68887e-05;0.104934;0.00699257;0.00015375
3.68849e-06;0.00142055;0.984411;0.000105927;0.000160128;0.00033131;3.08757e-07;0.00142991;7.42139e-08;9.01023e-07;1.2103e-05;0.0119573;0.000151665;1.48577e-05
3.33093e-06;0.997129;2.08781e-08;1.56372e-08;1.83943e-08;1.67342e-07;5.58043e-05;5.80424e-05;4.92084e-09;1.95037e-06;5.53804e-08;2.15629e-07;0.000381508;0.00237014
1.30254e-12;7.8475e-13;1;2.91789e-13;9.13669e-12;2.9918e-12;2.44864e-13;2.18557e-12;4.49863e-15;5.95332e-14;1.43955e-13;1.80222e-08;2.72487e-13;1.42324e-13
2.11253e-06;0.73331;1.22106e-05;2.35673e-06;4.61626e-05;2.83084e-05;0.00144468;0.217657;2.2363e-05;3.35998e-05;2.4775e-05;2.67145e-07;0.0447491;0.00266686
7.96957e-11;8.31416e-10;1;5.58357e-10;3.4577e-10;3.00089e-10;1.36052e-10;5.6817e-09;7.77841e-11;1.47138e-10;5.59788e-10;8.85998e-08;1.92283e-10;9.26043e-11
1.16751e-08;2.64826e-07;0.999741;9.84195e-08;3.75183e-08;1.71212e-08;1.31895e-08;2.51908e-05;1.76665e-08;1.74998e-08;6.09733e-08;0.00021945;1.48173e-08;1.40731e-05
3.76348e-08;2.12285e-05;4.50135e-05;1.00945e-07;2.06573e-05;0.00014708;1.11713e-09;1.20298e-05;6.5527e-10;5.80195e-08;2.68641e-08;1.27801e-05;2.22411e-07;0.999741
4.12283e-05;0.1011;1.44083e-06;4.46553e-06;0.00038035;4.1026e-05;1.41063e-07;0.375771;3.84853e-07;1.35413e-07;1.0384e-05;0.00470606;0.517938;5.89476e-06
7.62385e-07;0.971644;6.14691e-06;1.37848e-05;2.16579e-05;4.42647e-07;2.5693e-06;0.0281488;9.45968e-09;4.47503e-06;1.3211e-08;1.52391e-07;5.37104e-05;0.000103107
5.95138e-05;0.202728;0.0830149;0.00510401;0.000411846;0.000223396;1.64859e-05;0.000524788;1.43503e-06;0.000198757;0.00122603;0.684166;0.021395;0.000929305
0.000137324;0.52265;1.03607e-07;8.67978e-05;0.000122238;0.00425502;4.90283e-05;0.0512261;4.16195e-05;1.20013e-05;0.0394639;0.356066;0.0217881;0.00410127
0.000367606;0.92813;1.54372e-09;2.08857e-05;0.000591526;4.20712e-05;0.00133517;0.0580976;5.86837e-05;4.74929e-05;0.00086163;0.00203328;0.0083735;4.01458e-05
4.54184e-06;1.21248e-05;0.999945;3.60672e-07;5.03564e-07;2.12285e-07;3.38997e-07;2.58541e-07;9.07715e-08;4.77484e-08;7.35712e-08;1.25764e-05;2.35057e-05;8.30045e-08
0.000329844;0.435816;6.74419e-07;1.36904e-06;8.64829e-06;3.83846e-07;1.4656e-05;0.562987;8.64563e-05;1.31962e-06;6.02492e-06;1.57601e-05;0.000600471;0.000130917
0.000443458;0.172211;6.79373e-05;0.00101354;0.00373718;0.0008504;0.000271998;0.010407;0.0197683;0.000179056;0.0110012;0.719803;0.0176282;0.0426177
1.43943e-06;2.78497e-05;2.97266e-10;8.10441e-10;4.49138e-07;4.58988e-10;4.90817e-09;0.999961;8.17021e-06;3.18815e-09;3.56838e-08;4.31643e-08;7.79256e-07;3.20264e-09
9.48777e-05;0.00499322;7.00057e-06;0.000140703;0.0445222;0.000750543;7.03694e-07;0.0009594;0.00203656;6.85348e-05;0.000127771;0.195802;0.000272448;0.750224
0.00231365;0.966913;0.00110758;0.000170343;1.16621e-05;2.6068e-06;5.61439e-07;0.00766014;0.00835524;3.49509e-06;3.96411e-05;8.72918e-05;0.0133306;4.56315e-06
9.66967e-05;0.0383144;4.48934e-05;5.71653e-07;2.7486e-06;7.68316e-09;1.12121e-07;0.414348;0.00032799;1.32274e-07;2.5381e-05;0.541356;0.00548259;2.12319e-07
3.01011e-05;0.51618;1.29107e-05;7.9218e-05;0.0433161;0.00570989;0.00054359;0.211944;2.64787e-05;0.0048712;8.36184e-06;5.49224e-05;0.0428135;0.17441
3.26972e-07;8.53235e-07;0.999985;5.6583e-07;8.16126e-08;2.3851e-08;3.84191e-07;2.32529e-06;2.08161e-06;8.88868e-08;3.08851e-06;4.11402e-06;6.88947e-07;6.38572e-09
4.20212e-06;5.29993e-06;0.99888;7.18309e-06;4.65253e-06;1.65068e-07;5.01548e-06;0.000812042;5.41628e-05;1.44912e-07;6.83857e-05;0.000154672;6.01466e-07;3.42757e-06
5.19569e-07;0.000353741;1.09849e-05;1.29127e-07;8.99522e-06;1.78105e-05;6.12329e-09;2.7641e-05;1.41042e-08;1.03034e-07;1.98099e-08;2.27491e-05;4.9811e-08;0.999557
1.36701e-05;0.000141066;1.8573e-08;5.47608e-08;6.1406e-06;2.78333e-07;5.04237e-09;0.99912;5.55616e-07;1.22528e-09;9.54267e-07;4.81577e-05;0.000668876;1.71933e-07
1.0439e-06;0.942953;1.99797e-08;2.23497e-05;1.60455e-07;7.25062e-08;8.24169e-07;0.0399748;1.18707e-05;1.12317e-06;9.5006e-06;0.000313001;0.0166687;4.33432e-05
2.45239e-05;0.0129463;4.23457e-06;0.69721;0.000715042;0.000617244;0.000472675;0.00197978;0.000131277;0.00716147;0.00792132;0.254934;0.00173425;0.0141476
0.000658579;0.726123;2.8098e-08;0.00123166;0.000305508;4.17447e-07;0.00237136;0.259523;0.000162481;5.60357e-05;0.00702885;0.00225235;5.98049e-05;0.000226907
5.48736e-05;0.981651;0.0127529;0.000226987;5.4838e-05;3.9072e-07;0.000116499;0.00019696;2.38809e-06;3.58873e-05;0.00010341;0.00396845;0.000670937;0.000164273
0.000211424;0.5922;6.01859e-08;7.86603e-05;0.000106969;9.79802e-05;0.000286865;0.0064587;0.00228902;2.04551e-05;0.00167769;0.00368782;0.392804;8.0007e-05
0.00289527;0.0294857;0.897858;0.00127435;0.00372568;0.000136599;3.22621e-05;0.00118532;0.000362336;6.11531e-05;5.81702e-05;0.049876;0.000767536;0.0122818
0.000851335;0.128824;9.38037e-10;1.73111e-05;1.16605e-05;2.1144e-06;3.74863e-06;0.108097;0.0212284;5.87364e-07;0.0039023;0.000997659;0.736058;5.62365e-06
9.23018e-05;0.950974;3.69007e-06;4.73705e-07;1.1446e-06;1.68224e-06;0.000843987;0.000183275;3.2442e-06;0.00106537;1.9553e-07;8.91758e-07;7.01918e-05;0.0467593
8.14905e-09;1.85576e-09;0.999968;3.40763e-09;1.61389e-07;3.82949e-08;3.05374e-09;1.23684e-08;4.92195e-09;9.39386e-09;1.90055e-09;3.125e-05;2.68827e-12;5.47504e-08
3.13829e-06;0.998722;3.2054e-08;1.90079e-08;1.81864e-07;1.01993e-08;1.72108e-07;0.000530719;9.33123e-08;3.63073e-08;4.27934e-08;5.86744e-06;0.000727539;9.96118e-06
2.85791e-05;0.547639;6.30661e-07;2.64421e-05;2.29915e-06;8.85355e-05;0.432779;8.19084e-06;0.00543429;0.00957498;0.000198284;1.9463e-06;0.000134254;0.00408294
2.61113e-10;1.28138e-10;1;2.80465e-09;5.21194e-10;4.10473e-10;1.36473e-08;1.89118e-10;3.16415e-10;2.0357e-09;2.896e-09;9.46674e-09;6.8881e-14;4.26345e-11
1.0067e-05;4.2784e-05;8.21482e-09;6.38298e-08;1.29368e-07;1.3014e-08;1.46626e-08;0.999794;4.14964e-05;1.89992e-09;4.56535e-05;1.31596e-06;6.42829e-05;1.73926e-08
4.20472e-07;0.00978591;1.65546e-07;1.20548e-06;3.65774e-07;1.80006e-06;9.9687e-05;5.81947e-08;1.40387e-08;0.000374132;1.42872e-06;7.68175e-08;3.46195e-07;0.989734
7.43537e-11;3.12545e-11;0.999999;7.5646e-10;8.63076e-12;1.37885e-10;1.66133e-09;8.62585e-12;9.76047e-11;1.30884e-10;7.04569e-08;5.11653e-07;8.49911e-14;6.38477e-11
1.04637e-05;0.996628;2.11688e-06;1.325e-06;7.81484e-08;3.83724e-07;2.57162e-06;0.000939327;1.25021e-06;1.93362e-07;0.000107691;4.52702e-05;0.00226135;9.18053e-08
1.24591e-06;0.883373;2.39899e-07;3.27168e-05;4.23783e-07;1.59945e-05;0.104006;0.000348474;1.85718e-05;0.0043316;0.000747438;3.81596e-05;0.000158918;0.00692713
1.28954e-10;5.62743e-11;1;2.16974e-08;1.83875e-10;2.86687e-09;1.63446e-08;6.99705e-10;1.45724e-10;1.36473e-09;8.8e-08;1.4316e-08;1.85008e-11;2.64767e-11
1.78137e-05;0.121848;2.62284e-07;9.54677e-06;7.05308e-05;8.10734e-07;5.21719e-05;0.877325;5.22801e-06;2.90624e-06;0.000203841;1.05758e-07;8.16275e-05;0.000381587
4.46999e-06;0.0124761;0.968217;7.81537e-05;0.00394138;8.31683e-05;2.32362e-08;0.000177113;3.96524e-08;1.00082e-06;1.35861e-05;0.0136692;0.00131753;2.15e-05
1.05628e-05;0.536318;4.65784e-07;8.48527e-06;2.30177e-05;7.71049e-05;0.00118747;0.00964791;1.98216e-05;7.27011e-05;0.000791939;4.53845e-06;0.451761;7.68232e-05
1.53629e-09;5.24742e-10;0.999999;8.26961e-09;2.24324e-10;1.09685e-09;1.26492e-08;2.05586e-09;6.1825e-09;2.93067e-10;6.8318e-08;8.19124e-07;2.72987e-10;1.90546e-13
1.3093e-05;0.00307937;4.20868e-05;4.76775e-05;5.86916e-06;4.97161e-06;4.65189e-07;0.00212118;0.00166189;1.3081e-06;0.000289151;0.992655;4.78952e-05;3.0522e-05
9.48869e-06;0.967198;6.85745e-09;9.51232e-07;2.15636e-07;1.69175e-05;9.28545e-06;2.09823e-06;7.12015e-06;5.17294e-07;1.84286e-05;2.26812e-06;0.032573;0.000161668
1.02621e-05;0.0215698;0.018347;8.51073e-06;0.000956608;1.78045e-05;4.97603e-08;1.18832e-05;9.93343e-09;4.48556e-07;3.15179e-08;0.0378527;4.23035e-06;0.921221
4.12487e-07;6.09993e-05;1.68323e-09;4.41175e-08;0.00123053;1.15816e-06;1.37598e-08;0.9987;1.54392e-06;1.15385e-08;1.3943e-08;3.58513e-10;4.66793e-06;5.4991e-07
3.6686e-07;3.55014e-06;0.999943;4.99266e-07;2.60899e-05;6.19712e-06;1.29085e-11;5.60523e-06;1.90247e-10;1.20548e-08;4.01622e-09;1.37941e-05;2.29444e-07;1.1955e-06
5.66828e-06;0.963928;3.45829e-06;2.99856e-06;8.37726e-06;6.34211e-06;4.97484e-06;0.0357941;3.62105e-05;8.54446e-08;5.82433e-05;2.49269e-05;0.000114674;1.19638e-05
