1.46308e-05;0.999086;3.86281e-05;3.97437e-05;8.69308e-06;1.83969e-07;5.57586e-07;0.000448896;5.85717e-07;6.01133e-07;8.82768e-07;0.000268028;9.10687e-05;1.52151e-06
0.00013056;0.872469;1.59918e-06;0.000137175;0.000279581;6.25676e-05;6.65464e-06;0.00446081;0.000306384;9.13502e-06;0.000305007;0.113262;0.00806281;0.000506365
3.41041e-05;0.984891;5.49536e-06;7.34569e-06;7.90678e-06;2.40746e-07;7.04201e-06;0.00736592;6.40644e-06;7.23926e-07;5.71497e-05;0.00606027;0.00154765;8.47572e-06
3.8473e-05;0.466957;9.35123e-09;0.00132905;0.000585374;7.84559e-05;1.49625e-06;0.0111269;0.00678697;4.77108e-05;0.00247825;0.158744;0.34509;0.00673643
5.29406e-05;0.368077;0.584776;7.40141e-05;3.10844e-05;5.58708e-05;2.18144e-05;0.0435995;1.22291e-06;0.000360928;3.27957e-07;0.000246371;0.000123465;0.00258
7.35993e-08;1.21865e-07;0.999998;5.26923e-08;1.77853e-08;9.53559e-08;3.24667e-08;5.47814e-08;1.04772e-07;4.09782e-09;8.60623e-07;1.84786e-08;2.51302e-07;5.97813e-09
2.66979e-05;0.00568932;0.412473;2.4129e-05;3.87294e-05;2.60165e-05;1.39969e-06;0.578415;2.36364e-05;3.94116e-06;1.41138e-05;0.00290822;0.00019809;0.000157925
1.85733e-06;0.00147056;3.95949e-05;3.06812e-06;2.99221e-05;0.000529051;5.23943e-08;0.000439731;8.68305e-08;3.66597e-06;1.86564e-07;0.00106941;3.25092e-06;0.99641
0.000373246;0.00416702;1.30964e-08;7.76119e-06;4.71109e-05;4.36707e-05;4.0206e-06;0.978498;0.000196734;3.40248e-07;0.000557473;2.38862e-05;0.0160723;8.57131e-06
9.35539e-07;0.999348;4.54194e-09;7.74954e-08;2.67358e-10;4.1232e-09;1.2633e-06;2.0832e-06;2.71006e-08;3.61274e-08;1.19327e-07;3.04283e-05;0.000616509;3.40749e-08
6.11805e-07;0.000664656;6.05869e-05;9.68383e-06;1.55381e-05;1.3225e-05;7.31769e-07;0.000934651;2.06136e-07;8.30116e-07;4.06125e-06;0.997762;8.20075e-05;0.000451392
8.71632e-07;0.997357;1.62653e-08;3.31369e-07;1.90014e-07;3.99714e-06;0.00245261;6.00358e-06;1.1549e-08;4.5978e-05;9.49958e-08;3.08145e-10;1.94182e-05;0.000113798
2.32213e-11;1.25299e-10;0.999999;2.54474e-11;2.47845e-11;1.35245e-12;8.04728e-10;1.57852e-10;1.19673e-12;5.42179e-11;5.08151e-12;8.25732e-07;3.56252e-14;3.1715e-12
5.34434e-05;0.188818;6.81102e-06;8.73893e-05;8.54936e-06;0.000278492;0.782677;0.0059637;0.00265714;0.00350807;0.00199941;1.02762e-06;0.0110243;0.0029173
1.68548e-09;3.00112e-09;0.999999;2.23968e-08;4.55927e-10;1.02711e-09;6.81224e-08;4.08085e-09;2.25054e-09;2.08224e-09;1.31705e-08;1.01346e-06;4.76675e-11;2.96674e-10
8.15559e-05;0.16214;0.000176532;0.00207739;0.00180393;3.01902e-05;5.58726e-05;0.25362;0.0116948;1.75939e-05;0.00917146;0.555926;0.00157778;0.00162657
2.06263e-06;0.382948;0.000654369;2.90387e-05;9.64793e-05;4.26803e-05;3.76092e-08;5.52563e-06;3.02113e-08;1.07561e-06;1.1146e-06;0.0738595;0.542257;0.000103467
0.000448324;0.217616;2.82339e-05;1.73669e-06;0.000225861;4.81017e-05;9.18185e-06;0.706549;3.7019e-06;6.65178e-07;1.79946e-05;0.00598504;0.0666684;0.00239835
1.30826e-06;3.33336e-05;1.7938e-07;5.64896e-06;0.000433734;0.893766;2.2848e-08;2.64483e-05;6.57491e-07;2.3587e-06;9.09566e-08;3.00621e-06;0.0137279;0.0919997
0.000511978;0.0127927;0.936955;0.000111482;7.79767e-06;0.000751071;0.000231652;5.22527e-05;4.19964e-06;0.000254754;1.06424e-05;0.0421132;0.00529274;0.000910136
1.85931e-08;2.1041e-09;1;5.83684e-09;1.41576e-09;2.63117e-09;2.00881e-07;1.32991e-09;1.40612e-08;3.84503e-09;4.47919e-08;1.23964e-07;4.99639e-12;1.24817e-09
4.96103e-05;0.977302;0.000141001;1.28683e-06;2.91837e-06;2.65229e-06;5.0156e-05;0.0189855;2.59091e-05;5.19833e-07;8.09868e-05;0.000720589;0.00263347;3.15755e-06
1.98209e-06;0.000441029;7.24635e-05;6.18571e-05;0.000674115;0.000121613;4.43794e-07;0.0362745;0.000139417;9.29507e-07;8.64188e-05;0.948898;0.00468783;0.00853969
1.03742e-06;0.998884;8.76619e-07;1.0611e-05;3.62603e-06;2.75782e-07;1.23979e-05;9.19351e-05;3.15786e-06;8.59929e-06;4.3006e-05;0.000132533;0.000303125;0.000504992
9.20163e-05;0.0625969;3.2031e-07;2.58507e-06;0.00479881;2.28047e-07;3.21033e-05;0.931454;0.000143814;0.00012215;4.12207e-06;0.000160934;0.000209248;0.000382485
0.000110258;0.000769694;0.996407;3.38359e-05;0.000273573;3.95624e-06;7.57552e-07;0.00010524;2.59805e-05;1.66398e-06;5.08422e-06;0.0022331;1.95686e-05;9.98905e-06
0.000789472;0.117473;2.23174e-08;1.23688e-06;2.31919e-05;1.0471e-06;1.59332e-06;0.874845;0.000841091;6.858e-07;1.8834e-05;0.00494326;0.000904641;0.000156606
3.50691e-05;0.00514422;5.05572e-09;1.95658e-07;2.11925e-06;4.26307e-08;4.85408e-08;0.982974;3.63106e-05;2.93867e-08;9.33988e-07;0.000116963;0.0116897;1.54856e-07
0.000244898;0.0756268;4.69247e-09;6.83965e-05;4.03647e-06;1.22756e-05;8.13591e-06;0.0201614;0.00245815;1.04547e-06;2.84286e-05;0.00654267;0.89483;1.3841e-05
4.84691e-06;6.22502e-05;5.85293e-07;9.65951e-05;4.1706e-05;5.64743e-07;1.20824e-07;0.00197902;2.04521e-05;2.52438e-06;6.12101e-06;0.997774;1.35452e-06;1.01136e-05
0.00518851;0.904798;3.50609e-05;0.00199405;4.36879e-05;6.50826e-05;0.00910838;0.00261605;0.00570893;1.27188e-05;0.00994628;0.00180032;0.0581093;0.000573361
0.000273511;0.803026;4.2509e-05;2.30938e-05;1.14666e-05;4.15083e-06;1.26114e-06;0.000360933;2.06876e-05;9.11371e-07;2.68404e-05;0.178744;0.00492342;0.0125422
3.54094e-05;0.0762573;1.05716e-06;7.9403e-06;0.0162977;0.00152359;3.03721e-06;0.00174065;1.09742e-06;1.6665e-05;3.28203e-06;0.00278052;0.0025535;0.898778
1.43192e-06;0.00915954;5.95542e-05;7.33966e-07;3.75041e-07;0.000186942;6.95247e-07;1.26238e-05;1.29928e-06;1.13551e-06;7.89989e-06;0.0100964;0.980465;6.2658e-06
5.10521e-06;0.0037317;0.979733;0.000358788;0.000122596;0.00113685;0.00551277;1.40327e-06;9.36252e-07;0.00348386;7.65785e-06;0.00357383;0.00054362;0.00178737
2.46824e-09;2.76746e-09;0.999998;2.9626e-08;5.69308e-09;1.49915e-08;1.64842e-06;1.20905e-09;3.45093e-08;4.38845e-09;7.60506e-07;9.67748e-09;1.3142e-10;1.05991e-09
6.57283e-05;0.950448;4.67608e-07;8.5117e-05;3.97018e-05;1.99839e-05;0.000180075;0.0034228;0.000923435;1.51726e-05;0.00621586;0.00156534;0.036457;0.000561578
6.29383e-06;0.000367256;5.20585e-08;2.40781e-08;5.78278e-07;2.03065e-09;3.97413e-07;0.9996;5.81604e-06;2.63151e-08;5.88331e-06;1.03781e-06;1.29747e-05;1.30755e-07
1.82516e-06;0.00051331;8.49879e-06;5.94049e-05;0.00140049;0.000165547;7.82622e-08;0.000118408;5.2598e-06;6.51274e-07;4.29178e-05;0.0812102;1.49224e-05;0.916458
9.98668e-05;0.72462;1.88427e-05;1.23928e-05;4.88168e-08;1.27719e-07;2.2449e-05;0.00091821;0.00024231;1.61839e-06;0.000375137;0.000393988;0.273266;2.82705e-05
7.45852e-06;0.714196;9.26225e-08;1.10001e-05;0.000379124;1.01864e-05;1.48299e-07;0.256377;1.41285e-05;4.05289e-06;9.64201e-06;0.00395533;8.66003e-05;0.0249493
1.80162e-05;0.164066;0.17912;0.00218146;0.0892805;0.00524119;2.41569e-08;9.22078e-05;5.54329e-08;4.59047e-05;9.77011e-06;0.254529;0.0194399;0.285975
0.000109386;0.436319;2.94917e-07;1.04542e-05;8.84431e-06;0.000103531;5.91773e-05;0.00183384;2.00777e-05;2.57269e-06;0.0055375;0.0117605;0.543525;0.000709569
5.94035e-07;0.00136249;3.03403e-11;5.73822e-08;8.9675e-07;3.98553e-06;8.69896e-08;4.46912e-05;3.15437e-07;1.63407e-08;7.72224e-06;0.000251377;0.998327;3.76803e-07
4.21207e-05;0.00202286;1.9924e-05;7.8005e-06;2.76808e-05;1.31331e-05;6.50357e-08;2.05691e-05;4.37181e-05;1.46737e-06;1.31398e-05;0.997103;0.000660359;2.44997e-05
2.97454e-05;0.000178621;5.57313e-08;4.76532e-07;2.56345e-06;1.17294e-07;6.34049e-07;0.999284;0.00047706;1.12745e-07;6.58893e-06;7.85411e-06;1.19952e-05;4.69405e-08
1.51433e-07;0.999114;3.53359e-09;2.07181e-07;4.02132e-08;1.9196e-08;1.10817e-07;9.9867e-08;9.62338e-10;4.20173e-06;2.33598e-09;5.46122e-08;1.60169e-08;0.000881632
3.8089e-08;7.40633e-07;0.999994;1.39143e-08;5.82603e-08;1.94146e-06;2.50079e-06;1.55965e-07;3.26541e-09;6.76437e-08;9.64928e-08;3.10211e-09;4.68113e-07;2.01872e-08
2.35689e-09;8.50482e-11;1;4.96347e-10;1.3566e-10;2.84442e-10;6.68787e-10;1.03852e-07;1.10442e-09;2.1021e-10;1.50628e-09;4.05315e-09;1.11672e-10;4.91555e-13
8.21268e-08;1.59876e-07;0.999394;1.02785e-08;6.59571e-09;1.26472e-08;5.28019e-10;1.25201e-08;2.69788e-08;1.95316e-09;2.15034e-09;0.000603928;2.15772e-09;1.39552e-06
5.65844e-09;0.000997928;5.97042e-11;3.99855e-10;1.5004e-05;5.55754e-06;2.34382e-08;8.95749e-07;8.06383e-10;6.50879e-08;1.30094e-10;1.0645e-11;3.97878e-08;0.998981
1.82768e-11;8.76788e-12;1;1.89059e-13;4.71298e-10;4.1038e-13;6.29312e-14;1.29165e-09;1.40231e-13;8.82462e-14;4.05379e-14;1.01627e-08;1.95057e-14;2.10425e-14
1.06938e-05;0.000508189;2.05364e-05;1.18877e-05;0.000253604;8.21884e-05;7.30382e-07;0.99653;0.00117227;1.21142e-06;1.6555e-05;2.2523e-05;0.00135796;1.2226e-05
