1.57645e-05;0.987287;0.00987789;0.000280134;6.97175e-06;2.43138e-07;1.43797e-05;0.000197307;1.34771e-06;6.15891e-06;2.76354e-06;0.00209198;0.000189977;2.78094e-05
4.46398e-05;0.921995;2.06499e-08;7.54554e-05;7.46117e-06;4.19339e-06;2.82509e-05;0.00453489;0.00025302;5.08979e-06;8.51321e-05;0.0111042;0.0618349;2.82017e-05
0.000349542;0.202626;2.89258e-05;4.55938e-05;0.051914;1.67957e-05;0.000179066;0.239262;2.18717e-05;0.00015916;1.26065e-05;0.0231658;3.53951e-05;0.482183
6.34585e-05;0.0219161;0.319608;2.49241e-05;0.000449149;1.23684e-05;4.29236e-07;0.000174493;2.23423e-06;1.06932e-06;1.20123e-05;0.651535;0.00130668;0.00489404
2.58123e-06;0.897839;7.29228e-09;5.30752e-07;3.95201e-07;1.67739e-06;0.0680287;0.00271233;3.15449e-05;0.000213689;5.03332e-05;1.68016e-08;1.97144e-05;0.0310997
1.04304e-09;8.59692e-10;0.999999;6.70874e-09;3.62747e-09;3.8412e-08;5.78915e-08;3.0891e-10;4.95511e-09;1.3735e-08;2.14538e-08;4.18067e-07;1.27533e-12;2.10202e-09
2.61338e-06;0.999817;6.61968e-06;6.33309e-08;3.70014e-09;3.11392e-09;1.45534e-07;7.16872e-05;7.69811e-07;1.1621e-08;2.63606e-06;3.83097e-05;5.99488e-05;3.884e-09
3.89462e-07;0.998226;1.32556e-07;3.15793e-07;2.45763e-07;9.74845e-09;0.000328577;3.50234e-06;7.41637e-08;0.000159857;9.00732e-08;2.05604e-06;1.23596e-06;0.00127771
5.3398e-08;1.74025e-08;0.999995;4.56891e-08;1.7743e-08;1.49663e-07;2.13891e-06;1.75876e-07;2.35478e-07;5.19373e-08;1.24261e-06;4.46428e-07;4.12046e-08;1.01599e-09
0.000131156;0.000126795;0.999234;1.50926e-06;7.18882e-06;4.14016e-06;2.7189e-05;0.000138783;5.14949e-05;3.38945e-06;3.32912e-05;0.000145425;9.37819e-05;1.77514e-06
2.47836e-06;0.999966;5.69853e-10;9.63356e-10;4.97497e-08;9.53226e-10;1.65822e-06;1.35974e-05;2.4105e-07;5.20316e-07;2.1183e-10;3.13159e-09;2.88172e-06;1.26636e-05
7.12436e-09;3.55024e-10;1;2.39211e-11;4.70777e-08;4.6283e-12;8.96944e-11;6.69838e-08;3.952e-09;2.10017e-11;1.46382e-11;9.8222e-08;3.48703e-11;1.63184e-12
7.95838e-05;0.0956832;1.48233e-06;1.9377e-06;0.000109068;2.67337e-05;2.31456e-06;0.89921;0.00262887;9.15824e-07;1.78016e-06;0.000634587;0.00144376;0.000176231
1.4463e-05;0.000244869;3.87678e-09;9.24532e-07;0.000124007;1.5209e-05;3.22543e-08;0.986906;7.67696e-05;2.14336e-07;1.09654e-06;0.000165694;0.0124219;2.83247e-05
9.32425e-06;0.000439376;7.20399e-07;3.50148e-06;9.02993e-07;3.97783e-07;4.60589e-09;0.000122911;2.66534e-05;1.69662e-07;8.98731e-06;0.998988;0.000384274;1.51089e-05
1.2366e-05;0.71646;3.20028e-06;1.73296e-05;0.000163709;4.93417e-06;2.73339e-06;0.279114;6.88651e-05;2.79348e-06;1.37984e-05;0.00375858;0.000356215;2.19048e-05
3.74687e-05;0.0066096;7.61746e-08;6.11616e-06;0.000165166;5.25446e-08;5.51518e-06;0.991183;7.83678e-05;6.26605e-06;0.000227087;0.00141734;0.000263385;1.81952e-07
0.00136767;0.0256522;0.861039;0.000677107;0.000971548;1.36333e-05;2.55062e-06;0.000119977;0.000218269;3.49293e-05;0.000218504;0.109067;0.000488811;0.000129195
2.69042e-05;0.983432;2.67345e-10;2.49618e-07;2.05307e-08;1.38602e-09;0.00204374;1.07094e-05;0.014182;1.26042e-05;0.000272458;4.58532e-07;1.39814e-06;1.75275e-05
5.36811e-05;0.032578;0.96092;3.04375e-06;2.45381e-06;6.08795e-06;0.00445025;0.000337352;0.000178863;0.00140411;2.89175e-05;1.09937e-06;3.51029e-05;6.43742e-07
1.39336e-08;7.59493e-08;0.999988;4.63694e-10;2.98082e-08;3.50426e-10;1.02992e-09;1.17895e-05;3.97231e-08;1.92164e-09;3.46849e-09;3.35383e-08;2.71869e-10;1.45122e-12
2.02767e-05;0.000188221;9.95428e-05;3.35555e-07;3.34709e-05;5.91145e-06;7.69727e-08;0.0019086;9.84792e-05;4.46197e-08;1.9369e-05;0.997536;4.90248e-05;4.03655e-05
6.87912e-05;0.661806;2.02872e-07;0.000375036;0.00134815;0.00315584;9.26883e-06;0.130264;0.035433;6.26411e-06;0.00253772;0.000911676;0.16125;0.00283379
0.000682471;0.927526;0.000243586;0.000252224;0.000870853;5.9399e-05;1.07157e-06;0.011218;3.25981e-05;9.24696e-05;5.47895e-05;0.0114453;0.0463303;0.00119101
1.96194e-05;0.00820129;2.95666e-07;2.72057e-05;0.00559266;6.74432e-07;7.196e-06;0.0132997;0.000513076;2.14302e-05;0.000169443;0.971595;2.16908e-05;0.000530861
0.000228123;0.913509;0.0500359;0.00484946;0.000178944;0.00103758;6.27843e-05;3.09963e-05;0.000313049;0.000278647;0.000107407;0.00200339;0.0200446;0.00731972
0.00537147;0.874833;1.44166e-07;3.83757e-05;1.34973e-05;8.24711e-05;0.000275388;0.0033614;0.0526734;1.90978e-05;0.00501437;0.000174921;0.0568621;0.00128052
0.00125902;0.22732;2.58943e-05;2.94752e-05;0.000129068;0.000523791;3.87648e-07;0.00291921;0.000884789;1.1813e-05;7.56083e-05;0.0449449;0.721663;0.000213486
0.000589725;0.879584;0.000406937;6.22259e-05;0.00926069;0.000215188;1.24905e-05;0.0282928;4.41965e-05;0.000167847;2.97954e-05;0.0420877;0.0119288;0.027318
0.000178534;0.0200348;5.67291e-05;0.00555515;0.525468;0.0646662;5.50928e-05;0.0248881;0.00180094;0.00173765;0.00388577;0.0471696;0.00539822;0.299105
0.000120905;0.00650222;3.59622e-05;2.03072e-05;4.45587e-07;2.48167e-06;0.983491;3.30132e-05;0.000313613;0.00770111;0.00139483;3.76516e-08;0.000120699;0.000263688
2.5245e-08;3.0814e-10;0.999999;5.89421e-09;5.63488e-10;1.02689e-10;4.57453e-08;5.50902e-09;1.33431e-07;4.7581e-10;2.71483e-07;9.03136e-08;1.70175e-10;2.00409e-12
5.27179e-05;0.104414;2.3599e-06;5.83602e-06;6.7618e-05;2.33744e-06;5.17482e-08;0.880841;0.0012479;4.69985e-07;0.000106121;0.0100257;0.00298759;0.000245425
2.70466e-06;0.956357;3.01326e-06;9.27116e-08;1.12756e-06;2.76419e-06;0.000190905;4.98178e-05;3.2649e-08;0.000305864;3.10236e-08;8.9743e-07;6.241e-05;0.0430237
2.48259e-09;1.54756e-09;0.999996;5.97362e-10;1.0402e-06;7.69512e-08;7.23642e-09;1.31454e-08;7.00822e-10;8.90598e-10;1.14949e-09;3.17369e-06;5.71021e-12;5.06912e-08
2.42356e-05;0.837698;5.28504e-07;5.76751e-07;0.00045011;9.59329e-06;0.000118896;0.160301;5.7805e-05;3.73979e-06;1.34247e-05;2.51526e-05;0.000931665;0.00036541
0.000374838;0.00648729;0.0346267;0.000448631;0.0625806;0.0324223;4.07325e-07;0.000242215;2.82145e-06;2.74132e-05;1.95056e-05;0.678988;0.0106152;0.173164
1.76143e-06;0.984417;9.52769e-10;5.67016e-08;2.35321e-05;2.07645e-07;1.67995e-07;0.0149842;3.41184e-06;8.00612e-09;1.49476e-06;5.66679e-05;0.000510986;6.54348e-07
5.33516e-05;0.921304;0.0156291;0.000222609;0.00570785;1.74813e-05;1.13583e-07;0.000178979;3.64754e-07;4.44235e-05;1.03551e-06;0.0117972;0.0138864;0.031157
1.0728e-05;0.946749;5.38214e-09;1.00271e-07;8.73306e-05;9.51343e-07;3.00687e-06;0.052784;9.83326e-06;1.27076e-06;1.15779e-06;0.000229394;4.76646e-05;7.53602e-05
5.24235e-05;0.00734717;0.0380234;0.00019538;0.0200395;0.0284836;2.04412e-07;0.00450697;1.77197e-06;9.85831e-06;1.01805e-06;0.879045;0.00199764;0.0202956
0.00134858;0.000936665;9.16779e-09;6.49152e-06;4.96695e-05;4.32558e-06;2.73506e-06;0.92992;0.0274274;1.69918e-07;0.00117142;3.22066e-05;0.039098;2.19409e-06
0.000215791;0.00114218;7.22065e-08;2.0056e-08;3.90307e-06;2.20686e-08;7.40594e-09;0.995649;6.40226e-06;1.24763e-08;2.31847e-07;0.00260906;0.000371144;2.15627e-06
8.65381e-06;0.868009;0.000104492;2.35373e-05;0.000258437;0.000118204;0.000186505;0.126143;5.7566e-05;0.000142856;1.79063e-05;0.000959436;0.000799547;0.00317145
1.53862e-10;5.16297e-10;1;9.20746e-10;1.69383e-10;1.54354e-11;2.18069e-10;2.85694e-08;2.17739e-10;1.12635e-10;2.01499e-09;3.58021e-08;5.29446e-11;7.01493e-13
5.33402e-08;2.89781e-07;0.998938;1.32268e-07;6.92356e-08;2.97588e-08;3.83105e-09;6.44051e-06;1.484e-07;1.40945e-08;2.26894e-07;0.00105306;1.16402e-08;1.85823e-06
0.000230812;0.0461719;5.94696e-06;9.00456e-05;0.00541374;0.127496;3.23642e-05;0.00327844;0.00464839;1.21218e-05;0.000840305;0.000250864;0.0072003;0.804328
0.0011466;0.148573;0.0307421;1.00966e-05;0.0170764;0.000122259;8.53638e-08;0.00493169;7.85926e-07;1.43535e-06;1.77268e-06;0.731422;5.44889e-05;0.0659167
5.61304e-07;0.999664;1.0124e-07;3.15537e-08;2.81998e-06;8.52035e-07;1.16636e-05;7.20308e-06;1.00654e-08;1.90189e-06;5.69347e-09;1.16447e-07;2.26867e-05;0.000287557
1.37059e-10;1.23223e-08;1;8.31607e-11;2.27679e-09;2.79929e-10;4.79803e-09;3.15681e-09;5.99695e-12;3.1025e-09;2.96428e-12;1.06057e-09;2.08904e-13;6.38522e-09
1.29355e-05;0.00729202;5.76287e-05;7.90063e-06;4.23454e-06;3.00132e-05;0.00149362;0.986393;0.000834391;1.96343e-06;0.000369306;3.59378e-05;0.00346634;9.23783e-07
1.56084e-06;0.998061;3.0666e-07;6.29303e-06;4.4042e-06;1.63129e-07;1.55259e-07;0.00146735;5.56393e-08;2.24403e-07;2.01048e-07;1.22611e-05;0.000446117;5.67659e-08
2.48039e-07;0.000476512;0.99889;1.26171e-07;1.27066e-07;1.32083e-09;1.11136e-06;2.77998e-06;1.33517e-09;1.27401e-07;1.18288e-08;0.000622756;3.74671e-06;2.22927e-06
6.28609e-06;0.986771;4.63215e-09;4.55618e-07;9.15245e-05;6.32235e-06;9.11004e-05;0.0110538;3.73433e-06;2.73948e-06;8.55052e-07;5.86341e-05;0.000156172;0.00175713
3.99657e-06;0.0138365;0.00606018;2.6057e-06;0.000582117;1.48132e-05;1.83298e-08;6.73807e-05;2.14565e-08;1.04278e-07;6.51006e-08;0.978423;0.000114581;0.000894577
4.05061e-07;0.977161;1.4709e-11;2.79503e-09;2.00159e-08;3.93033e-08;0.00078565;0.000400421;2.17904e-08;1.22198e-06;1.0987e-08;1.00981e-10;1.17882e-05;0.0216393
1.48536e-11;4.15715e-11;1;1.14456e-11;8.44814e-10;3.29479e-10;7.10162e-11;4.40458e-10;9.80086e-13;1.46231e-11;3.81442e-12;2.35413e-08;3.38557e-13;7.64823e-11
2.41522e-06;0.219952;4.11142e-07;1.02136e-07;1.02733e-06;3.31095e-06;2.05024e-06;0.0163309;2.2901e-06;8.31514e-07;2.4961e-06;9.60412e-07;0.763688;1.34592e-05
4.21473e-10;9.09312e-10;1;8.64684e-10;4.48234e-10;2.08697e-10;5.27825e-10;7.68764e-09;6.08339e-10;6.0547e-11;6.8433e-10;3.62852e-07;5.64787e-10;8.79262e-12
6.74313e-06;0.0190131;0.00026084;0.000393207;3.40436e-05;8.59264e-06;1.59825e-05;0.0152973;0.00344316;1.00319e-05;0.00203496;0.954734;0.000466138;0.00428194
8.7901e-06;9.87072e-05;1.52823e-08;3.846e-07;0.00059003;0.000129898;2.47306e-07;0.998471;3.23816e-06;2.33339e-07;5.89273e-07;1.60681e-09;5.69385e-05;0.00063989
3.63172e-07;0.00103483;5.4894e-07;8.62128e-07;0.000236517;4.4615e-06;5.39603e-10;2.43998e-06;1.17927e-08;5.50281e-09;1.83586e-07;0.995747;0.000483248;0.00248918
2.4366e-05;0.0973038;1.77699e-05;3.69752e-06;0.00467595;1.32691e-05;6.57328e-07;0.895034;3.48535e-06;4.67798e-07;2.1282e-07;0.000198609;0.00178894;0.00093523
3.46468e-06;0.0298373;0.946074;0.000166875;0.00121449;0.000256532;1.93528e-08;0.000272815;1.5024e-08;5.48886e-07;2.77392e-07;0.0196562;0.00184581;0.000671461
4.05285e-05;0.93749;3.12174e-09;0.000108194;4.34757e-05;5.31374e-06;2.79959e-06;0.0122736;0.000156735;1.20432e-06;0.00025766;0.00631346;0.0425668;0.000740297
2.19293e-06;0.00430805;6.44584e-10;1.39356e-07;2.01727e-05;5.57089e-09;8.20185e-08;0.995654;7.78381e-07;9.20727e-08;1.15926e-07;4.76027e-06;8.8235e-06;5.05804e-07
7.30404e-06;0.0169416;0.980559;2.16485e-05;3.64303e-05;4.11431e-05;5.84901e-07;4.93538e-05;3.33208e-08;2.05921e-06;1.71827e-06;0.00131841;0.00100638;1.4425e-05
0.000358173;0.107537;3.66941e-08;4.35393e-07;2.00964e-05;1.79616e-05;3.57185e-06;0.824514;2.93083e-05;1.34682e-07;0.000162261;0.00359697;0.0637571;3.53364e-06
7.50747e-05;0.0250219;4.64209e-06;5.75757e-06;1.5794e-06;5.58122e-07;2.19246e-06;0.00221013;1.51314e-05;4.39046e-07;9.14388e-06;0.216054;0.756593;5.9968e-06
3.10762e-05;0.01779;1.05504e-07;0.000138752;3.82589e-05;2.85095e-05;0.961306;0.000316244;0.00358196;0.0131559;0.000998477;5.59196e-05;9.75498e-05;0.00246116
5.21266e-07;1.84452e-05;0.999138;5.3563e-06;3.98552e-08;2.51636e-05;0.000256381;2.43286e-07;2.26318e-06;2.8888e-06;0.000120825;1.85948e-07;0.000429709;6.85109e-09
5.71179e-05;0.986845;0.00615135;0.000209936;1.5669e-05;1.48547e-05;2.11415e-05;0.00350584;1.4231e-06;7.09231e-06;3.30281e-05;0.000707553;0.00242809;2.04252e-06
5.91378e-07;0.169902;3.81313e-09;4.20989e-05;4.75571e-06;7.68855e-05;1.79149e-06;0.00446461;9.98575e-06;5.86686e-07;0.000229038;0.000445336;0.824816;6.88566e-06
8.11794e-05;0.0934097;0.866741;0.00104053;0.00231874;2.22098e-05;3.57628e-06;0.000139078;1.08605e-07;8.86863e-05;9.15591e-06;0.030512;0.000152741;0.0054815
5.54069e-05;0.0178953;3.17501e-09;0.00214911;4.06968e-05;0.00013701;0.00151032;0.000503026;0.112781;0.000166441;0.802742;2.74206e-05;0.0619566;3.63462e-05
0.0011146;0.972097;0.00274734;0.00745622;8.09891e-05;0.000164676;0.000153748;0.000186718;0.000431374;5.71388e-05;0.00258878;0.00943075;0.00304602;0.000444451
0.000179897;0.117848;1.35322e-07;8.84853e-06;4.73614e-07;1.06739e-05;2.23709e-06;0.000876027;0.0007869;1.01338e-06;0.000664623;0.00121564;0.878405;9.6021e-07
0.000224888;0.893488;0.000233997;6.68705e-05;0.00363379;0.000224357;6.80094e-06;0.0740887;2.49191e-05;0.000130589;3.56007e-05;0.0104164;0.00495081;0.0124745
0.000826771;0.0767579;3.45544e-05;0.0109408;0.395893;0.0477248;0.000256098;0.0475286;0.0114467;0.00314103;0.0309585;0.0875608;0.0174804;0.26945
0.00033888;0.016339;4.26851e-05;4.97791e-05;2.12088e-06;1.09199e-05;0.958392;0.000116663;0.00045804;0.0202255;0.00215849;1.31935e-07;0.00022175;0.00164411
2.06433e-08;3.78034e-10;1;6.78315e-09;1.04809e-09;2.68897e-10;1.92012e-08;9.65752e-09;6.11572e-08;4.87687e-10;1.58439e-07;1.88746e-07;1.10604e-10;4.30665e-12
2.97324e-05;0.150263;8.09089e-07;6.69985e-06;3.96556e-05;1.47176e-06;5.57626e-08;0.829935;0.000450485;3.73729e-07;0.000118994;0.0117081;0.00730576;0.000139506
3.71852e-06;0.919924;5.83771e-06;1.95798e-07;1.19438e-06;2.53708e-06;0.000437093;7.61321e-05;4.19913e-08;0.000508246;8.38381e-08;1.02712e-06;5.19841e-05;0.0789874
2.26268e-09;9.00517e-10;0.999998;7.00929e-10;5.00218e-07;5.25644e-08;7.55469e-09;8.14363e-09;6.28571e-10;8.79659e-10;1.92705e-09;1.74235e-06;3.29399e-12;4.75256e-08
2.72995e-05;0.914724;5.53761e-07;6.05411e-07;0.000353927;7.72261e-06;0.000128489;0.083499;5.87613e-05;4.43906e-06;1.97754e-05;3.72535e-05;0.000703561;0.000434553
0.000302224;0.00488227;0.0163614;0.000312771;0.0410488;0.0208254;4.08305e-07;0.000127829;2.96875e-06;2.06781e-05;2.37585e-05;0.784846;0.00567649;0.125569
3.1024e-06;0.988163;1.00763e-09;6.44224e-08;2.16443e-05;1.99162e-07;3.21794e-07;0.0110832;9.21175e-06;9.35297e-09;3.56571e-06;5.66689e-05;0.000658042;6.345e-07
7.66127e-05;0.911149;0.0250201;0.000240669;0.00659205;1.69404e-05;1.81946e-07;0.000211111;7.79017e-07;5.30302e-05;1.74209e-06;0.015443;0.00955238;0.0316421
1.26444e-05;0.941002;5.26787e-09;1.33867e-07;0.000115032;1.34492e-06;3.61841e-06;0.0585344;1.73536e-05;1.64721e-06;1.89733e-06;0.000152678;7.01956e-05;8.67342e-05
6.38824e-05;0.00692902;0.0465902;0.000212895;0.0177711;0.0266993;2.31218e-07;0.00489113;2.49891e-06;1.1076e-05;1.36897e-06;0.879858;0.00204218;0.0149276
0.00138075;0.00089509;9.71102e-09;6.26037e-06;5.20531e-05;4.65349e-06;2.51277e-06;0.930131;0.0295464;1.73287e-07;0.00118947;4.55535e-05;0.0367434;2.03467e-06
0.000219048;0.00124499;7.49876e-08;1.93541e-08;3.62248e-06;2.09903e-08;7.95562e-09;0.995201;6.09804e-06;1.27501e-08;2.18014e-07;0.00296036;0.00036223;2.27756e-06
9.98891e-06;0.850447;0.000123282;2.7384e-05;0.000282382;0.000135813;0.000313228;0.143408;8.06383e-05;0.000187052;2.36104e-05;0.000930682;0.00116387;0.00286686
1.94782e-10;7.8602e-10;1;1.32222e-09;1.87149e-10;2.52132e-11;4.43977e-10;2.46277e-08;3.01851e-10;1.74388e-10;3.08503e-09;5.66123e-08;7.44255e-11;1.18164e-12
8.93966e-08;6.31483e-07;0.998756;1.84825e-07;9.36055e-08;3.0522e-08;6.73532e-09;1.31727e-05;1.64396e-07;2.3927e-08;2.71469e-07;0.00122574;1.96257e-08;4.07615e-06
0.000136444;0.0338543;2.25074e-06;5.37226e-05;0.00333104;0.0484489;2.8118e-05;0.00162215;0.00250889;9.55401e-06;0.000410883;0.000130448;0.00298671;0.906476
0.00118783;0.149611;0.0281908;8.81532e-06;0.0142532;0.000130032;1.11137e-07;0.0042619;5.94862e-07;1.90416e-06;1.15664e-06;0.713528;4.20089e-05;0.088782
1.01257e-06;0.999333;2.62302e-07;4.3628e-08;4.41869e-06;1.60298e-06;5.47639e-05;1.27864e-05;1.34285e-08;6.11103e-06;7.75761e-09;9.07756e-08;8.03241e-05;0.000505642
1.78922e-11;2.28507e-09;1;2.55757e-11;3.6975e-10;1.62103e-10;1.69167e-09;5.78674e-10;1.53631e-12;1.09635e-09;8.27242e-13;1.53977e-10;5.92245e-14;2.23215e-09
1.77227e-05;0.013289;0.000553688;2.43623e-05;2.00391e-05;6.5138e-05;0.00600693;0.964853;0.00329039;4.46041e-06;0.00156787;1.6564e-05;0.0102903;5.54825e-07
7.37151e-06;0.991447;2.29364e-05;2.71419e-05;5.67832e-06;7.18299e-06;1.93924e-06;0.00691233;1.12496e-07;1.46837e-06;2.18642e-07;3.73328e-05;0.00152794;1.63642e-06
4.46362e-07;0.00198742;1.45386e-07;1.20166e-07;6.01762e-08;1.00214e-07;5.52504e-08;0.000137811;2.70231e-08;2.11362e-08;1.9059e-07;0.000587204;0.997286;5.6833e-08
8.41081e-06;0.18529;4.97583e-08;0.000173045;7.7156e-05;4.18461e-05;0.786129;3.18163e-05;0.000148587;0.0258016;0.00027298;0.000706945;2.12158e-05;0.0012974
6.06153e-06;0.00111377;0.993939;5.68531e-05;1.85792e-06;2.24189e-05;0.0040381;5.39298e-05;1.59236e-05;1.54118e-05;0.0002303;7.30191e-07;0.000505682;8.99672e-08
7.09544e-06;0.990109;0.000118245;5.43446e-05;4.24403e-06;1.91606e-07;3.36403e-07;9.82492e-05;3.63541e-07;1.11884e-07;4.64424e-06;0.00877435;0.00082912;1.87327e-07
1.14149e-05;0.987859;4.0698e-09;9.42089e-06;1.51958e-05;7.26468e-06;9.25071e-08;0.00323403;2.68159e-05;7.89538e-07;1.43813e-05;0.00315677;0.00542944;0.000235315
2.25743e-06;0.00344289;1.69669e-05;4.13414e-06;2.10759e-05;1.19306e-07;2.93778e-09;1.51459e-06;1.99054e-07;1.59884e-07;4.37988e-06;0.99583;4.46048e-06;0.00067197
1.9391e-05;0.013521;4.67113e-06;8.99402e-07;3.3435e-05;1.4105e-08;1.01325e-07;0.984372;1.95769e-05;9.62567e-08;0.000249076;0.00163781;0.000134843;7.26029e-06
3.62243e-09;0.977015;2.85031e-10;7.47917e-08;2.86968e-08;2.78582e-09;4.86076e-07;1.17346e-06;1.4835e-09;1.77169e-06;1.24533e-08;1.04984e-08;2.34788e-07;0.022981
7.59818e-05;0.00579183;1.35559e-06;0.000105335;5.74354e-08;9.05901e-07;0.259429;6.10555e-05;0.0941447;9.31211e-06;0.633125;6.72456e-06;0.00724582;3.44467e-06
3.09753e-05;0.00546387;1.61093e-08;2.66299e-05;1.64655e-06;5.06352e-08;4.57131e-06;0.994064;0.000282953;1.88104e-07;0.000109257;1.36116e-07;1.57753e-05;1.50262e-07
4.16257e-06;7.82578e-05;7.08845e-07;7.463e-05;5.3179e-06;2.4831e-07;1.98102e-09;7.84879e-05;2.59896e-05;4.92779e-08;8.52264e-06;0.999509;9.30306e-07;0.000213923
0.00151133;0.00202418;1.16785e-06;7.38099e-06;5.19274e-05;1.21071e-05;1.89703e-07;0.000447668;0.000690578;7.17412e-08;3.83908e-05;0.000196499;0.994285;0.000733407
0.000117569;0.023379;4.72113e-07;3.5502e-06;0.0136168;7.98213e-07;1.17619e-07;0.00506272;4.6075e-06;4.67806e-07;4.59446e-08;0.00579295;8.34104e-05;0.951937
5.98123e-08;1.0045e-05;5.52195e-09;2.30505e-09;4.35908e-05;2.14817e-08;1.68744e-10;0.999944;6.73476e-08;7.7636e-09;3.78341e-11;4.09702e-08;2.29619e-06;1.11461e-07
1.21029e-08;9.75743e-07;0.999991;6.49728e-08;2.73454e-06;2.97569e-06;9.8234e-13;3.65232e-08;4.35703e-11;1.42406e-09;1.6154e-10;1.06837e-07;7.16152e-09;1.66426e-06
6.14592e-06;0.980281;7.98589e-06;1.52287e-05;8.13689e-06;2.17827e-05;7.80459e-05;0.0142886;0.000132817;5.38324e-07;0.000945047;9.43263e-05;0.00383553;0.000284422
