7.28452e-07;0.987658;1.2481e-09;3.86475e-07;5.79686e-06;3.51786e-06;2.482e-07;0.000625698;1.59044e-06;4.79596e-08;8.75932e-07;3.63632e-05;0.0116448;2.15768e-05
1.29529e-05;0.000590674;8.93706e-05;2.2799e-06;2.36354e-06;9.36885e-06;1.32468e-06;0.000139879;6.46456e-06;3.15759e-07;8.92603e-06;0.998971;0.000137598;2.74688e-05
3.50784e-05;0.123807;1.34e-06;0.000264042;0.000283317;0.0110068;2.07634e-05;0.00461347;0.005154;6.40719e-06;0.00161388;0.0814702;0.770145;0.0015784
1.0469e-06;0.996724;1.92166e-07;3.10378e-07;1.71043e-08;6.59024e-07;3.59399e-07;3.11633e-06;4.46883e-08;5.90028e-08;1.11843e-07;0.00093135;0.00233788;7.14802e-07
1.14685e-05;0.0121729;0.000312729;2.62153e-06;1.52253e-05;5.71002e-07;1.86606e-07;0.0328472;3.80599e-06;3.69632e-08;3.76484e-06;0.954492;0.000132872;4.24233e-06
2.34658e-05;0.872253;2.74698e-06;0.00297303;0.0137545;0.00215235;3.18661e-07;0.0175807;0.00016308;9.69541e-06;5.70623e-05;0.0023027;0.0197993;0.068928
0.000347336;0.0249637;1.22531e-05;0.000168829;8.99088e-06;0.000121701;6.69679e-05;0.000992268;0.00323305;1.91636e-05;0.00518789;0.109952;0.854589;0.000337048
8.90425e-06;0.00445317;1.08286e-09;3.37403e-07;4.91061e-05;6.18731e-07;6.74617e-09;0.994842;6.18857e-06;5.76864e-08;1.37685e-05;0.000162343;0.000442091;2.10404e-05
1.53289e-05;0.99044;4.01592e-08;1.50509e-07;2.70849e-06;2.65319e-07;0.00276407;3.63687e-05;9.59231e-08;0.00140725;1.03984e-07;4.85486e-07;1.21688e-05;0.00532107
3.57286e-08;4.91315e-09;0.999994;9.80707e-09;1.21521e-07;3.93614e-09;3.14071e-07;4.02145e-08;1.06126e-07;5.53529e-08;1.58696e-07;5.59097e-06;2.44113e-12;2.26504e-09
9.32788e-07;0.998833;1.00967e-08;9.12233e-07;3.1682e-07;3.01564e-08;2.16319e-07;1.76564e-06;2.20894e-06;1.76439e-07;8.30621e-07;1.26335e-07;0.00115923;1.32518e-07
1.27846e-05;0.00352226;2.45379e-06;1.761e-05;2.25626e-05;0.000168003;5.00471e-07;6.26565e-05;0.000113115;3.8945e-07;6.57402e-05;0.010164;0.985802;4.61479e-05
4.15339e-05;0.00867405;0.976498;2.34149e-05;0.00772099;0.000364098;4.74594e-08;0.000572575;3.41051e-08;1.52395e-06;1.38921e-07;7.57676e-05;0.000499151;0.00552866
1.3836e-08;1.5579e-06;5.41626e-10;4.99753e-09;4.81794e-09;7.57234e-06;8.63023e-09;1.67043e-08;1.04587e-08;5.16776e-09;1.89732e-08;1.92741e-08;0.999991;4.03245e-08
2.46371e-06;0.0003592;0.999173;6.44031e-06;2.37369e-06;2.09933e-06;2.14162e-08;2.81397e-06;1.15311e-08;1.51731e-07;3.29888e-08;0.000296501;5.64018e-06;0.000149179
6.03366e-07;0.995072;2.96449e-09;6.40839e-06;6.77988e-06;8.61099e-07;8.09597e-06;0.00272209;1.92342e-05;3.2182e-07;3.22187e-05;3.54667e-06;0.00205215;7.63191e-05
1.10282e-05;0.997788;3.15591e-05;3.65201e-05;1.45606e-06;1.43176e-07;2.58855e-08;0.000640503;9.10332e-08;4.35662e-07;1.13037e-06;0.00108114;0.000389265;1.8569e-05
1.12622e-06;0.997741;2.58409e-09;1.35505e-07;3.41327e-08;1.59921e-08;0.00122939;6.53515e-06;1.37954e-07;0.000199942;7.95452e-07;2.35922e-06;1.81611e-05;0.00080094
1.8432e-09;1.11454e-08;0.999999;1.29808e-09;4.60466e-09;1.66538e-09;2.34952e-07;2.25919e-09;5.34156e-09;1.33402e-08;1.50705e-07;5.15792e-07;5.89489e-12;7.47274e-11
6.41327e-06;0.970147;2.75872e-06;2.55434e-07;7.69105e-07;7.77446e-08;1.21812e-05;4.80183e-05;2.16623e-06;6.38851e-08;7.67694e-06;6.00254e-05;0.0297127;4.00241e-07
6.72158e-07;0.105861;1.81246e-06;4.04594e-07;2.72385e-05;8.76781e-07;3.68497e-08;0.000874614;7.84969e-07;3.1015e-08;7.21912e-07;0.872865;3.10823e-05;0.0203362
1.42283e-05;0.930221;2.89646e-07;8.57999e-06;2.90127e-06;2.86577e-05;5.00409e-06;0.0200466;2.12239e-05;6.03e-07;6.09839e-05;0.0127531;0.0366569;0.000179259
1.66107e-06;0.975403;4.17187e-05;6.48991e-07;9.12115e-09;3.51176e-08;5.72285e-08;0.00190015;1.21725e-07;1.27512e-08;4.37576e-07;0.0217358;0.000915268;6.70934e-07
9.89534e-08;0.986561;1.13142e-09;4.89484e-06;0.00234722;2.68571e-06;9.39666e-09;0.00737648;2.79782e-08;7.21781e-07;1.13929e-08;0.000100048;8.63946e-06;0.00359851
2.907e-06;0.056321;0.0227555;0.000178825;5.18601e-05;0.00497077;5.01584e-08;9.45269e-06;1.77107e-08;2.45281e-06;1.78861e-06;0.912139;0.00056055;0.00300624
5.41825e-05;0.000841776;1.32384e-08;3.68962e-07;1.07008e-06;2.06797e-06;7.75335e-07;0.73049;5.81433e-06;1.44289e-08;0.000827863;0.000158722;0.267618;2.17968e-07
1.13662e-05;0.00146656;2.38761e-06;2.86621e-06;2.1641e-06;3.33692e-06;2.977e-08;0.000287899;5.443e-06;4.14364e-07;3.08235e-05;0.994969;0.0031841;3.33014e-05
3.74651e-06;0.00797103;5.16269e-07;6.78555e-06;0.000321477;2.94194e-05;1.55305e-07;0.989384;1.89945e-05;2.94282e-07;2.25697e-05;0.000777385;0.00146327;8.58792e-07
0.000445644;0.410091;4.76386e-06;0.000345819;0.00136985;0.000145623;9.8447e-06;0.271491;0.000553486;4.49007e-05;0.010437;0.0768739;0.227988;0.000199313
0.000407526;0.962798;4.02507e-09;1.26247e-05;7.2812e-05;4.84217e-06;0.0174864;0.000551613;8.52659e-05;0.00282711;0.000161016;3.52951e-06;1.13376e-05;0.0155778
5.52818e-08;1.30362e-09;1;7.56297e-10;6.36041e-09;9.87708e-12;1.28333e-08;2.42191e-08;1.15072e-08;1.22324e-09;1.3732e-08;1.79396e-07;4.26921e-11;1.96303e-12
0.000154116;0.0309226;3.7779e-07;0.00019634;4.63597e-05;7.41776e-06;0.00205149;0.0329141;0.893231;2.00339e-05;0.0376613;0.00110731;0.00161214;7.50512e-05
0.00224167;0.916153;6.56963e-06;0.000159141;7.05764e-05;8.03871e-06;0.00565425;0.0203766;0.0244708;0.000182571;0.00309219;0.000810729;0.0231952;0.00357827
0.00117336;0.175365;1.47559e-05;4.44466e-05;0.016627;0.000187921;6.54201e-05;0.10287;0.00343898;8.17365e-06;0.00014648;0.458568;0.235363;0.00612786
0.00023116;0.558345;5.10243e-06;0.00010063;0.0980936;0.000148868;7.64648e-06;0.0392176;5.30226e-06;4.88245e-05;3.60609e-05;0.0396363;0.227926;0.0361977
0.000766559;0.609122;2.18398e-05;0.00126912;0.0194883;0.000774264;1.77392e-05;0.0411854;0.00303826;5.27319e-05;0.00130046;0.147963;0.173083;0.00191658
0.00480802;0.380467;9.07677e-06;0.000170809;0.0508151;0.025626;0.00609164;0.318068;0.0108676;0.00257028;0.000387125;4.69443e-05;0.191562;0.00851098
2.24469e-08;1.15578e-09;1;7.24203e-10;1.46515e-10;2.72379e-11;6.30859e-09;2.38853e-09;7.10709e-09;1.86119e-10;1.35657e-09;5.35626e-08;4.48426e-10;1.30089e-12
3.97081e-05;0.00105968;0.000130721;5.23761e-06;2.17426e-05;1.24575e-06;1.59004e-07;0.0012776;0.000596772;3.06015e-07;6.24988e-06;0.996682;8.74823e-05;9.09469e-05
1.93067e-06;0.0103815;3.26443e-07;8.18162e-08;7.87728e-05;0.000110077;2.69482e-09;0.00343964;5.43159e-07;3.27385e-08;8.48978e-09;1.03791e-05;0.985939;3.797e-05
8.633e-07;0.00194713;3.86404e-08;5.68636e-07;0.000854683;5.86467e-06;1.91541e-08;5.42223e-05;3.82896e-07;6.25787e-07;2.721e-08;0.996716;0.000317593;0.000101573
6.19282e-07;1.54047e-05;0.999918;7.93525e-09;1.57575e-06;6.8237e-08;3.33713e-09;6.44882e-05;2.34823e-08;5.30802e-10;4.07763e-11;1.05735e-07;1.96197e-07;2.95216e-08
7.52946e-07;0.0538768;1.25527e-07;2.26114e-06;1.66883e-05;1.99231e-05;1.76161e-07;0.938462;3.33287e-05;5.12698e-08;2.35595e-07;2.50365e-05;0.00752895;3.32127e-05
1.97527e-05;0.57054;7.46081e-07;7.16512e-07;1.37056e-05;9.64792e-06;4.58508e-08;0.284161;3.05334e-08;9.89693e-07;5.24708e-08;3.80861e-05;0.145177;3.91493e-05
3.10951e-08;0.000230459;7.12725e-06;4.62873e-07;6.28218e-05;1.15574e-08;9.50743e-08;0.000109711;1.90818e-08;1.47232e-07;1.22031e-07;0.999581;2.99504e-08;7.83738e-06
5.33858e-07;0.884724;0.03974;2.09317e-05;0.00050393;3.02891e-06;4.10306e-07;3.88389e-06;9.74838e-10;1.76154e-06;1.01844e-07;0.000548308;0.0743848;6.85654e-05
1.07094e-06;0.988702;2.78251e-09;1.23748e-08;1.32431e-07;2.23391e-09;0.00180419;2.17311e-05;3.02858e-07;1.10975e-05;4.96723e-08;2.46478e-06;3.94951e-06;0.00945264
7.41272e-10;1.74676e-10;0.999999;4.74352e-10;4.43706e-09;2.69399e-10;6.0481e-09;4.29189e-08;7.39728e-09;4.5739e-11;7.8514e-10;6.09431e-07;4.76544e-14;3.05067e-12
0.00213641;0.0481034;2.27191e-07;0.000942536;0.000592521;0.000261766;0.000308072;0.264982;0.459247;0.000186282;0.0188465;0.000966944;0.203018;0.000408279
0.0439856;0.806553;0.0165024;0.000970175;5.95317e-05;1.69108e-05;4.75766e-05;0.00715524;0.000561146;1.44686e-05;0.000347609;0.0882753;0.0353947;0.000116198
1.06216e-07;5.45182e-05;2.94729e-11;9.95737e-11;3.84424e-08;4.96941e-12;9.23064e-11;0.999936;1.11128e-08;8.9727e-11;8.84216e-10;4.17957e-08;8.81946e-06;4.96307e-11
2.81655e-07;0.00534201;0.99438;5.45033e-06;2.48726e-05;1.06263e-06;9.9931e-09;1.66172e-06;1.53778e-08;1.7441e-06;1.03547e-07;0.000201498;1.12131e-05;3.00969e-05
0.000205963;0.00189345;1.12119e-05;4.08193e-05;8.79137e-06;2.5215e-05;0.00415574;0.00294985;0.955408;6.24059e-05;0.0334868;0.000934498;0.000784539;3.28221e-05
