1.00129e-05;0.999435;0.000115878;2.24701e-05;5.2641e-07;1.08855e-07;1.11603e-06;4.73032e-05;1.72765e-07;4.60109e-07;2.95955e-07;0.000338073;1.96208e-05;8.62085e-06
2.85197e-05;0.715385;4.3467e-07;2.48554e-05;5.37758e-05;5.80531e-06;6.67414e-05;0.283293;4.16591e-05;2.76501e-05;2.176e-05;3.02679e-06;0.000257154;0.000790805
2.94139e-08;9.31967e-09;0.999985;1.12963e-08;1.31943e-07;8.73981e-10;7.47878e-09;1.18551e-07;2.30979e-09;7.10799e-10;1.00255e-08;1.45645e-05;3.27819e-11;5.19551e-10
5.59038e-05;0.739916;6.4483e-08;1.31805e-05;0.000139848;5.23854e-06;4.41352e-07;0.000161858;1.02358e-05;3.19358e-07;1.28718e-05;0.000409257;0.251572;0.00770267
7.30294e-06;0.131253;5.37042e-06;3.16979e-08;2.9758e-05;1.02029e-06;2.59582e-07;0.853983;2.37854e-07;7.19749e-08;3.00397e-07;0.0031902;0.00255391;0.00897538
1.96186e-06;0.000448965;8.39708e-07;7.71694e-06;0.00254503;0.753366;2.52808e-06;0.000190504;5.89326e-05;1.22651e-05;2.09226e-05;9.74206e-05;0.236659;0.0065871
8.47156e-05;0.00232683;0.948146;6.02793e-06;4.43793e-06;0.000184459;0.00018472;1.72824e-06;2.1152e-07;2.94771e-05;5.51088e-07;0.004888;0.0429782;0.00116465
4.05241e-08;3.85713e-08;0.999998;2.23575e-09;2.10534e-08;3.06015e-08;1.45965e-06;1.16379e-07;3.14815e-08;2.21597e-08;2.07059e-08;2.10592e-09;1.14916e-10;1.18393e-08
1.07936e-07;3.14444e-08;0.999683;3.84712e-09;1.70678e-08;1.2146e-09;2.16477e-09;0.000315066;5.38337e-07;1.90828e-10;2.72531e-08;1.10972e-06;2.30111e-07;5.13149e-11
8.21273e-09;2.02085e-06;0.000178417;1.25097e-08;2.65693e-08;6.51397e-10;8.01785e-08;6.72685e-07;2.70763e-08;1.58906e-08;5.3594e-09;5.38264e-05;5.0122e-08;0.999765
2.16996e-08;1.30884e-06;6.38709e-11;5.68706e-09;0.000290025;1.1384e-06;4.222e-08;0.999705;1.34038e-06;1.85682e-09;1.6958e-08;8.81383e-10;8.43485e-07;3.53954e-07
2.77283e-09;4.59924e-07;0.999816;3.93379e-08;1.8968e-06;1.23664e-07;1.89382e-11;8.62307e-10;2.48218e-12;5.62173e-10;1.9348e-10;0.000177533;3.24141e-08;3.84037e-06
2.84878e-08;0.999793;1.6637e-10;1.63193e-08;6.73558e-08;3.3152e-09;1.28133e-07;0.000112251;2.30648e-07;2.12038e-10;7.64693e-07;1.11843e-06;9.23192e-05;1.4066e-08
2.15234e-08;0.995427;1.51335e-06;1.68592e-07;7.80171e-07;5.72646e-08;1.38102e-10;2.1696e-06;7.2562e-12;2.95069e-08;2.92507e-11;2.65426e-07;0.00425907;0.000309025
2.30976e-08;0.00271526;1.2001e-05;8.53726e-09;2.9418e-06;3.63217e-07;6.05337e-10;0.00024499;1.83027e-09;2.04134e-09;1.9055e-10;0.996874;9.95337e-06;0.000140196
4.99139e-07;0.00650778;4.45771e-08;5.08441e-07;7.07565e-07;7.64851e-05;6.09569e-06;3.30177e-05;3.50002e-06;1.06488e-06;1.0789e-06;9.65021e-08;0.993367;2.40655e-06
3.13144e-06;1.17049e-05;0.998819;6.09447e-07;6.10777e-07;1.68016e-07;1.17878e-08;2.24695e-07;2.73278e-08;2.14996e-08;6.28834e-09;0.00115728;3.22256e-06;4.15499e-06
1.17192e-05;0.993002;3.93044e-07;1.75269e-05;8.09832e-06;1.33549e-05;3.31825e-05;0.000484214;0.000195815;2.85274e-07;2.8363e-05;4.63313e-05;0.00576005;0.000398527
4.38681e-06;0.0485237;3.28004e-08;1.77017e-08;2.97634e-07;1.21413e-08;1.09116e-09;0.949284;7.60329e-08;2.27354e-08;7.2046e-09;3.15664e-06;0.00218355;5.9527e-07
2.48227e-08;0.000368807;9.24697e-05;3.21945e-07;1.54324e-06;2.64286e-07;8.44497e-09;1.72981e-05;1.8583e-08;1.26238e-07;2.81825e-08;0.999417;9.51339e-05;7.22631e-06
2.68652e-06;0.00170616;5.70595e-07;1.86254e-05;0.000162731;0.00124754;2.43347e-05;0.000441826;4.36771e-05;5.6232e-05;0.000111419;9.57306e-08;0.996143;4.08172e-05
0.000125434;0.000439941;0.999063;9.70508e-07;5.64921e-05;7.29037e-08;1.7131e-07;2.954e-05;1.54768e-07;8.08685e-07;1.41537e-08;0.00025506;9.02456e-08;2.80497e-05
2.43298e-06;0.00492657;1.04126e-08;6.3589e-07;0.00017767;3.89364e-06;9.39504e-05;0.994152;0.000276208;4.14399e-06;2.14163e-07;1.36962e-09;0.000268441;9.3519e-05
2.06174e-08;2.24919e-08;1;1.39328e-09;5.83266e-09;3.48123e-10;1.14049e-09;2.02257e-07;2.9299e-08;4.82117e-10;3.63197e-09;8.77668e-09;5.77368e-09;2.34053e-12
4.58464e-07;1.83361e-06;0.998506;1.38804e-07;1.763e-06;1.76171e-08;2.72967e-09;0.000983545;9.81791e-07;1.51738e-08;9.77768e-09;0.000503939;8.09958e-09;1.42095e-06
6.26413e-07;0.00023219;1.71367e-05;6.53862e-08;1.33553e-05;6.24896e-05;8.31345e-10;3.72492e-05;1.0506e-08;6.01916e-08;1.12877e-08;0.000893192;3.36493e-07;0.998743
7.44039e-05;0.000133485;3.83589e-09;3.4809e-07;4.10698e-06;3.48118e-06;2.98983e-07;0.997424;7.34698e-06;1.72671e-08;3.06113e-06;1.68473e-06;0.00234726;3.86847e-07
5.24579e-05;0.275483;7.06911e-09;5.25354e-05;5.05273e-05;5.17735e-08;6.81647e-07;0.723488;2.97277e-05;5.12934e-06;7.33825e-07;6.24456e-06;0.000555927;0.000275249
3.65406e-05;0.242405;0.380151;0.000926795;0.000637334;1.36741e-05;1.72458e-06;5.38226e-05;2.41008e-07;6.68352e-05;3.58297e-05;0.00703465;0.364566;0.00407092
2.23919e-06;0.83372;7.78227e-08;1.23957e-08;5.6201e-05;2.68538e-07;2.08401e-07;0.15901;1.67635e-08;4.44867e-08;4.5675e-07;0.000153612;0.0067487;0.000308241
1.83605e-06;6.03489e-05;3.87018e-08;4.34014e-06;0.00526316;0.0110812;7.51105e-08;7.49616e-05;1.38624e-05;1.99732e-05;3.38997e-06;0.000112666;0.981367;0.00199677
0.000115692;0.000688681;0.999007;1.81539e-06;2.40007e-06;1.24529e-05;2.19314e-05;1.22761e-06;1.07116e-06;3.69427e-05;2.65235e-08;8.13585e-07;9.55528e-05;1.41466e-05
4.7473e-07;2.39453e-07;0.999731;2.53398e-09;1.81459e-07;1.22446e-09;4.78967e-05;0.000209564;8.4086e-06;1.9051e-06;1.45742e-07;1.43654e-08;1.50086e-09;2.47012e-10
4.80699e-09;2.43503e-10;0.999999;5.97728e-11;3.43353e-10;1.21292e-11;5.37548e-10;3.03432e-07;4.41097e-07;8.34581e-11;1.77822e-09;6.76918e-08;1.34399e-10;2.96061e-13
7.3114e-08;1.20488e-07;0.999603;1.26644e-08;8.6718e-08;3.0935e-09;1.57284e-09;1.27918e-05;1.23768e-07;2.68226e-09;4.71656e-09;0.000382077;1.1201e-09;1.54978e-06
2.60142e-07;3.73197e-05;0.000159192;5.50628e-07;5.09093e-05;0.000317696;2.41157e-09;9.81588e-06;7.47032e-08;9.70997e-08;5.37305e-08;0.000219869;1.37326e-08;0.999204
0.000509966;0.422574;3.84176e-06;6.86548e-06;7.43039e-05;7.69439e-05;2.3615e-07;0.35336;1.78139e-06;2.10248e-07;1.14795e-06;0.0835887;0.139794;6.85764e-06
1.79088e-06;0.799416;2.03406e-06;6.01303e-08;2.21306e-07;2.51979e-08;4.81657e-09;0.0708277;5.66579e-09;5.15953e-09;4.2591e-09;0.0015301;0.128222;1.46828e-07
1.97316e-06;0.00541001;8.17049e-05;0.000870433;0.000608246;0.067619;1.9723e-05;0.000379566;2.09434e-06;0.00166471;3.46319e-05;0.174423;0.703441;0.0454439
4.2024e-05;0.0192893;0.0731238;0.0175571;2.69739e-05;0.000776642;0.760872;5.6272e-06;8.57251e-06;0.124675;0.00092719;0.000122448;0.000107059;0.00246713
2.45027e-09;7.92588e-11;0.999998;1.79892e-08;3.72874e-10;1.39205e-10;9.38889e-07;7.03155e-10;8.82085e-09;1.55093e-09;1.48687e-06;1.31346e-08;1.01273e-12;1.24733e-11
0.00129261;0.173227;1.57578e-07;0.00109155;0.00452072;3.5944e-05;0.000453453;0.619532;0.101277;3.73165e-05;0.0884939;0.00118442;0.00854079;0.000313636
1.28359e-05;0.986703;1.58053e-07;3.60546e-07;1.77779e-06;6.19908e-09;1.01097e-05;0.0131721;2.55244e-06;1.32616e-06;1.87858e-06;2.49924e-05;6.73173e-05;1.1964e-06
9.02928e-05;0.000709421;0.00719085;0.000172152;0.00261156;2.06223e-05;2.41554e-07;0.00017549;4.64018e-06;5.66988e-06;2.55917e-05;0.988747;3.33425e-05;0.000213252
0.0011586;0.26494;1.3367e-06;0.000118228;3.81825e-05;8.33052e-06;0.000674933;0.656982;0.0576295;1.13848e-05;0.0131306;0.00140134;0.00389656;8.26092e-06
0.00167738;0.263448;7.07872e-06;0.000158608;8.21781e-05;1.09897e-06;9.93758e-05;0.520028;0.00920332;3.04011e-06;0.00489973;0.179396;0.0209952;8.59012e-07
8.71646e-05;0.289595;5.24821e-07;0.00211964;0.0057875;2.34002e-05;4.76845e-08;0.0236831;0.000419488;3.62384e-05;4.24811e-05;0.66441;0.000101414;0.0136941
0.0104189;0.0165128;3.33197e-07;0.000304896;6.22308e-05;0.000123724;0.000307018;0.0233443;0.802724;4.49951e-05;0.129125;0.00707775;0.00881589;0.00113846
8.35322e-05;0.990379;5.31288e-09;9.80427e-06;3.34684e-05;4.02958e-06;8.56465e-05;0.00125529;2.36313e-05;5.31779e-05;0.000114638;0.00048018;0.00736755;0.000110358
0.00391548;0.966586;0.000211675;0.000614222;0.0123749;0.000108965;0.00014447;0.00061617;0.00273962;8.41372e-06;5.97733e-05;0.000809065;0.000278217;0.011533
0.00132432;0.0410216;1.62566e-09;0.00178992;0.000246881;0.000190005;5.41175e-05;0.847366;0.0799886;5.25992e-05;0.00290852;0.00539098;0.0169362;0.00272995
8.01826e-05;0.992748;3.07265e-07;1.92592e-05;1.19548e-05;1.96471e-07;5.39977e-06;0.00597058;1.02697e-05;2.28312e-06;9.96773e-05;0.000823283;0.000223488;4.55815e-06
6.35559e-05;0.914649;6.95601e-08;1.10451e-05;0.00402892;7.08667e-05;6.88393e-06;0.0773125;9.00223e-06;1.71664e-05;3.24842e-07;4.26194e-06;0.000719786;0.00310624
1.52163e-05;0.000949604;0.0558374;0.000461013;0.0254495;0.0016028;9.39222e-08;4.4594e-05;4.70952e-07;7.02703e-06;5.79334e-06;0.708148;1.4584e-05;0.207464
1.52819e-06;0.544301;9.27088e-09;7.29131e-06;2.34486e-07;2.02296e-05;0.449988;0.000381302;2.48041e-05;6.07675e-05;0.0022129;1.00326e-08;0.00124944;0.00175247
3.22515e-10;9.05523e-10;1;2.60471e-09;1.69889e-10;5.36618e-10;7.90688e-09;1.54757e-09;9.0455e-10;1.27944e-10;7.25895e-08;9.11118e-09;4.44206e-11;1.78757e-12
2.35208e-05;0.0788156;0.000114337;9.91087e-06;5.60819e-05;7.16281e-05;2.5595e-07;0.895245;0.000498125;1.25903e-06;0.000209242;0.0217538;0.00297205;0.000228654
1.07363e-06;0.00229726;1.33047e-08;1.92799e-07;3.63514e-06;5.04581e-05;2.69101e-07;0.000484085;2.99765e-06;2.74992e-08;1.65182e-05;7.62803e-07;0.997141;1.30335e-06
0.000159855;0.00440425;1.88923e-07;0.000565414;0.873287;0.0235173;4.00895e-08;0.013247;6.64581e-05;5.26283e-06;3.39234e-05;0.0156327;0.000211782;0.0688687
0.00210144;0.0741219;1.47977e-06;7.15123e-07;9.34537e-06;4.23038e-06;7.63362e-08;0.0117956;4.45764e-05;3.58362e-08;1.4676e-05;0.00253651;0.909223;0.000146627
5.07755e-08;0.0209964;1.69954e-10;2.39553e-08;1.36936e-07;4.39508e-08;1.20135e-08;1.00784e-07;6.25861e-09;4.36202e-07;2.88669e-10;4.03172e-05;6.03258e-07;0.978962
0.000480894;0.105047;8.75109e-06;0.000126177;9.54208e-06;6.18236e-06;0.0246302;0.103356;0.744932;4.72095e-06;0.0184023;3.99217e-05;0.00295323;3.34233e-06
5.21725e-06;0.976297;7.82648e-08;1.16152e-05;2.36601e-07;5.08691e-08;2.41979e-07;0.00815994;0.000212188;1.46569e-07;8.15598e-05;0.00265085;0.012581;2.06502e-07
0.000450989;0.530422;0.000170998;0.00101218;0.00330861;0.000135964;4.04833e-06;0.373651;0.000436836;0.00028322;0.000116633;0.0421748;0.0284188;0.0194137
0.000476805;0.818714;1.89505e-07;0.0033906;0.000130198;0.00231342;0.000358985;0.0367003;0.0030839;0.000330546;0.0057439;0.00544277;0.0497753;0.0735389
0.000101099;0.000606099;1.49449e-08;3.35244e-06;5.92666e-07;5.93199e-07;1.23529e-06;0.0638153;9.37832e-05;2.17874e-07;0.000550273;0.000176112;0.934651;1.44919e-07
1.25106e-05;0.000247035;9.42107e-07;1.23689e-06;3.75928e-07;1.44377e-07;2.22967e-08;0.000165402;7.7478e-06;1.27848e-07;4.62191e-06;0.998942;0.000617647;6.71271e-07
1.92513e-06;0.00524561;1.41703e-08;2.95456e-06;3.22998e-06;7.42683e-05;1.09907e-07;0.00221368;6.63292e-06;5.19212e-07;1.47142e-06;0.00022695;0.992214;8.26555e-06
5.07911e-05;0.00204839;0.000282101;0.013812;0.00090105;0.00827211;1.02646e-05;4.08861e-06;0.000857433;0.000525607;0.0231408;0.0075251;7.94535e-05;0.942491
6.56189e-05;0.000887804;2.98912e-08;3.82851e-06;1.22417e-07;7.45596e-08;4.90703e-05;0.994474;0.00147952;5.45029e-07;0.00295302;8.68119e-08;8.64923e-05;1.05911e-07
4.04406e-07;0.985143;1.32677e-09;1.92054e-06;2.21619e-07;4.23972e-08;7.42775e-06;5.89535e-07;1.52981e-08;0.000184046;1.51369e-07;5.3682e-08;6.49349e-09;0.0146622
1.17404e-08;1.95707e-07;0.999999;2.11829e-08;3.16315e-08;3.36132e-08;1.03242e-08;1.03843e-08;2.53678e-09;2.60768e-10;3.6788e-07;5.28677e-07;1.37669e-08;9.98306e-09
1.0468e-06;0.997562;2.34399e-08;1.92651e-06;2.04308e-05;4.01672e-06;7.30729e-09;0.00158942;3.1924e-06;1.25956e-07;2.5794e-06;0.000128751;0.000652095;3.45335e-05
7.4949e-05;0.00106753;4.48805e-06;2.17771e-05;0.878517;0.0130108;4.8522e-08;0.00208239;1.26459e-05;1.68486e-05;1.19757e-06;0.00783568;0.00103352;0.0963216
1.72233e-05;3.33749e-05;5.87639e-09;9.2545e-09;1.41548e-07;1.28632e-08;5.65286e-09;0.995365;4.53799e-05;9.32851e-10;5.85967e-06;4.92908e-08;0.00453257;1.91616e-09
0.000687024;0.0437717;2.12088e-05;6.8547e-05;0.000174932;4.84243e-05;8.89124e-08;0.0122246;0.000123532;4.64596e-06;0.000140621;0.876113;0.0497913;0.0168304
0.000494851;0.909177;2.40339e-05;0.00027868;0.000644882;0.00014844;1.52511e-06;0.0211811;0.000120857;8.74858e-05;0.000108063;0.0438532;0.0180723;0.00580716
4.62065e-05;0.616909;1.11566e-07;0.000190465;0.000912022;6.74651e-05;6.61248e-06;0.00297278;1.85269e-05;4.30555e-05;0.000458229;0.373802;0.000491661;0.00408124
0.000927198;0.10043;8.66679e-05;0.000869518;0.00842318;4.77342e-05;0.000130029;0.755359;0.000926183;6.10814e-05;0.0177477;0.0943737;0.0195128;0.0011054
0.000495056;0.428397;1.13283e-06;3.54083e-05;1.18379e-06;1.20635e-05;0.00232685;0.0114935;0.000723851;4.8005e-06;0.0198028;0.0048842;0.531818;4.11902e-06
4.31143e-06;0.000374226;1.13895e-08;5.80806e-07;5.7842e-07;5.46628e-07;6.89076e-08;0.0219428;7.65134e-07;4.91757e-08;1.66427e-05;0.00109175;0.976566;1.31353e-06
1.68392e-06;0.00033661;4.80334e-07;1.94542e-05;1.59024e-07;2.17655e-07;2.77363e-08;1.46322e-05;2.08861e-05;2.18461e-07;0.000122507;0.999345;0.000105396;3.3003e-05
5.64877e-06;0.900074;1.44534e-08;1.32614e-05;7.03812e-05;1.25719e-06;2.42242e-05;0.0992561;7.07939e-06;1.83273e-05;1.88383e-05;2.00066e-05;0.000173795;0.000316759
1.97052e-06;0.00244724;0.15554;8.92819e-05;0.000282936;3.96613e-05;1.59676e-07;7.34694e-06;5.04016e-08;6.65654e-06;2.62378e-05;0.00262246;0.838738;0.00019833
3.56666e-07;0.996046;1.00074e-08;1.12784e-07;5.50585e-06;7.00768e-08;1.75003e-07;0.0031602;3.22995e-06;7.85533e-09;0.000137079;1.11841e-05;0.000633926;1.88664e-06
1.3685e-06;0.000104667;6.20803e-06;1.62743e-07;0.977049;4.95384e-07;5.03517e-10;0.0180377;1.83752e-07;8.99965e-09;2.52763e-07;0.00461773;6.95839e-05;0.000112706
0.000480998;0.031227;1.30661e-07;5.80193e-07;0.000347724;2.28947e-05;2.03721e-06;0.289727;0.000551871;1.0254e-06;7.33931e-06;0.00493821;0.672679;1.47845e-05
7.48249e-05;0.00117236;3.10824e-08;3.15571e-07;3.78618e-05;3.45994e-06;9.27953e-08;0.48025;5.42902e-05;2.02681e-07;3.91901e-06;3.20542e-05;0.518365;6.19832e-06
5.0111e-05;0.000505453;2.06702e-05;1.35405e-05;8.10346e-06;4.00096e-06;3.51733e-07;0.000833941;0.000342378;3.42478e-06;6.6681e-05;0.99357;0.00443636;0.00014544
3.46561e-06;0.00240774;7.70183e-09;4.66953e-07;1.7895e-05;7.94532e-07;3.60932e-08;0.996893;2.8675e-05;7.6549e-08;1.20818e-05;0.000422238;0.000212599;1.33972e-06
5.81217e-05;0.966968;4.18748e-07;1.359e-06;4.37274e-06;1.34495e-06;0.0170444;0.000339907;8.6191e-07;0.00907498;1.56262e-06;1.16535e-05;0.000108699;0.00638413
3.51774e-08;1.98782e-10;0.99913;2.50364e-09;3.98288e-07;1.48284e-09;3.88829e-08;2.89083e-08;4.15043e-08;5.47738e-09;6.33493e-08;0.000869063;3.98917e-12;6.11122e-11
7.37779e-07;0.999752;1.97178e-12;3.52342e-09;2.69663e-08;3.20452e-09;0.000118075;1.65564e-05;1.65024e-07;1.64273e-06;8.89582e-09;1.85814e-10;0.000107173;3.32008e-06
7.07209e-09;3.70845e-08;0.999972;2.6887e-10;1.13125e-07;4.94806e-09;9.14391e-10;4.31425e-09;1.33372e-10;2.49877e-10;2.12239e-11;2.79109e-05;2.38136e-10;3.68207e-10
5.94599e-07;0.00397235;2.00671e-09;2.1192e-06;3.38581e-07;0.000207684;3.96454e-05;3.23164e-06;7.73088e-05;2.16992e-07;1.24322e-05;6.01851e-08;0.995657;2.69897e-05
8.92939e-07;0.000366181;0.999323;1.11204e-05;1.02411e-06;2.70877e-07;0.000208086;1.51518e-07;9.95038e-08;2.92379e-05;4.83814e-07;5.67337e-05;3.68644e-07;2.30384e-06
1.59025e-06;3.1565e-06;0.998939;2.59554e-06;2.02596e-07;1.24753e-07;0.000451582;2.07621e-06;0.000312478;8.60252e-07;0.000282354;4.38105e-06;2.15196e-08;2.9784e-09
2.8703e-08;0.999938;1.89168e-09;7.04675e-08;1.85192e-09;1.62422e-09;3.61119e-08;2.2282e-08;8.82469e-09;5.59361e-09;4.7085e-08;1.56314e-08;6.14956e-05;7.97865e-09
7.00153e-08;0.000680059;2.14759e-09;1.22621e-08;1.13696e-09;1.22765e-10;4.7581e-09;1.02061e-05;3.0389e-07;1.60287e-11;8.4286e-06;0.999233;6.76988e-05;2.24439e-09
2.88198e-06;0.955737;8.88274e-05;2.2117e-06;0.00097754;3.40329e-05;1.31812e-07;0.0268246;1.75823e-08;1.36923e-06;7.81306e-08;5.34901e-05;0.0152224;0.00105569
1.29796e-09;2.06198e-08;4.64602e-11;1.70585e-08;1.54249e-09;5.0362e-06;4.96301e-08;7.98086e-09;4.58484e-08;5.01143e-08;2.18642e-07;1.64362e-09;0.999994;6.73509e-08
1.01059e-08;2.16302e-07;1;4.5165e-08;2.77823e-09;1.82046e-09;4.08388e-10;1.56892e-08;8.98976e-11;8.09223e-09;1.07217e-10;7.67965e-08;4.2597e-11;5.40557e-08
5.01935e-06;0.995434;3.67054e-06;3.60766e-05;8.90267e-06;6.83932e-06;3.10625e-05;0.00296752;0.000195995;1.92623e-06;0.000112421;2.62821e-06;0.0011469;4.70691e-05
