1.21454e-05;0.997927;6.06751e-05;1.67762e-05;4.41577e-06;4.63336e-08;3.46264e-07;0.00176369;1.34759e-07;6.12402e-07;3.49418e-07;0.000178669;3.41676e-05;1.31044e-06
6.79207e-07;0.999258;3.71221e-09;1.24437e-07;2.90344e-08;2.63489e-07;0.000107475;0.000233211;6.69083e-08;4.01658e-05;3.58046e-08;9.25434e-08;0.000181512;0.000178904
1.48489e-11;7.03588e-11;0.999999;1.75724e-10;4.12169e-10;7.72052e-11;4.55262e-11;6.26579e-11;1.49577e-12;1.64552e-11;1.25908e-11;9.58786e-07;1.81921e-13;6.57027e-12
4.71397e-06;0.943061;1.58056e-05;2.18634e-05;2.28667e-05;6.33141e-06;0.00266338;0.0269203;4.32626e-06;2.62677e-05;5.20313e-05;1.55412e-06;0.027137;6.21695e-05
1.28696e-12;1.53689e-11;1;1.19373e-11;1.09693e-12;1.67545e-13;3.79977e-11;3.07043e-11;4.51881e-13;6.21877e-13;9.50148e-12;1.18466e-09;8.18385e-14;1.09601e-14
6.09315e-07;0.00215041;0.000421215;3.08229e-06;2.34683e-06;4.00968e-07;4.11893e-09;0.00176814;1.37269e-06;1.1712e-08;1.15549e-05;0.995613;1.22725e-05;1.55594e-05
2.80314e-05;0.755845;0.00355961;1.81552e-05;0.000136746;0.000265853;3.13131e-07;0.000572929;1.61348e-05;1.19925e-06;0.000252721;0.100288;0.138704;0.000311769
6.19526e-06;0.547309;1.03759e-07;1.69473e-05;0.000337619;0.000269038;4.06162e-08;0.145507;1.10628e-05;6.12768e-07;9.65345e-05;0.302135;0.00317763;0.0011332
2.92216e-05;0.214675;6.34447e-08;3.32502e-06;0.000284613;0.000170263;3.71768e-06;0.351054;1.24881e-07;6.06792e-06;7.50655e-06;7.33408e-05;0.43336;0.000331967
3.41744e-10;2.49242e-10;0.999999;3.74204e-11;4.70171e-07;4.92853e-11;7.04766e-12;4.88278e-08;8.35439e-14;5.34969e-12;3.00036e-12;1.25541e-08;1.31599e-11;1.16172e-11
1.95561e-07;5.04635e-06;2.8568e-05;4.08891e-07;0.000145843;1.23553e-06;1.70367e-09;0.0142069;1.3302e-07;2.62957e-09;1.61913e-07;0.985601;3.58471e-06;6.71089e-06
4.09364e-06;0.0802489;5.95643e-08;1.7785e-05;9.95099e-06;0.000121637;5.04385e-05;0.00239538;1.51635e-05;8.10695e-07;0.000320445;0.000265252;0.916541;8.78873e-06
2.08012e-05;0.0673009;0.905639;0.00013466;0.00024854;3.28731e-05;7.31805e-07;0.00702343;1.68989e-08;2.60885e-06;6.3018e-07;0.0166636;0.000249703;0.00268208
4.27252e-08;0.00481882;5.45315e-10;2.40153e-07;0.00569372;1.08483e-06;6.3297e-09;0.989346;8.57236e-08;7.03878e-09;1.4451e-07;3.53969e-06;0.000109984;2.59699e-05
7.34955e-07;0.00208399;0.994332;6.86422e-05;0.000816376;5.63851e-05;2.07445e-08;4.04639e-06;1.75618e-08;3.76827e-06;1.79521e-06;0.000733678;0.000768672;0.00113034
4.01541e-05;0.0238894;3.70752e-06;2.54786e-07;0.000862965;5.92359e-05;9.5531e-07;0.953635;6.03166e-06;1.87985e-07;8.64699e-06;0.0118668;0.00751683;0.00210947
2.14694e-05;0.00373677;4.31587e-09;5.73156e-07;0.000138056;2.97395e-06;3.26996e-07;0.994133;2.03559e-05;1.67171e-07;1.41697e-05;0.000188113;0.00173822;6.13096e-06
0.00349775;0.942551;1.05885e-05;0.00062129;6.27636e-05;2.64595e-06;0.000410058;0.0282809;0.00898095;2.54148e-05;0.000611585;0.00206627;0.0122366;0.00064255
0.000119025;0.763358;4.9193e-08;6.03509e-05;3.66641e-06;1.71532e-06;4.62004e-07;0.116467;0.000431343;3.55814e-06;0.000608781;0.116596;0.00125438;0.00109644
0.000137347;0.110637;2.09103e-06;6.59463e-06;9.81985e-06;5.63867e-05;0.00250697;1.06346e-05;1.50094e-05;0.00394479;2.60888e-05;0.000624904;1.11643e-05;0.882011
2.80043e-07;7.63073e-08;0.999855;8.03883e-09;6.89657e-07;7.55954e-08;3.67295e-07;1.45513e-06;1.46438e-07;7.17322e-08;1.39082e-07;0.000141176;1.53982e-10;2.10299e-09
8.40643e-08;0.99983;1.9495e-08;8.14614e-09;2.46969e-10;4.5721e-09;0.000150807;8.92233e-07;2.37471e-08;8.68891e-07;9.30143e-09;3.00117e-09;1.08473e-05;6.36094e-06
4.73263e-13;7.15364e-11;0.999999;1.43863e-11;6.14983e-10;2.2695e-11;6.3915e-13;4.02003e-11;1.44945e-15;2.31287e-12;2.41262e-14;5.41871e-07;2.00379e-15;1.1669e-09
2.33846e-07;0.997383;1.65656e-07;2.52478e-06;7.15482e-06;1.66606e-05;6.16506e-05;0.00194562;2.0204e-08;1.50621e-07;7.80285e-07;1.43112e-06;0.000377854;0.000202928
1.57964e-06;0.132656;1.97874e-07;5.86221e-07;1.06392e-07;1.70853e-06;4.25644e-05;0.0129729;1.60703e-07;7.22647e-07;9.24035e-06;1.05855e-07;0.85431;4.19238e-06
2.91786e-10;5.06936e-09;1;3.58102e-10;2.85327e-11;4.54224e-11;1.46582e-10;6.03344e-09;2.52806e-11;4.02855e-11;1.23072e-10;3.24641e-07;7.22795e-10;7.7116e-12
4.40431e-06;0.010901;0.934773;4.79892e-05;1.3465e-05;5.03859e-06;1.4054e-06;0.0202092;2.28909e-06;7.22619e-06;2.35614e-05;0.0337703;8.01193e-05;0.000160677
1.06045e-06;0.00232285;0.000439438;5.75179e-05;0.00979542;0.209708;1.3504e-06;8.77524e-06;4.15123e-08;2.25795e-05;5.28653e-06;9.5861e-05;0.000107288;0.777435
5.28302e-07;0.0111358;1.47166e-07;4.63696e-05;0.000740626;0.0231018;3.7114e-07;4.7505e-05;1.46838e-07;1.36681e-06;5.06279e-05;0.00525011;0.958989;0.000635092
2.7037e-05;0.0312085;0.934073;0.000959071;0.00492487;0.00157126;4.46198e-07;0.000191615;2.57765e-08;8.09658e-06;3.43831e-06;0.00183994;0.011012;0.0141809
3.08171e-05;0.322145;5.56607e-07;8.93285e-05;0.000110248;0.00024031;5.41671e-08;0.0671888;8.98655e-06;8.16481e-07;8.84927e-05;0.0116283;0.5981;0.000368232
9.12986e-07;0.996415;4.49764e-08;3.73355e-06;8.47708e-07;0.000141477;0.000171596;0.00216478;3.93039e-08;0.0003699;1.01301e-07;4.31084e-08;0.000338347;0.000393133
1.25646e-09;2.57926e-09;0.999979;1.24387e-08;1.72989e-08;1.23141e-08;1.66871e-09;3.00866e-08;2.76813e-11;7.46044e-10;4.97288e-10;2.06706e-05;4.08351e-11;4.79299e-11
4.94093e-05;0.957609;1.83133e-07;0.000102525;0.000200559;7.07257e-05;0.00402614;0.0115324;4.16004e-05;0.000170582;0.000127792;5.09505e-06;0.0145457;0.0115185
2.1589e-11;3.62115e-11;1;5.50238e-12;3.27143e-11;4.94801e-13;3.98286e-11;8.66194e-11;4.10834e-13;1.18488e-12;7.36727e-12;3.00754e-09;3.52123e-13;1.61989e-14
0.000194007;0.396286;0.000118145;0.000147693;0.00319143;0.000788022;6.32087e-05;0.0749255;0.00068684;5.23533e-06;0.000932265;0.436143;0.0124086;0.0741099
5.05449e-05;0.186033;1.00687e-06;6.26968e-05;0.0130944;0.00264116;1.80312e-06;0.61148;0.000665161;4.88971e-06;0.000176304;0.0183617;0.15959;0.00783706
0.000163968;0.581548;1.44206e-05;0.000403469;3.24463e-06;8.29286e-06;3.08316e-05;0.00416536;0.00140612;7.70328e-06;0.010422;0.115559;0.286264;2.82311e-06
6.9113e-05;0.000702858;9.8059e-08;1.73824e-06;8.87576e-07;6.80769e-08;8.75718e-07;0.999005;0.000168962;8.776e-08;1.01739e-05;7.49393e-07;3.66122e-05;2.80121e-06
2.24668e-07;0.975672;1.99066e-08;2.56264e-06;9.95828e-08;1.3294e-07;7.15653e-07;8.90255e-08;1.56461e-08;3.28306e-05;3.45876e-08;2.38288e-06;7.84722e-08;0.0242885
3.19461e-08;3.41227e-07;0.999993;4.60727e-08;2.97381e-08;1.92489e-07;4.85747e-08;1.12549e-08;3.46273e-09;1.99421e-09;2.44953e-07;5.62655e-06;2.20255e-07;3.31663e-08
1.60033e-06;0.998651;3.0634e-08;7.7648e-07;2.00461e-06;3.00475e-06;2.68759e-07;0.00109887;4.34864e-06;1.10629e-06;2.90627e-06;6.00464e-05;0.000170305;3.9436e-06
3.51481e-05;6.08819e-05;4.51861e-05;0.000140616;0.721743;0.0604041;3.33557e-06;0.000434842;0.000168378;0.00106102;2.40285e-05;0.00236041;0.000416904;0.213102
0.00161329;0.859197;7.99941e-07;4.57743e-05;7.51445e-05;1.50239e-06;0.000319403;0.0382228;0.0663113;1.16913e-05;0.00982689;2.49495e-05;0.0243482;1.03594e-06
1.12329e-05;0.996521;1.77295e-09;1.16012e-06;9.14047e-07;1.90207e-08;0.000796244;0.000484391;1.41753e-05;0.000256485;3.29579e-07;1.41084e-08;7.32968e-07;0.0019138
7.39708e-10;1.47275e-08;0.999999;3.20871e-10;9.31013e-11;1.519e-12;3.75944e-09;2.69855e-08;2.10819e-10;1.98265e-10;6.08859e-10;6.60537e-07;1.90588e-11;2.24043e-13
1.13673e-06;6.12526e-05;4.2901e-06;7.61058e-06;1.64041e-05;3.90872e-06;2.36188e-06;0.000481871;0.000107169;5.23485e-07;0.000265483;0.998892;1.7938e-05;0.000137801
3.62421e-06;0.9993;6.45087e-07;5.21918e-07;1.03649e-07;7.63831e-08;2.71382e-05;2.17798e-05;1.21887e-06;5.06787e-08;3.25484e-05;4.13217e-05;0.000571407;3.01685e-08
3.84493e-05;0.705853;2.56226e-07;7.13463e-05;2.46463e-05;0.000216767;1.44338e-05;0.0786667;0.000192255;1.11259e-05;3.67955e-05;0.167166;0.00430915;0.0433991
0.00021565;0.0661305;6.66676e-07;1.58082e-05;2.1531e-05;2.20914e-05;2.23085e-06;0.12106;2.57859e-05;2.32148e-07;0.000418099;0.00156108;0.810507;1.87659e-05
4.37462e-05;0.983922;1.36519e-05;2.59438e-06;5.30025e-07;2.1905e-06;0.00235233;4.03348e-05;6.11086e-07;0.00090715;6.91818e-07;0.0019548;0.000470077;0.0102892
9.44663e-10;9.09367e-10;0.999997;4.42968e-10;3.65912e-09;1.61537e-10;3.13461e-09;4.22565e-07;3.97549e-10;5.80377e-10;3.60851e-09;2.72822e-06;6.65644e-12;1.12149e-12
1.1377e-05;0.891897;1.04648e-05;1.44217e-06;5.16261e-06;1.02412e-05;0.0154098;0.0908843;4.71057e-06;0.000281473;1.91222e-05;3.42008e-06;0.00120323;0.000258176
3.95024e-10;1.61127e-10;1;6.352e-09;3.16631e-09;1.7503e-09;1.04799e-08;1.12379e-09;1.13098e-10;7.39187e-10;5.54701e-09;4.7822e-07;8.00632e-12;4.51384e-10
0.000109291;0.722206;0.006557;7.29443e-05;0.000145995;8.55955e-05;0.00264578;0.198312;5.78636e-05;0.000272569;7.87386e-05;0.000119339;0.00134289;0.0679933
1.48338e-11;5.51352e-13;1;4.06251e-12;1.11505e-10;2.60276e-11;3.55867e-12;1.40185e-11;8.04788e-13;8.31533e-13;9.16919e-12;7.29919e-10;6.81199e-14;6.31493e-13
4.97981e-05;0.028095;0.93556;1.61005e-05;0.000133036;0.000367275;8.32534e-07;0.0155449;1.5809e-05;2.01083e-06;3.19242e-06;0.0129477;2.52512e-05;0.00723887
2.7083e-05;0.0705262;0.000292181;6.59835e-06;0.0280242;0.313325;7.05756e-08;0.0142635;4.61555e-06;8.05356e-07;8.67598e-06;0.0114261;0.156568;0.405527
5.99106e-07;0.000464065;1.0018e-07;6.89103e-08;7.24046e-06;5.40024e-06;2.63457e-10;7.41953e-05;3.69619e-07;7.49099e-10;4.00109e-07;0.860482;0.138954;1.18478e-05
1.23619e-05;0.638533;0.0594862;8.86695e-06;0.00453125;3.16166e-05;8.1679e-07;0.00278582;2.37467e-08;1.21724e-05;1.44455e-09;1.43791e-06;0.000184588;0.294412
2.76878e-07;0.0216079;1.81014e-07;1.8456e-08;5.49398e-07;4.24965e-07;1.36689e-06;0.963777;2.4216e-06;1.8285e-08;3.23438e-08;5.98314e-11;0.0146102;5.72823e-09
5.02043e-09;6.12559e-09;0.999999;1.36157e-08;1.08543e-08;1.84315e-08;1.14483e-09;7.58435e-07;2.3422e-09;1.82009e-09;1.14871e-09;2.25409e-07;4.4416e-09;1.88012e-10
8.27691e-07;0.000137822;0.619874;2.66927e-06;2.58984e-06;4.87682e-07;8.15375e-09;0.000155621;1.17522e-07;1.80321e-07;3.32184e-07;0.374924;9.00587e-07;0.00490065
2.3919e-10;2.24458e-05;9.81781e-08;6.79386e-10;4.42087e-08;4.05228e-08;5.8497e-08;3.62473e-10;1.07408e-12;6.44223e-08;1.53308e-10;1.73286e-10;5.61911e-11;0.999977
2.73798e-09;6.40735e-09;0.999842;8.01548e-10;1.52181e-08;8.86723e-10;8.92172e-10;5.25104e-07;6.3082e-12;8.84501e-11;1.32022e-10;0.00015743;2.98958e-11;6.49244e-09
0.000614623;0.0616833;1.87461e-07;0.000125858;0.00376822;0.00139743;2.53104e-05;0.892441;0.00204392;2.55964e-06;0.000348603;0.000186275;0.0371437;0.00021889
7.77087e-06;0.380574;0.507645;1.33256e-05;0.000253855;4.85793e-05;2.47836e-07;0.000120773;5.88988e-09;3.68642e-07;8.65481e-08;0.00414002;0.106939;0.00025692
8.62681e-06;0.225512;6.45637e-07;9.1394e-07;0.000389755;2.1025e-05;6.01094e-07;0.27749;1.09567e-07;1.28599e-07;3.18001e-08;0.0168293;0.479063;0.000684047
3.42832e-05;0.0184502;0.00283528;0.000203687;0.0181757;0.0105509;2.82533e-06;0.0120004;6.54635e-06;1.75243e-05;1.00333e-05;0.0623853;0.00721847;0.868109
3.58124e-05;0.98893;0.000254752;2.39574e-06;1.03006e-06;8.9621e-07;7.69455e-06;0.003299;4.81179e-07;1.99906e-07;2.76694e-06;0.0048329;0.0026213;1.07998e-05
2.53962e-05;0.701594;4.38246e-07;0.000113675;0.00013024;4.52444e-05;4.52927e-05;0.103302;0.000310938;3.11956e-06;0.000137523;0.0179539;0.088369;0.0879698
8.36115e-06;0.9943;1.15069e-07;7.20356e-07;4.47688e-08;3.36451e-08;2.77122e-06;7.5647e-05;1.08589e-07;5.45785e-07;6.00858e-07;0.00261419;0.00298292;1.4272e-05
6.55646e-06;0.00152659;0.00200198;2.18829e-05;9.11086e-05;9.21075e-06;1.02672e-07;3.01894e-05;8.8366e-07;6.57411e-06;1.29662e-06;0.994506;0.000704829;0.00109236
0.000255723;0.188693;7.85796e-08;1.09169e-05;0.000211819;1.70831e-05;0.00275454;0.79057;0.0152852;1.95112e-05;0.00193638;3.26369e-05;0.000201301;1.16135e-05
0.000354102;0.87243;0.0623495;0.000154945;0.00464633;0.00219072;1.24096e-05;0.0098984;3.73026e-06;4.23032e-05;4.23649e-06;0.0233535;0.0237722;0.000787307
0.000523149;0.0366902;4.88043e-07;1.2165e-06;0.000167338;1.8966e-05;2.04938e-06;0.822884;1.66076e-05;3.27088e-07;9.6295e-06;0.10211;0.0374546;0.000121401
7.84239e-05;0.0175952;8.91618e-07;0.00149587;0.00252962;0.000695687;5.92245e-06;0.0097705;0.00872001;1.78232e-05;0.000558476;0.0027832;0.00284054;0.952908
7.5793e-07;1.70668e-05;9.0202e-10;5.01666e-09;1.6295e-08;2.0619e-10;3.92369e-09;0.999978;1.91767e-06;5.8499e-10;4.16423e-07;6.05039e-08;2.17545e-06;8.23432e-10
4.32907e-06;0.000359968;2.23165e-05;6.73454e-05;0.01973;0.00560537;9.48701e-09;0.000579529;6.39734e-06;1.88754e-06;2.30625e-05;0.0726718;0.000475663;0.900452
2.10186e-05;0.973876;0.000335931;4.0518e-05;9.25867e-06;2.8066e-06;7.14805e-07;0.00123265;2.85255e-05;7.89024e-07;9.66931e-05;0.0168893;0.00565021;0.00181543
3.56337e-06;0.000887127;5.13245e-07;5.28528e-05;0.705922;0.000791441;7.56107e-06;0.0316977;0.000190367;0.000374707;7.75705e-05;2.73986e-05;0.00012014;0.259846
1.63145e-05;0.000292088;0.998004;0.000396694;0.000222639;2.36911e-05;3.23007e-05;1.52732e-05;1.96098e-05;3.34476e-05;0.000810643;2.02409e-05;3.49339e-05;7.79352e-05
0.000118808;0.993712;4.57818e-09;3.28639e-06;5.55985e-06;1.87884e-06;0.000244501;0.0018996;0.00139734;5.1918e-07;0.00231821;6.94972e-05;0.000219496;9.29124e-06
1.09254e-05;0.0418425;2.58023e-12;1.27182e-07;0.000120175;8.60539e-08;2.62913e-07;0.957718;2.45883e-07;6.62128e-07;1.02399e-07;4.7552e-05;0.000240543;1.92377e-05
0.000397222;0.0701481;0.582267;0.00083955;0.0069375;0.000295682;1.77383e-06;0.000453927;5.34978e-05;1.38225e-05;2.00919e-05;0.335372;0.00224348;0.000955846
0.00590938;0.758194;1.83136e-05;0.000124599;0.00130492;0.00080194;0.00257956;0.133422;0.0450313;2.70217e-05;0.0157038;0.00277781;0.0268478;0.00725781
0.00337899;0.287499;2.31125e-06;1.68102e-05;2.72585e-05;3.40607e-05;6.88762e-05;0.0945631;0.00127139;1.40987e-06;0.00146859;0.000821625;0.610805;4.1097e-05
8.05487e-05;0.00195399;1.41013e-07;0.00571048;0.000120113;0.000245615;1.15648e-05;0.000124282;0.440733;4.43966e-05;0.0102619;0.00126019;0.000205115;0.539248
4.41903e-05;0.998054;1.59222e-06;3.46009e-05;5.64348e-09;5.80457e-10;1.24919e-06;0.000329314;2.05329e-05;1.10428e-07;7.89529e-05;0.00124482;0.000190135;1.17032e-07
1.39437e-07;0.000800827;7.3269e-08;4.94628e-06;0.000977466;5.97944e-08;3.14366e-09;0.998208;1.58738e-07;2.32584e-06;4.10746e-08;2.59575e-06;2.29605e-06;1.64832e-06
1.13793e-07;9.19901e-06;0.999823;6.78488e-05;3.44825e-07;6.78888e-06;7.34509e-08;5.5565e-09;2.81949e-07;1.0044e-05;1.64063e-05;4.72712e-05;4.37649e-08;1.89777e-05
0.000576288;0.000472759;4.56904e-06;2.87547e-05;1.986e-06;2.17401e-05;0.000290517;0.000540003;0.0115396;1.12729e-05;0.985939;4.00897e-05;0.000532019;1.61446e-06
