1.37913e-05;0.992953;6.97735e-09;4.33833e-06;6.77472e-06;3.62737e-07;1.65249e-05;0.00573844;2.81701e-05;3.77877e-06;5.85782e-06;2.13342e-05;0.00116636;4.09156e-05
5.29013e-05;0.860916;0.000411184;3.63192e-05;1.09292e-06;1.14121e-07;7.69058e-05;0.00247706;4.8854e-05;2.69266e-06;0.000334254;0.12937;0.00627241;6.42903e-07
0.000432491;0.241771;3.48015e-06;8.88927e-06;0.0014642;5.03441e-05;0.000161409;0.557312;1.35428e-05;2.69922e-05;3.59592e-05;0.00485057;0.00681796;0.187052
5.08305e-05;0.00169729;0.0027916;9.83376e-06;0.000214596;1.31839e-05;1.55442e-05;0.000525164;7.84431e-06;1.39292e-06;9.18879e-06;0.99258;0.00142435;0.000659048
2.78007e-06;0.977304;5.56013e-07;2.44065e-06;1.03923e-05;8.66254e-06;0.000619296;0.0136781;1.14541e-05;4.41265e-05;1.48469e-06;1.4013e-07;0.000509436;0.00780749
1.04934e-10;1.07331e-11;1;7.9298e-11;5.50175e-11;1.97716e-11;1.86651e-11;3.66811e-10;2.69433e-11;5.34612e-12;1.10463e-10;3.47719e-08;1.72935e-12;1.1613e-12
8.09358e-06;0.612252;0.000204642;2.24733e-06;1.0376e-05;7.68457e-06;2.63674e-07;0.385656;6.61907e-06;6.34779e-07;9.29847e-07;0.000710846;0.000796503;0.000342718
7.27578e-06;0.074945;1.335e-06;3.97605e-06;2.33495e-06;1.8046e-06;9.99423e-06;0.0279451;1.31814e-05;2.39568e-06;4.58234e-05;0.00128694;0.895705;3.00507e-05
0.000156906;0.990529;0.000148826;0.000355325;8.29374e-05;2.62421e-05;0.000507391;0.00245453;0.000696507;4.21087e-06;0.000368233;0.00194563;0.00170739;0.00101691
2.83086e-06;0.000704911;8.2055e-09;4.50603e-05;4.1871e-05;2.38075e-05;5.49147e-08;0.998663;3.70204e-06;3.43036e-06;8.20865e-06;0.000400362;4.33505e-05;5.96847e-05
1.82308e-06;0.99951;3.03671e-10;2.57739e-06;9.18908e-08;3.98415e-08;1.14386e-05;5.21469e-05;2.54452e-06;6.86691e-07;0.00020652;5.82314e-05;0.000153394;1.78418e-07
3.76284e-06;0.999771;4.42725e-06;1.80058e-05;3.24958e-06;7.0113e-07;4.28704e-07;9.71885e-05;1.15075e-07;3.41126e-07;3.86857e-07;1.24083e-05;8.45429e-05;3.85862e-06
6.19277e-07;6.5091e-05;1.58469e-10;8.86266e-09;8.93104e-07;9.51699e-09;1.19016e-08;0.999927;2.64069e-07;1.03952e-08;3.53634e-08;6.45293e-07;2.50849e-06;3.16593e-06
3.18049e-05;0.00302121;0.00189731;0.00157159;0.00362779;0.00296476;2.0193e-05;0.00139396;5.08964e-05;3.06552e-05;0.0022173;0.691656;0.000630367;0.290886
6.80475e-06;0.987842;1.22687e-07;1.57129e-05;2.88031e-07;1.47594e-05;2.40263e-06;0.00430949;4.72354e-06;8.69029e-07;0.000150062;8.87961e-05;0.00313454;0.0044297
1.29225e-05;0.00861543;1.95626e-07;4.93908e-06;1.08488e-06;3.08209e-06;1.75004e-06;0.000976182;5.00574e-06;2.14563e-07;3.82292e-05;0.00491368;0.985415;1.21482e-05
4.78648e-05;0.335648;7.72435e-07;5.49685e-06;6.27888e-07;1.47831e-07;2.35305e-06;0.636583;8.32744e-05;5.11043e-08;3.12365e-05;0.0147421;0.0128544;5.67149e-07
8.12394e-07;0.00806248;8.64369e-05;0.000136226;3.48195e-05;0.000103666;6.23365e-07;0.00217293;2.5252e-07;3.49304e-06;2.23812e-06;0.98283;0.00598007;0.000586167
0.000119102;0.748361;0.00394625;0.00107858;0.0105252;0.0106607;0.000987563;0.00426875;2.28077e-05;0.000111284;0.00302166;0.202504;0.0104369;0.00395672
4.62635e-06;0.964802;9.91611e-07;2.79327e-06;4.04397e-05;6.21947e-05;8.91612e-05;0.00891619;2.15419e-06;8.37821e-06;7.21796e-06;2.72339e-07;0.0251207;0.000942696
4.28997e-09;3.78932e-10;1;1.76274e-09;4.71419e-09;1.0815e-09;7.94906e-10;1.97775e-09;2.33004e-09;3.65101e-10;6.27254e-09;3.24102e-07;1.41112e-10;1.95691e-11
0.000559164;0.281763;0.101705;0.000125466;0.000124456;2.91375e-05;9.8183e-05;0.567792;0.00720802;3.29743e-05;0.000342056;0.0387268;0.00144879;4.63135e-05
0.000925488;0.0302742;3.41111e-05;0.000997439;0.130633;0.0687209;3.2142e-05;0.0070523;0.0030972;0.000138887;0.000791586;0.212317;0.0704037;0.474582
0.000170593;0.136434;7.33994e-08;0.000282278;9.90783e-05;3.2879e-05;1.86918e-06;0.000432734;0.000406412;3.2519e-06;0.000716292;0.860259;0.00079263;0.000368217
6.95854e-05;0.982293;8.90823e-10;5.34848e-06;3.16616e-05;3.84786e-07;0.0148586;0.000342492;0.000142515;0.000644847;2.04812e-05;1.66355e-06;5.27916e-05;0.00153634
2.21125e-06;6.15987e-05;0.999811;4.48658e-06;2.90247e-06;3.09054e-06;1.204e-05;4.04156e-05;6.80676e-06;1.18261e-06;2.50994e-05;3.46708e-06;2.57533e-05;1.07372e-08
4.40147e-06;0.998561;3.61759e-05;1.90841e-06;2.40181e-05;1.36499e-07;5.39896e-08;0.000301882;1.85958e-08;2.61478e-07;5.85767e-08;0.000984189;8.48938e-05;1.03338e-06
0.000209539;0.0206838;3.17968e-06;4.35564e-05;3.10312e-05;3.28364e-05;4.11241e-05;0.0195297;0.000325338;3.37489e-06;0.00122615;0.23984;0.718011;1.88791e-05
0.00315149;0.356016;0.0149647;0.00150857;0.00039001;0.00150223;0.000253722;0.274957;0.000724648;8.40583e-05;0.00183147;0.313364;0.0300489;0.00120309
0.000625708;0.775859;8.354e-08;0.000359437;0.0001048;0.000173584;2.97057e-05;0.00770216;0.0102806;2.61369e-06;0.01097;0.00770656;0.166164;0.0200219
0.000213634;0.856882;5.99803e-07;3.09469e-05;3.77667e-06;4.26771e-05;9.56677e-08;0.0938389;0.000263225;1.63422e-05;0.00014581;0.000444718;0.0479614;0.00015563
7.12418e-09;2.46946e-05;0.999971;1.02044e-08;1.19604e-07;1.59595e-08;1.36114e-09;7.06464e-08;1.09219e-09;3.03354e-08;2.12118e-09;3.91871e-06;5.95304e-09;2.01981e-07
0.00027366;0.0733406;7.17232e-05;0.000301749;0.00267838;0.000643079;0.00123935;0.368935;0.503979;0.000239601;0.0315981;0.000929532;0.015346;0.000423743
