8.03772e-06;0.998295;1.27536e-05;7.92793e-05;8.61327e-06;1.63064e-07;9.7986e-06;0.000709148;1.14746e-06;3.85641e-06;3.68143e-06;0.000812289;4.93158e-05;7.10277e-06
0.000158132;0.96879;0.000105789;0.00266094;8.71747e-05;3.53638e-05;0.000964768;0.00333074;0.000135598;0.000891942;0.00310828;0.000223423;0.0174723;0.00203509
0.000147448;0.0398407;0.00676718;0.000265158;0.000390134;9.32135e-06;1.94548e-06;0.000478962;1.41565e-05;5.97491e-07;0.000990053;0.949942;0.00011675;0.00103537
0.000306362;0.981797;6.45106e-07;1.58012e-05;5.35615e-06;3.14659e-06;1.11056e-05;0.000552878;0.00172787;5.38102e-07;0.00109718;0.000618391;0.0136586;0.000205471
2.36832e-05;0.95477;1.24296e-08;3.8078e-06;3.73969e-05;1.18526e-05;5.73514e-07;0.00662531;9.04191e-05;2.06949e-06;8.11558e-06;0.00405814;0.0332391;0.00112991
2.2626e-05;0.251107;3.83614e-08;4.20234e-05;8.32335e-06;8.20877e-05;1.15933e-05;0.00487512;0.000140402;7.49055e-05;6.61679e-05;0.119844;0.623004;0.000722768
5.21934e-05;0.00401077;0.92357;0.000609459;0.0176429;0.0053612;2.1916e-07;0.00279546;1.94565e-06;3.10472e-06;3.42301e-06;0.0440772;0.000892423;0.000979353
2.11751e-05;0.0075649;1.66825e-06;1.28771e-06;1.99721e-06;9.02405e-05;2.14057e-05;0.00239002;2.44115e-05;1.65261e-05;5.6957e-06;1.64407e-08;0.989847;1.35362e-05
1.63323e-10;1.69655e-10;1;2.25615e-10;5.65597e-10;6.06955e-10;8.39663e-12;5.61134e-10;6.95176e-11;3.46197e-11;8.13116e-11;2.34652e-08;1.78288e-11;2.22259e-11
2.16646e-07;8.39646e-05;0.995673;3.99822e-07;2.0767e-07;3.38292e-07;3.82562e-08;0.000333326;3.27355e-07;2.74295e-08;5.29789e-07;0.00388899;5.12457e-06;1.31637e-05
8.74922e-09;0.00133387;5.45099e-09;6.82506e-09;3.91471e-05;8.09414e-05;9.6856e-08;4.10342e-06;1.32335e-09;1.81172e-07;5.44226e-08;1.70629e-09;1.07724e-07;0.998541
1.25548e-11;8.2787e-10;0.999987;1.34141e-10;5.00709e-08;7.84681e-10;7.78744e-14;1.23868e-07;3.96045e-14;1.6678e-12;1.06516e-11;1.30552e-05;4.82999e-11;4.66041e-10
8.40713e-08;0.918168;6.23697e-08;9.52806e-07;4.03733e-06;4.71375e-07;3.38898e-07;0.000223573;3.79462e-09;6.47582e-07;1.06628e-06;3.61471e-06;0.000161023;0.0814366
1.85739e-06;0.350146;5.34439e-08;2.80897e-06;1.7075e-07;7.25298e-07;0.000821313;0.192134;3.83082e-06;3.50447e-08;0.000340326;3.07044e-06;0.456545;3.16199e-08
2.1309e-07;0.930233;0.000191524;3.40981e-05;0.000167921;0.000254064;2.24358e-07;8.95607e-05;1.19268e-10;2.748e-06;4.89932e-08;1.35136e-06;0.0688392;0.00018651
8.36748e-07;0.000229703;9.36685e-07;2.15719e-06;6.31443e-07;1.85004e-06;6.60328e-08;0.000146587;8.72667e-08;1.10394e-07;5.26985e-07;0.980139;0.0194709;6.79882e-06
5.70536e-05;0.805254;0.000232626;0.00101711;0.0100605;0.00130859;2.14315e-05;0.0625533;6.30318e-05;8.7695e-06;0.000686544;0.0460622;0.0687455;0.00392907
9.73318e-06;0.00908311;7.43452e-07;4.33284e-07;9.22288e-07;1.70031e-05;1.14749e-05;0.00370767;3.82143e-07;2.31744e-05;2.26216e-07;6.38875e-08;0.987107;3.84195e-05
1.99663e-10;9.80409e-11;1;4.48381e-10;8.6746e-11;1.14632e-10;1.88629e-10;2.16051e-10;7.53164e-11;3.70005e-11;5.39919e-10;1.31508e-07;1.70834e-11;7.56389e-13
4.18876e-06;0.00125364;7.59015e-05;2.30601e-05;2.03549e-06;1.47795e-06;9.24341e-07;0.000727631;0.000185887;4.35024e-07;0.0004978;0.996963;0.000106382;0.000157217
6.24223e-06;0.213665;8.64459e-07;3.03106e-06;3.94976e-06;7.46069e-05;6.26442e-08;0.000304857;2.10757e-06;1.25793e-06;1.29238e-05;0.00080015;0.78512;4.35994e-06
3.12852e-06;0.00783623;1.46715e-06;2.14124e-06;0.000970021;1.78139e-05;2.3205e-08;0.00324872;1.75738e-07;7.48329e-08;8.86971e-07;0.986336;0.000604271;0.000979102
1.52718e-05;0.141904;1.24095e-05;1.71287e-05;0.00914943;4.79694e-05;2.84712e-07;0.836285;6.81875e-06;4.63657e-07;4.53915e-06;0.000444297;0.008772;0.00334124
4.96935e-06;0.0187593;3.87323e-08;4.98184e-07;3.94986e-06;0.00015699;9.08854e-08;0.00083637;8.89162e-07;6.89301e-07;1.04425e-07;2.71151e-06;0.980227;6.78078e-06
1.08874e-05;0.0178107;0.976878;9.93888e-06;8.41588e-06;4.34936e-06;1.85582e-08;4.26088e-05;7.62352e-09;1.73723e-06;1.24424e-08;0.00507703;6.25078e-07;0.000155301
8.26015e-07;0.968068;8.07652e-08;1.02011e-05;8.9547e-05;3.88356e-05;1.26317e-06;0.0050568;2.49326e-06;5.0045e-07;1.69675e-05;8.38033e-05;0.0250704;0.00156014
4.65972e-05;0.572758;9.1554e-07;2.45965e-05;0.00010757;0.000708632;4.87924e-06;0.137169;1.35166e-05;0.000576929;1.7749e-05;1.03569e-05;0.286123;0.00243876
8.35131e-09;2.46844e-08;0.999998;2.16899e-09;1.53539e-08;5.52707e-09;2.33238e-09;5.39103e-09;3.70988e-10;2.27498e-09;3.47898e-09;2.07815e-06;1.42415e-10;1.57619e-09
3.25785e-05;0.825222;0.00185595;0.000118515;3.22224e-05;4.59948e-05;1.05623e-05;0.00209808;0.000136156;1.34812e-05;0.000128194;0.158425;0.00595706;0.00592422
1.72629e-05;0.499424;1.55473e-05;1.83047e-06;0.00196372;0.000857247;6.11829e-07;0.293759;8.57888e-06;3.98843e-06;1.52571e-05;0.00608703;0.196593;0.00125337
1.41905e-05;0.048584;1.57924e-06;1.42818e-05;0.000383271;0.0239593;9.44208e-07;0.000129179;6.64598e-06;3.42713e-05;8.84853e-06;0.00568316;0.919281;0.0018997
6.43211e-05;0.00110475;0.998495;1.17998e-05;4.44919e-05;1.02642e-05;8.25162e-05;5.47127e-06;1.05325e-06;6.78116e-05;1.08944e-07;5.64517e-05;2.64424e-05;2.90293e-05
3.61352e-07;6.92598e-07;0.999996;3.05963e-08;9.18656e-08;7.36323e-09;2.01276e-06;7.98341e-07;2.36804e-07;2.43662e-08;2.23689e-07;1.45504e-07;1.11799e-08;1.08478e-09
2.71037e-06;0.31838;1.04764e-05;2.59802e-07;5.50304e-06;6.64485e-08;1.41309e-05;0.681006;4.14243e-06;7.49083e-07;2.1137e-06;0.000450318;0.000123138;3.42153e-07
1.5451e-05;0.00133622;0.111201;0.0121006;0.0160604;0.0100784;7.93633e-05;0.000310312;1.01109e-05;0.000928708;0.000905608;0.840044;0.000215219;0.00671489
0.0004217;0.88907;4.08814e-05;9.42584e-05;7.88173e-07;1.62603e-06;0.00809973;0.0883652;0.000370675;8.01689e-06;0.00408266;0.00203928;0.00736148;4.38968e-05
4.01105e-07;0.999392;1.22804e-09;1.22753e-07;1.68532e-07;3.78948e-07;4.29279e-05;0.000113151;1.18511e-07;4.8091e-06;4.99801e-07;1.23772e-08;2.70845e-05;0.000418707
1.27043e-09;5.11024e-10;0.999984;3.60586e-09;5.35194e-08;4.47959e-10;3.97107e-11;3.6267e-08;1.92646e-10;3.83966e-09;4.20977e-10;1.56641e-05;1.50478e-11;1.0697e-10
1.19863e-06;0.998999;3.44046e-09;6.34611e-07;9.3511e-08;9.02055e-10;0.000482121;5.09362e-06;1.34247e-05;1.15919e-05;7.12623e-06;6.45345e-09;3.00258e-08;0.000480175
2.67168e-05;0.00645617;7.31513e-07;9.36689e-06;4.01947e-08;1.38909e-07;0.359611;0.00374011;0.485412;1.59887e-06;0.142239;7.01581e-07;0.00250279;2.24372e-09
8.56742e-06;0.996756;2.71024e-09;2.12628e-05;7.57423e-06;1.65092e-06;0.000200219;0.00139038;3.95924e-05;7.80752e-05;2.22037e-05;4.57293e-05;0.00141679;1.18344e-05
0.00291207;0.957231;2.29721e-05;0.00236542;0.00620226;0.000589794;0.000542075;0.0061193;0.00860538;5.46485e-05;5.33047e-05;0.00607528;0.000637015;0.0085898
0.00147156;0.0223983;3.24779e-08;0.00291107;0.000688374;0.000401636;9.12326e-05;0.95409;0.0131194;9.87806e-05;0.000242739;0.00166792;0.00153789;0.00128106
5.48862e-05;0.989103;1.84857e-08;2.31598e-06;8.26845e-06;1.09746e-07;7.79657e-07;0.00259155;1.57115e-05;5.05337e-08;7.11937e-05;0.00699288;0.0011593;6.46213e-08
4.41095e-07;0.999618;3.50501e-12;1.53822e-08;8.92428e-07;5.75067e-07;2.6603e-06;3.15683e-05;2.67172e-09;1.44859e-06;5.44832e-10;1.20464e-09;9.92148e-05;0.00024476
2.25676e-10;4.07727e-10;0.999986;4.8729e-10;1.21378e-07;1.19618e-08;2.30055e-11;1.13035e-09;4.21806e-13;7.80485e-11;2.88695e-12;1.43974e-05;4.79103e-11;2.1671e-11
1.896e-06;0.0017345;1.34391e-08;0.000250125;1.415e-05;0.00411543;0.000319714;0.000120682;0.000904625;4.45471e-06;0.00264706;2.03878e-06;0.989783;0.000102219
1.38232e-06;0.00208036;0.997242;8.51539e-05;3.18801e-07;4.80587e-07;0.000535005;5.44078e-07;5.02464e-08;3.03534e-05;1.36261e-05;6.44689e-06;1.24772e-07;4.13763e-06
1.54113e-06;3.1035e-06;0.998712;2.37379e-06;1.83702e-08;4.55864e-08;0.000455013;5.74248e-07;4.72266e-05;3.18138e-07;0.000776221;1.80566e-06;9.19136e-08;2.93004e-09
3.39975e-09;0.0075177;1.00684e-10;2.0088e-09;5.30067e-10;1.56321e-09;3.39041e-10;3.74827e-08;2.51422e-10;9.78127e-11;7.09445e-09;1.14868e-09;0.992482;4.83024e-10
2.14018e-07;0.000125429;5.27869e-07;5.29162e-07;5.96816e-07;3.24092e-08;1.35613e-07;4.66852e-06;4.40112e-06;5.15979e-09;0.000141563;0.999032;0.000600244;8.9468e-05
3.30132e-06;0.67899;1.48163e-07;1.97729e-06;0.00390267;8.80256e-05;3.75153e-07;0.305191;6.33569e-08;5.8806e-07;5.77284e-07;4.438e-05;0.0069867;0.00479022
2.4358e-09;1.69716e-07;3.34391e-09;5.57045e-10;4.79846e-10;2.53336e-06;6.8401e-09;4.60909e-09;2.31549e-10;3.22549e-09;3.13167e-08;2.79214e-08;0.999997;3.7595e-09
1.63074e-08;8.20951e-07;0.999999;2.74249e-08;2.07786e-08;1.76563e-08;1.21072e-09;6.94903e-09;3.37663e-11;3.38822e-09;1.52187e-10;1.40864e-07;4.18957e-09;4.02246e-08
7.0074e-07;0.996467;1.00666e-06;2.36491e-06;4.32585e-06;2.89312e-06;3.99981e-06;0.00248469;1.47548e-05;1.62666e-07;2.50604e-05;3.18182e-06;0.000956678;3.34533e-05
