9.48913e-07;0.998706;5.05819e-06;3.11537e-06;1.30324e-06;1.16298e-06;8.9775e-05;1.708e-06;4.95986e-09;0.000265107;3.16295e-07;3.36726e-07;4.40303e-05;0.000881468
1.28865e-09;2.01713e-09;0.999989;3.41517e-10;2.33421e-09;1.96172e-10;1.45621e-08;1.90374e-08;5.81023e-10;1.12986e-10;3.28255e-09;1.09705e-05;1.26945e-12;4.41683e-10
1.01168e-05;0.946888;1.48162e-08;1.48795e-05;1.77045e-06;1.62499e-05;0.000351282;0.000499434;0.000189608;1.45117e-05;8.32707e-05;1.79564e-05;0.0519023;1.05645e-05
9.44773e-06;0.00034459;0.0862545;1.31704e-05;4.45413e-05;7.05608e-06;3.79384e-08;2.37469e-05;1.82599e-06;3.23639e-07;3.69063e-06;0.912881;0.000364128;5.18603e-05
0.00127165;0.15692;9.15293e-07;0.000210741;3.80984e-05;3.33882e-05;0.000964308;0.61344;0.176553;6.12233e-05;0.0116179;0.000510707;0.0381037;0.000275062
3.43077e-06;0.000118747;5.1491e-10;9.34922e-09;4.37166e-07;1.24353e-08;7.8757e-09;0.999867;7.65e-06;2.20717e-08;3.4493e-07;1.18137e-06;8.90831e-07;3.96936e-07
2.3766e-06;5.94308e-05;8.31445e-07;7.25856e-06;0.000921741;1.65817e-05;3.42494e-08;1.97369e-05;1.45734e-06;1.76644e-06;3.16203e-06;0.0126098;1.68624e-06;0.986354
2.4861e-05;0.985349;1.00666e-06;6.92634e-07;1.44198e-08;7.84381e-08;0.00999697;0.00131905;0.00011849;0.00052736;1.32668e-05;2.69724e-09;0.00239729;0.000251555
1.01082e-10;6.57184e-11;0.999999;1.21532e-10;8.53019e-10;3.7488e-10;8.92837e-11;4.50174e-10;1.68816e-10;1.34107e-10;1.01042e-10;6.02933e-07;5.00353e-13;1.49656e-09
2.01647e-05;0.873201;8.33411e-08;4.52853e-06;4.79769e-07;6.20731e-07;1.08475e-05;0.00198952;6.70056e-05;1.12866e-06;3.32487e-05;1.21631e-05;0.124156;0.000503146
7.49031e-05;0.0177587;0.000320644;2.06126e-05;0.00210052;0.000193905;4.98752e-06;0.850488;0.000102838;1.13308e-06;1.89174e-05;0.0381507;0.00402247;0.0867415
4.09142e-06;0.282283;1.8654e-07;7.54139e-07;1.8006e-06;2.17735e-05;5.10018e-07;0.259082;2.41403e-07;5.77807e-07;2.22641e-06;2.05639e-07;0.458573;2.9746e-05
3.23198e-10;1.00055e-09;1;1.94492e-09;4.83443e-10;1.19266e-09;3.77763e-11;7.61715e-10;1.97822e-11;5.75509e-11;1.59337e-09;1.90374e-07;8.13713e-10;8.5823e-12
7.13148e-06;0.00993413;0.00129942;9.9115e-05;2.21023e-05;3.72468e-05;1.79647e-07;0.00391831;7.66167e-05;1.47312e-06;0.000788364;0.983386;0.000387048;4.26275e-05
2.45428e-05;0.966652;3.00358e-06;1.3213e-05;7.83837e-05;6.82805e-06;2.71392e-06;0.00179965;1.49116e-05;7.31183e-06;0.00612259;0.025165;3.52717e-05;7.46294e-05
1.06778e-07;0.999591;2.01502e-06;1.8967e-06;3.18863e-06;1.65247e-05;1.61953e-05;4.19604e-07;1.34321e-10;0.000158109;1.69628e-07;3.12932e-07;1.42456e-06;0.000208308
3.0065e-09;2.07386e-06;0.999996;6.73655e-09;2.88544e-08;6.67449e-08;1.17743e-06;2.90263e-09;1.15875e-11;5.52045e-08;7.39752e-09;1.45931e-08;1.74848e-09;8.63619e-07
6.1685e-06;0.141328;1.50365e-05;2.6576e-06;1.71996e-06;0.000281776;0.00183977;0.202383;2.49799e-05;2.38741e-06;0.00102742;7.23085e-08;0.653086;4.01159e-07
1.12266e-08;1.07587e-07;0.999997;3.45716e-08;1.13703e-08;2.90174e-07;5.76503e-09;2.05171e-06;3.91434e-09;4.56204e-09;4.93984e-08;2.59939e-07;2.62142e-07;1.58814e-10
1.77479e-07;2.97432e-05;0.981648;1.88757e-07;6.8396e-07;1.58717e-06;6.32897e-09;5.99227e-05;3.81648e-09;9.45719e-08;1.62051e-08;0.0182055;2.65108e-06;5.18581e-05
3.81179e-06;0.000424003;8.57853e-06;9.86899e-07;0.0188776;0.953882;3.05766e-07;4.48698e-05;5.59757e-07;1.26908e-06;1.64537e-06;2.11333e-06;0.00180165;0.024951
5.17682e-06;0.0019555;7.54876e-06;1.2603e-06;0.0111997;0.000195818;3.13175e-08;0.00951587;1.42101e-06;3.35457e-08;1.88971e-06;0.974668;0.00203114;0.000416996
1.27168e-05;0.992431;0.00103152;3.89889e-05;0.00162818;0.000642699;0.000299237;0.000170036;9.69907e-08;0.000989472;1.69576e-07;8.65172e-06;0.00112622;0.00162148
2.01506e-09;1.61556e-10;0.999996;2.76967e-10;3.2059e-08;1.77191e-09;2.39672e-10;2.10487e-08;2.45686e-10;6.54495e-12;4.12283e-11;4.24388e-06;9.339e-12;1.26589e-10
7.33358e-06;0.949776;1.09828e-06;3.59271e-08;9.41258e-07;5.05767e-08;3.25446e-09;0.0478736;3.04467e-07;3.62626e-09;1.12204e-08;0.000110016;0.00217869;5.21486e-05
3.34427e-07;0.984335;8.56374e-09;7.18992e-09;1.87111e-06;4.86929e-07;2.61792e-06;0.000152993;7.67239e-09;8.16733e-06;1.66185e-09;7.5044e-07;1.26221e-05;0.015485
4.71217e-11;5.70575e-10;0.999981;4.57835e-11;2.55856e-10;3.51205e-11;1.10821e-10;4.72129e-08;6.52478e-12;8.32733e-11;6.23178e-12;1.91366e-05;1.69743e-12;5.62705e-12
0.00014074;0.0546218;3.98699e-06;0.00302643;4.74554e-05;2.04212e-05;0.015569;0.0546429;0.348248;0.000687825;0.461187;0.00326218;0.0585268;1.45881e-05
3.26769e-05;0.991725;0.001414;0.000410074;8.36116e-06;2.20347e-06;1.30346e-05;0.000360023;4.39368e-06;7.49626e-06;2.64792e-05;0.00384658;0.00212975;1.9635e-05
3.22992e-06;6.39955e-05;5.39722e-11;6.19244e-09;1.78837e-06;1.87789e-09;7.4577e-08;0.999927;1.32312e-06;6.70426e-09;1.11658e-07;3.55631e-07;2.00813e-06;5.75069e-08
2.95105e-06;0.00689944;1.90844e-05;2.7031e-05;0.00100961;0.00197742;2.33084e-05;0.00141737;1.90483e-06;0.000367957;8.56527e-07;1.48321e-05;0.000195089;0.988043
4.88551e-09;1.51973e-09;1;6.69793e-09;4.97636e-11;1.13803e-10;1.16467e-08;1.14298e-08;1.27951e-08;2.15308e-10;7.10872e-08;2.07049e-08;5.86628e-10;2.40107e-12
1.0214e-05;0.134779;0.00108656;0.000103674;2.94397e-06;1.30977e-06;5.93605e-06;0.00797027;0.00106684;1.40737e-06;0.00165035;0.852502;0.000732004;8.70649e-05
1.17204e-08;6.31767e-06;0.999951;2.29236e-07;4.05825e-06;2.94471e-07;3.70815e-08;2.8108e-07;1.35008e-09;1.00041e-08;1.16729e-07;1.92864e-05;7.30633e-07;1.7654e-05
3.2269e-07;0.679391;1.80396e-06;1.91832e-07;6.00087e-05;1.65927e-08;1.22654e-09;0.315225;1.7431e-08;4.6945e-09;4.05506e-08;0.00511677;9.75986e-06;0.00019509
5.40329e-09;0.995879;2.06266e-10;6.421e-08;6.45982e-09;2.09113e-09;2.96668e-07;1.1694e-06;1.91853e-09;3.3699e-07;7.65489e-09;2.76002e-06;1.73591e-06;0.00411454
8.95646e-05;0.709082;0.000153072;0.000224584;2.5566e-06;6.95719e-05;0.0105695;0.0243719;0.0001213;5.04276e-06;0.000637352;2.48093e-06;0.254669;2.74743e-06
2.47943e-06;0.000948075;4.49958e-10;5.82767e-07;5.73437e-07;9.7833e-08;3.40949e-08;0.396214;1.16804e-06;4.23272e-08;1.23042e-06;3.49609e-06;0.602828;1.13796e-08
0.000154828;0.799571;0.0130554;0.00609569;0.000627392;0.00133577;3.95979e-05;0.0033435;1.5682e-05;0.000569315;0.00012568;0.0692281;0.105086;0.000751266
6.85567e-06;0.934686;1.24015e-08;6.1149e-07;5.16606e-07;1.0139e-06;0.0603616;2.10692e-05;2.03652e-07;0.000177307;4.13066e-06;4.94327e-07;1.08743e-05;0.00472974
1.0891e-10;2.66935e-11;1;1.13144e-10;1.20804e-09;2.81851e-11;2.00958e-09;1.71717e-09;1.36537e-10;3.42134e-11;2.04764e-09;4.03868e-07;1.2744e-12;1.29881e-13
8.12295e-05;0.72199;8.07606e-06;0.000243778;0.00129819;0.000913948;0.0152196;0.208821;0.0255881;0.00210806;0.00403584;3.42663e-07;0.0186785;0.00101254
1.27853e-08;1.26572e-08;0.999998;4.01447e-08;7.39848e-09;6.27121e-09;4.46089e-08;4.86575e-09;4.32856e-08;2.50399e-09;1.12968e-07;1.7364e-06;1.5275e-10;4.90931e-11
5.15859e-05;0.0238509;0.000120019;0.000168154;0.000464545;0.000110331;3.05555e-07;0.00516764;0.000639926;1.62746e-06;0.000232935;0.92622;7.53323e-05;0.0428968
9.88683e-05;0.622183;4.49466e-05;9.70896e-06;0.000568;0.000235302;1.35394e-06;0.0841767;4.66703e-05;1.67694e-06;3.51827e-05;0.000214078;0.292263;0.00012166
8.59832e-07;0.346822;1.28822e-09;3.9631e-07;4.26692e-05;1.31241e-06;1.08297e-05;3.67409e-05;1.08496e-08;5.12225e-05;4.9975e-09;3.71767e-05;7.49354e-05;0.652922
4.81611e-13;1.59634e-12;1;9.03607e-14;3.13099e-11;7.49289e-14;7.56601e-15;3.59139e-10;8.55069e-15;1.79434e-14;4.52047e-16;8.64893e-12;7.68224e-16;2.94521e-15
1.17733e-06;0.0119396;4.99032e-06;2.64193e-05;1.4634e-05;8.59352e-05;9.05516e-07;0.983139;0.000226424;2.57417e-06;4.06854e-06;2.21888e-05;0.00452607;6.15241e-06
