2.81168e-07;0.998242;1.6779e-09;2.61898e-08;1.74752e-08;1.05625e-07;5.81783e-07;0.000547963;1.43426e-08;3.81369e-07;9.23361e-09;4.49841e-08;0.00112937;7.94804e-05
2.07619e-09;2.89226e-07;0.999992;7.79707e-09;1.51549e-09;3.10035e-10;4.79171e-10;4.33047e-08;1.39479e-10;2.64941e-10;2.87291e-10;7.45091e-06;1.31717e-09;7.4052e-10
0.000219959;0.0220439;0.000932346;0.000530626;0.00646138;4.94523e-06;0.00136626;0.951681;0.000377647;8.2343e-05;0.000812919;0.00115923;0.00011227;0.0142152
0.000342734;0.0123381;3.02142e-06;4.40721e-06;0.000874127;5.07469e-06;0.00190421;0.981689;0.00158286;1.81384e-05;0.00055414;2.58326e-05;0.000639716;1.82367e-05
9.6315e-05;0.000337894;0.994517;1.39732e-05;0.00024363;1.27953e-05;1.27383e-07;2.02812e-05;1.0557e-06;6.6996e-07;2.67807e-06;0.00430526;2.32344e-05;0.000425424
1.50081e-06;0.998558;3.58669e-09;4.70029e-07;1.91673e-06;2.07461e-07;3.41978e-06;0.000520306;8.60216e-05;8.16364e-08;2.54739e-05;0.000120136;0.000520864;0.00016196
3.46258e-07;0.0148085;5.99647e-10;1.47338e-08;3.82661e-05;9.2367e-09;4.10668e-08;0.985124;5.82477e-08;2.14882e-07;1.29199e-09;2.73083e-07;1.90147e-05;9.65716e-06
2.53425e-07;3.95605e-05;0.996928;3.44795e-06;7.30688e-06;2.05213e-05;3.82562e-09;5.25217e-07;3.12726e-08;2.98775e-07;4.9291e-07;0.00278412;0.000214662;9.58006e-07
5.30651e-06;0.995406;7.11752e-10;6.29796e-09;4.74402e-07;3.66259e-08;8.24973e-05;0.00449853;7.21317e-07;7.90829e-07;8.08219e-07;1.84599e-08;2.62345e-06;2.53713e-06
2.84324e-09;9.6319e-09;0.999999;9.84707e-10;1.88177e-08;3.71681e-10;3.30316e-08;1.26428e-07;4.09215e-09;1.51364e-09;9.3537e-10;4.74594e-07;7.59621e-11;4.34767e-11
0.000105183;0.279857;1.64558e-06;2.11187e-05;2.12525e-06;4.375e-07;0.000100653;0.659204;0.0329199;3.31594e-06;0.00557201;0.00629953;0.0159125;1.06769e-07
0.00011986;0.762712;0.000140308;0.000758591;0.000122294;4.49755e-05;0.000298562;0.121894;0.000236593;0.000114559;0.00182236;0.035464;0.0750847;0.00118793
7.66033e-05;0.26571;1.68154e-07;0.000466375;5.86865e-05;1.75379e-06;0.00114772;0.00745547;0.00946922;2.28333e-06;0.0868105;0.610606;0.0177891;0.000406732
0.000757132;0.190844;3.13456e-05;0.000845898;0.000405827;0.000186493;0.000732927;0.00618486;0.00338415;8.29803e-05;0.0164613;0.617895;0.161878;0.000309783
0.00123843;0.0459667;5.70725e-05;7.5991e-05;3.34247e-05;9.87084e-05;2.47003e-05;0.00624929;0.00169141;1.08813e-05;0.000523479;0.266835;0.677085;0.000109207
5.43706e-05;0.0323661;6.26859e-06;0.000574055;0.000646823;0.0001116;1.63896e-05;0.0020409;0.000601629;2.097e-06;0.000738409;0.962061;0.000464371;0.000316413
3.44075e-05;0.962951;2.05807e-07;2.09181e-05;4.44444e-06;8.47673e-06;3.5661e-06;0.000459213;1.36671e-06;3.2662e-06;7.56243e-06;0.00124324;0.0343016;0.000960584
4.68663e-06;0.000824509;1.04963e-06;9.46535e-07;3.08386e-06;1.0445e-06;9.40765e-08;0.0159767;1.29311e-07;2.00075e-06;1.62733e-07;0.983077;0.000102392;5.8411e-06
2.39113e-07;0.00386056;9.20782e-08;2.6451e-05;2.37191e-07;8.5403e-06;0.958215;2.29489e-08;2.07543e-06;0.0376998;1.0632e-05;2.08248e-08;9.16467e-07;0.000175786
1.47304e-09;2.28105e-09;0.999964;2.87585e-08;9.9547e-11;1.72262e-09;3.56554e-05;7.11131e-12;1.51189e-08;3.65653e-08;2.93596e-07;1.55697e-09;7.9398e-12;2.55561e-12
8.19496e-05;0.987354;0.000187769;0.000544816;4.75188e-06;5.44951e-06;0.00251097;2.0309e-05;0.000547556;3.02682e-06;0.0050018;0.00078431;0.0029482;4.95521e-06
3.61194e-05;0.68042;1.36798e-07;1.75404e-06;8.16404e-07;3.69583e-07;3.50465e-07;0.0369802;2.83359e-05;4.16575e-07;2.54124e-05;0.000111825;0.282382;1.1862e-05
1.57851e-07;0.974688;3.75705e-10;7.12277e-08;5.29421e-08;1.30367e-07;2.16108e-05;3.14458e-06;3.51811e-09;0.000103122;6.2368e-10;4.56464e-06;3.76553e-06;0.025175
7.63799e-12;6.88262e-13;1;3.03796e-11;1.0028e-10;5.85903e-12;2.18039e-09;1.00715e-10;9.52986e-12;2.39567e-10;5.41623e-11;7.49757e-08;3.20599e-15;5.9445e-13
5.58226e-08;0.000903789;1.84529e-08;1.49975e-08;2.32677e-11;3.44291e-10;0.998598;2.85132e-08;1.90856e-06;0.000495239;9.41826e-07;2.80054e-13;1.07641e-07;1.23398e-07
1.47926e-12;4.46746e-14;1;1.7768e-12;5.86107e-13;2.06689e-13;4.35805e-10;5.00466e-13;4.50803e-11;1.63877e-11;8.37031e-11;7.42967e-12;7.93364e-18;5.89059e-15
