2.65895e-05;0.979883;3.75614e-08;8.11807e-06;3.12085e-05;1.68e-07;1.96505e-06;0.015025;3.0091e-05;1.05305e-06;1.61276e-05;4.95553e-05;0.00485857;6.88914e-05
2.19207e-06;0.994884;4.8636e-07;4.53769e-07;6.30523e-07;4.96517e-07;4.30426e-05;0.00197884;3.28921e-07;3.17016e-05;1.43677e-07;3.74977e-07;0.0028049;0.000252829
6.39546e-11;1.14265e-10;0.999999;2.17984e-10;1.06435e-09;8.83478e-11;6.37313e-11;2.80982e-10;1.6218e-11;4.43774e-12;4.09764e-11;8.43814e-07;6.8753e-13;6.52853e-12
2.12581e-06;0.975059;2.06714e-07;3.58233e-05;2.83734e-06;1.36578e-06;8.58377e-06;0.000538139;4.21129e-05;2.42088e-07;0.000181752;0.00278363;0.0213075;3.63372e-05
5.55524e-07;0.000427838;9.0561e-10;2.09474e-09;9.28552e-08;7.09892e-10;5.67086e-08;0.999571;6.63954e-08;1.26846e-09;1.75406e-08;5.2916e-09;7.15602e-08;5.71409e-07
3.36437e-06;6.0649e-05;4.91462e-07;4.24124e-05;0.985727;2.21392e-05;3.38167e-07;0.00615151;3.61635e-05;2.37008e-06;1.82141e-05;0.00424007;9.83393e-06;0.00368508
1.28674e-06;0.000659959;0.99928;2.59965e-06;3.71837e-08;1.37465e-07;3.3367e-08;6.15065e-08;4.64935e-07;3.7115e-08;1.83798e-06;4.16173e-05;1.17809e-05;3.33413e-07
6.97352e-06;0.981987;1.43087e-08;2.30882e-07;7.50876e-08;1.75958e-06;1.25102e-07;9.22631e-06;5.13818e-06;2.92593e-08;1.78075e-05;0.000549509;0.0174208;1.72975e-06
3.49333e-06;0.244158;7.66877e-07;5.4771e-06;3.70072e-06;3.29604e-05;7.51893e-08;0.0560797;3.38011e-05;6.97842e-07;0.000110059;0.692428;0.00710139;4.2105e-05
4.91849e-05;0.734727;1.33662e-05;0.000596804;0.01225;0.0660505;9.70905e-06;0.0712657;0.000920272;0.000102072;0.00718612;0.00263205;0.082983;0.0212146
0.000193767;0.140699;3.54705e-05;6.22193e-05;8.18103e-05;0.000146851;1.3571e-05;0.00304873;0.000547607;4.41208e-06;0.00222853;0.762917;0.089133;0.000887967
7.22383e-05;0.223262;1.28418e-06;1.28148e-05;0.000268408;4.40958e-05;9.349e-07;0.0468813;8.26833e-06;2.82898e-06;2.93128e-05;0.0835484;0.645562;0.000306717
2.09175e-05;0.0659411;0.000101195;5.13066e-06;7.68807e-06;1.23719e-06;2.76489e-06;0.698821;8.25658e-05;1.74514e-06;7.09041e-05;0.233182;0.00175479;7.42779e-06
0.000267942;0.0621584;3.69687e-06;0.000426583;0.156374;0.486855;0.0024046;0.231947;0.00149733;0.014828;0.000210353;3.47799e-05;0.0228641;0.0201289
1.27292e-07;2.82387e-08;0.999999;2.67258e-08;2.14504e-09;1.75437e-09;2.74165e-07;6.5557e-08;1.09108e-07;3.18615e-09;6.23502e-08;9.67112e-08;5.24246e-08;1.24172e-11
0.000288063;0.00844413;0.00140043;9.195e-05;0.000185219;1.40853e-05;7.55684e-06;0.00315748;0.00548334;2.72212e-06;0.000161391;0.977553;0.00101191;0.00219885
1.71192e-05;0.934556;4.60106e-08;1.04996e-07;0.000178542;6.01254e-06;1.14867e-07;0.0496971;1.84773e-06;4.15064e-07;4.32111e-08;1.17861e-06;0.000371901;0.0151697
4.31149e-06;0.00143877;0.000271887;4.51669e-06;0.0207821;0.000210836;1.65504e-09;0.000160296;3.24659e-08;3.14986e-07;2.49324e-08;0.976004;0.000107151;0.00101571
0.000535213;0.193365;1.96525e-06;9.65888e-06;0.000103849;2.92437e-05;5.10457e-05;0.78629;0.007121;1.28371e-06;0.000145715;0.00013827;0.0122008;6.64384e-06
1.35127e-05;0.884845;6.94866e-07;3.49574e-07;7.44795e-07;4.66281e-07;5.02596e-07;0.100896;3.18981e-06;6.91371e-08;7.69716e-07;0.00849682;0.00574166;1.56637e-07
3.49669e-07;0.00035064;6.19119e-06;8.77042e-06;1.75665e-05;9.54188e-06;7.05201e-08;0.00352475;1.29619e-06;6.40547e-07;6.79107e-07;0.989905;0.00610444;7.04236e-05
0.000525765;0.092187;1.5726e-07;6.49734e-05;0.00467569;0.000370414;0.000265108;0.759698;0.00310732;6.09981e-06;0.000309339;0.00351989;0.135206;6.40037e-05
0.000936432;0.102145;8.31823e-06;1.50295e-05;0.00115516;1.26404e-06;8.95285e-06;0.00267491;1.3468e-05;5.43068e-06;1.44361e-05;0.776991;0.115947;8.24601e-05
0.00381778;0.0889237;3.84955e-06;0.000558629;0.0191119;0.000925352;1.59873e-05;0.705315;0.0195019;1.95293e-05;0.000543933;0.0348678;0.125603;0.000791957
0.000197863;0.878603;4.21174e-06;0.00262552;0.000852413;0.00061707;0.000159334;0.000977058;0.00275694;0.000541693;0.000820277;0.0776295;0.0279413;0.00627347
0.000280193;0.00150049;2.30057e-07;7.80064e-05;0.980558;0.000123856;0.000322631;0.0106932;0.00404492;0.000243533;0.000650991;4.54676e-06;0.00147766;2.19073e-05
0.00272941;0.0201069;0.962163;0.000519185;0.0115151;2.65649e-05;7.37544e-05;1.98742e-05;0.000165627;7.77241e-05;7.58789e-05;0.000212362;0.00132445;0.000990275
0.00071424;0.95057;0.000228628;4.94804e-07;2.53328e-06;7.09819e-09;5.1235e-06;0.0072091;0.000250874;6.43862e-08;9.09114e-05;0.0404847;0.000442472;1.17052e-06
4.02471e-05;0.480849;6.48573e-10;2.8954e-06;0.000216212;2.40132e-06;0.000370038;0.0155676;0.000721811;0.000301797;4.19513e-06;2.77384e-05;2.98835e-05;0.501867
2.39459e-07;1.79384e-06;0.999689;4.85398e-08;2.61497e-08;1.48862e-09;2.37059e-07;4.00289e-07;1.6416e-06;8.06018e-09;1.44153e-07;0.000306434;4.46401e-08;1.42861e-07
0.00218371;0.452578;2.81092e-06;0.000469324;0.00204787;0.000506186;0.0011519;0.0345273;0.256717;8.48363e-05;0.0112611;0.0801891;0.156036;0.00224474
3.63697e-05;0.99306;0.000401583;1.16546e-06;3.53447e-06;1.92574e-06;1.10093e-06;0.00596499;8.49187e-07;1.89943e-06;2.98927e-08;0.000325093;0.00016867;3.2683e-05
6.28618e-09;1.17691e-08;0.999999;5.22188e-10;5.39413e-07;1.67591e-09;8.23996e-11;7.85483e-08;2.05767e-10;2.08693e-10;3.77637e-11;6.28879e-07;6.19994e-11;1.27964e-08
6.98373e-06;0.0674141;0.00392563;1.64239e-05;0.000168909;4.81118e-05;4.97733e-06;0.000434426;6.59483e-05;8.85532e-07;5.29863e-06;0.742019;0.000701474;0.185188
1.58037e-05;0.135273;1.70365e-06;0.000126576;0.00155601;0.00205456;4.64976e-06;0.0154307;0.000682242;1.89525e-05;0.000639456;0.751574;0.0862235;0.00639863
3.87875e-06;0.0708289;1.10208e-06;7.8181e-07;8.65366e-05;0.000689516;1.24284e-06;0.923926;1.60811e-06;2.85766e-06;1.949e-06;0.000117821;0.00393013;0.000407502
3.28821e-09;6.12994e-10;0.999999;2.11344e-09;1.70936e-09;7.48928e-09;8.88889e-10;1.06186e-08;3.37809e-10;8.26018e-11;5.36699e-09;1.45487e-06;1.12695e-09;5.13311e-11
3.44044e-06;0.000290418;0.000815065;5.44694e-06;1.12164e-05;9.75263e-06;1.14452e-07;5.61746e-05;4.30375e-05;7.49162e-08;2.30498e-05;0.998581;1.78077e-05;0.000143586
0.000283545;0.667759;1.54379e-06;1.15773e-06;0.000116298;0.00017895;1.99856e-06;0.274444;0.00022857;1.96604e-07;0.000855499;0.000207647;0.0558195;0.00010243
7.69919e-06;0.846774;3.4021e-08;2.599e-07;9.38726e-05;2.3185e-05;1.31509e-05;2.19595e-05;1.98426e-07;8.31524e-05;3.48242e-09;4.16216e-07;4.64367e-06;0.152977
3.01613e-11;2.05888e-11;1;4.27921e-13;2.7973e-10;5.43107e-12;1.37788e-13;2.84898e-09;9.02808e-13;1.94049e-13;8.15285e-14;8.46873e-12;8.43814e-14;6.89877e-14
2.96617e-05;0.0039942;4.50584e-05;8.27741e-06;0.000529477;0.000293309;1.04199e-06;0.989077;0.00122624;2.76604e-06;6.40265e-05;0.00142512;0.00299239;0.000311478
