3.89154e-11;7.60194e-12;1;7.26465e-12;3.13145e-11;1.17657e-12;1.38379e-11;5.2704e-10;6.39144e-12;1.26453e-12;9.40468e-12;1.53563e-08;1.61307e-13;1.67746e-14
5.85042e-06;0.000219857;0.000154692;2.65452e-05;1.5243e-05;9.11145e-06;4.96575e-06;0.00245705;0.000829517;1.91062e-07;0.00214678;0.993696;0.000426417;7.90932e-06
4.53851e-07;0.00779367;5.43467e-08;5.24051e-07;9.44851e-06;6.53227e-05;2.01018e-07;0.002241;1.35163e-07;4.22419e-08;1.50525e-06;5.75402e-06;0.989859;2.26818e-05
1.40104e-06;0.00660378;3.12108e-08;5.29264e-05;0.000215734;1.45795e-05;3.93478e-08;0.000769015;8.90382e-07;1.44355e-06;2.30029e-06;0.981233;0.000218742;0.0108863
4.14595e-06;0.999083;1.59801e-10;4.501e-07;3.41452e-06;6.30034e-09;0.000390695;0.0003336;2.26289e-07;4.16076e-06;3.87416e-06;3.51474e-07;4.54096e-06;0.000171647
0.000144546;0.0148716;0.0460064;0.00361068;0.000130783;0.000303652;0.000147892;0.000278466;0.00012444;7.17027e-05;0.000133084;0.928657;0.00465187;0.000867342
4.19743e-05;0.994689;1.27034e-08;2.20935e-06;9.99901e-06;4.94225e-08;3.1341e-05;0.00478782;7.30065e-05;5.09642e-07;6.16419e-05;0.00024625;3.34091e-05;2.26606e-05
2.3801e-05;0.934662;0.0162381;9.87089e-05;2.52343e-05;3.36554e-07;6.35575e-05;1.7218e-06;2.11017e-06;9.94709e-06;1.86123e-05;9.162e-05;0.0487611;3.58612e-06
2.79149e-05;0.0529832;6.43836e-07;2.17918e-07;1.5888e-06;2.85289e-08;6.26084e-07;0.000168494;6.50246e-06;8.31318e-09;6.246e-06;0.946044;0.00074677;1.34493e-05
2.11072e-05;0.860426;1.60353e-06;3.90633e-08;0.000101691;4.17496e-07;1.22e-07;0.0749717;1.1665e-07;9.03991e-08;1.43923e-08;0.00444105;0.0599742;6.1492e-05
7.93785e-05;0.0931205;3.68736e-06;9.82084e-05;0.000493856;0.039989;2.08065e-05;0.0028482;0.00168008;0.000184788;8.03643e-05;0.00450601;0.850879;0.00601641
0.000268014;0.0046023;0.936839;0.000107105;5.90205e-05;6.35626e-05;4.38946e-07;9.94819e-05;8.63615e-07;6.2444e-06;1.89271e-07;0.0570116;8.5887e-05;0.00085617
2.2094e-05;0.991776;6.34363e-08;2.55809e-05;1.87214e-05;0.000119009;1.67891e-05;0.000307887;0.000333009;6.78918e-07;0.000116055;0.000146132;0.00387242;0.00324544
1.44374e-05;0.995206;2.96191e-05;1.33036e-06;1.15347e-08;4.62819e-09;1.28146e-07;0.000896975;5.61692e-06;1.27445e-07;7.25794e-06;0.00374272;9.60375e-05;2.55459e-08
6.69314e-08;0.999794;4.09348e-08;8.23722e-07;5.91637e-07;1.33554e-08;7.35661e-07;3.28419e-06;6.49239e-09;3.13958e-05;5.50374e-09;1.7053e-07;6.54774e-08;0.000169037
1.38239e-06;5.25543e-05;0.99965;4.36917e-07;1.28513e-06;1.73123e-05;9.04431e-05;3.33256e-05;3.74096e-07;1.04614e-05;3.60346e-06;1.30213e-06;0.000135883;1.94589e-06
2.89088e-08;4.90297e-09;1;2.55303e-09;1.4376e-09;1.08981e-09;7.72497e-09;3.97063e-08;2.70855e-08;1.2515e-09;2.41666e-08;6.10609e-08;4.58844e-09;1.54966e-11
4.37626e-07;3.54743e-07;0.998854;2.26296e-08;2.27154e-07;9.03144e-09;2.56818e-09;0.000107618;3.92081e-07;1.50144e-08;5.26944e-09;0.00103599;4.60096e-09;1.45412e-06
5.01232e-07;0.0015249;1.16527e-05;2.11481e-08;5.60185e-05;4.96624e-05;7.76888e-10;4.33914e-05;6.48747e-09;4.53779e-08;3.94321e-09;0.000167502;4.576e-07;0.998146
3.6875e-06;6.82993e-05;2.09555e-09;4.25855e-09;3.24528e-06;1.75351e-05;9.79137e-09;0.998574;8.6361e-08;5.55531e-09;1.97197e-08;2.71443e-09;0.00133311;1.20882e-07
1.55503e-08;9.3108e-08;0.999999;4.456e-09;1.23046e-09;6.78346e-10;1.10149e-09;6.52044e-07;3.68627e-10;3.99497e-10;1.91832e-10;6.12825e-08;6.12975e-08;1.6743e-11
7.82732e-08;5.75685e-06;0.000151116;9.22367e-07;8.35091e-07;9.78404e-07;1.2101e-09;0.000509317;2.86005e-07;1.45856e-08;9.27413e-08;0.998785;5.10511e-07;0.000544604
8.34646e-07;0.978744;8.21225e-10;1.04742e-06;0.000193819;0.000108904;4.12473e-07;0.00528697;1.9755e-08;8.64455e-07;5.83256e-07;7.83217e-07;0.0115079;0.00415396
1.07855e-05;0.00228452;3.61223e-07;3.50392e-05;0.0917775;0.0143349;1.44182e-06;0.675103;6.84971e-06;2.42249e-06;1.04423e-06;0.00955993;0.0115403;0.195342
6.24192e-06;0.983225;8.2369e-05;7.9379e-05;0.00509719;0.000491486;2.9906e-06;0.00979579;4.51861e-06;2.84856e-06;3.59073e-06;1.90682e-05;0.00091022;0.000279099
1.77872e-05;0.965725;0.000230091;3.98848e-05;2.05768e-05;1.02415e-05;7.046e-07;0.00242887;1.6595e-07;3.65307e-07;7.02304e-08;0.00663949;0.0248709;1.54786e-05
3.71206e-05;0.953063;9.71705e-09;5.93205e-05;0.000943855;1.0932e-05;1.65405e-05;0.00491546;2.65164e-05;2.66048e-06;0.000253131;0.0174422;0.0226843;0.00054473
7.49849e-06;0.914542;1.81234e-09;1.61609e-06;0.000259731;9.40361e-07;2.73488e-05;2.67669e-05;1.25169e-06;0.000224342;2.70885e-07;3.15324e-07;6.84087e-07;0.0849072
7.91588e-07;5.39516e-06;0.999985;5.51585e-08;1.20686e-07;8.69228e-09;4.56095e-07;2.0077e-06;3.80167e-07;2.85342e-09;1.90343e-06;2.73618e-06;1.5434e-06;1.20927e-08
2.0385e-05;0.00351497;4.835e-07;4.503e-07;0.0078873;7.02496e-05;1.50455e-06;0.988059;2.29384e-05;2.08366e-07;7.47972e-06;5.47814e-05;0.000223067;0.000137495
5.58284e-05;0.00597979;2.87659e-09;1.04517e-06;3.0304e-05;8.19094e-07;1.99706e-07;0.989039;0.000142853;1.116e-07;1.44758e-05;0.000356108;0.00437969;3.51417e-07
2.41362e-05;0.000126022;6.46522e-10;5.04027e-08;2.10551e-07;1.36274e-08;1.22305e-08;0.999772;5.3824e-05;4.63327e-09;6.69586e-07;2.8146e-07;2.302e-05;1.9983e-08
1.17025e-06;0.000708184;2.61256e-06;4.88602e-07;2.3307e-06;6.36343e-07;2.93325e-09;1.38704e-05;6.79987e-08;4.46137e-07;8.96624e-08;0.995915;1.02821e-05;0.00334492
1.96254e-07;0.0219182;3.1832e-09;4.85216e-07;1.92307e-10;4.05579e-09;0.977164;9.4453e-09;6.75324e-06;0.000865233;1.41589e-05;9.19575e-12;1.85544e-06;2.88813e-05
3.53788e-09;8.64625e-10;0.999985;7.72822e-08;2.79752e-10;2.16145e-10;6.4815e-06;1.15837e-09;4.10256e-06;1.97054e-08;4.76678e-06;4.89769e-08;1.00319e-12;1.83754e-11
0.000417627;0.029347;1.15955e-06;2.17239e-05;1.03266e-06;1.61575e-06;6.35094e-06;0.00071477;0.0072038;7.48756e-06;0.00076463;0.00205533;0.959457;9.71377e-07
4.36366e-05;0.282859;0.000127247;1.43205e-06;0.0375082;7.96947e-05;2.14507e-06;0.661054;4.74239e-06;4.3261e-05;9.86941e-07;4.49563e-05;2.10526e-05;0.0182099
2.39356e-05;0.00180632;0.976812;7.67056e-05;0.00256721;0.00113613;1.04598e-07;0.000205529;8.91729e-07;7.85259e-05;8.02599e-06;0.0143114;0.000114536;0.00285828
9.22803e-07;0.0150387;2.24193e-09;7.86782e-08;4.5739e-10;1.18342e-07;0.984133;3.68297e-07;0.000263144;0.000202732;0.00025817;2.43275e-11;4.13769e-05;6.14401e-05
1.45108e-10;1.12194e-11;1;6.73839e-11;4.99214e-11;1.29827e-11;2.03256e-09;6.52672e-10;5.00384e-09;6.111e-10;1.37667e-09;4.63929e-11;2.18498e-15;5.96101e-14
