4.64201e-06;0.992774;3.9776e-09;2.66095e-07;3.69839e-06;2.00631e-08;5.14241e-05;0.00713126;1.50557e-06;5.36909e-06;7.45094e-07;1.72598e-08;6.83415e-06;2.00636e-05
3.8692e-10;4.14007e-08;1;1.89643e-10;1.54534e-10;1.35512e-13;3.85192e-09;1.02349e-09;5.44942e-11;2.0125e-10;7.8745e-10;6.69899e-08;1.48633e-12;2.62383e-12
2.80067e-07;3.3287e-05;9.95627e-06;5.79433e-07;3.92902e-06;7.81443e-09;3.27743e-08;0.00014282;3.85932e-06;1.26477e-09;1.29903e-05;0.99978;8.9831e-07;1.16459e-05
6.84508e-06;0.947278;4.27501e-09;3.35795e-06;2.25909e-05;4.38734e-07;4.8937e-06;0.0432149;5.4483e-05;1.53917e-07;9.99692e-05;0.00214301;0.0070773;9.35521e-05
4.60107e-05;0.0269285;1.57192e-06;0.000103851;0.000585845;0.000414997;8.49128e-07;0.486147;0.000205204;7.77096e-06;6.87641e-05;0.0466177;0.418128;0.0207442
0.000330475;0.157652;0.000195843;0.000141817;0.000698237;0.00239649;2.88817e-06;0.0828606;0.000242557;1.26518e-05;0.000131132;0.726281;0.018308;0.0107463
1.4879e-05;0.910928;1.87098e-09;1.23315e-06;1.86793e-05;1.17804e-06;8.70644e-08;0.00139207;2.37896e-06;2.12284e-07;3.03976e-05;0.00321157;0.084177;0.000222324
5.76822e-05;0.982632;5.88349e-05;2.05677e-06;2.36867e-06;3.67325e-06;0.00346329;1.1875e-05;3.94056e-07;0.000594434;1.14033e-06;0.000990032;0.000243462;0.0119385
1.21859e-09;5.13198e-10;1;2.37953e-09;1.08788e-09;4.61824e-09;1.54807e-07;1.74776e-09;3.61352e-09;3.29212e-09;7.94241e-09;1.21518e-07;2.32525e-12;8.52832e-11
2.46347e-06;0.402181;2.06631e-07;5.71867e-07;8.73892e-09;4.23279e-07;1.11551e-05;2.40539e-06;3.13645e-06;2.69937e-08;2.63484e-05;9.88878e-05;0.597673;4.88963e-08
0.000115481;0.524584;0.000574354;8.19958e-05;0.0135721;0.000109526;3.11392e-07;0.208558;9.74998e-06;1.46198e-05;2.23609e-05;0.185977;0.0593093;0.00707188
2.23481e-05;0.611196;0.000315267;0.00354436;0.00275779;0.000128775;0.00060684;0.0118671;0.000789117;0.000113864;0.0104727;0.333402;0.00484955;0.0199344
5.31289e-05;0.379107;2.23658e-07;0.00197485;5.64857e-05;0.000128267;0.00111006;0.026699;0.000524272;0.00022538;0.0144531;0.432966;0.142586;0.000116691
0.000475308;0.934865;0.00925662;0.00489554;7.63749e-05;0.000238818;3.01976e-05;0.00309957;4.17572e-05;1.21885e-05;0.000344531;0.0420129;0.00362008;0.00103126
0.00101662;0.936197;5.50469e-07;6.3532e-05;0.000134063;0.000187149;6.21139e-05;0.0107769;0.000499623;6.84374e-06;0.000912005;0.00348238;0.0415799;0.00508153
8.2445e-06;0.55431;1.68149e-05;1.58031e-06;0.00011182;1.7965e-06;5.11858e-07;0.0378655;9.52006e-07;9.24355e-08;4.3339e-06;0.40561;0.000498293;0.0015696
3.43422e-06;0.994934;2.95626e-07;4.21739e-07;8.64253e-06;1.23356e-06;0.000447704;0.00314141;7.48611e-07;0.000213909;1.61319e-06;3.34178e-06;0.000769166;0.000474285
7.13199e-10;8.84929e-09;0.999999;5.08104e-10;2.51248e-10;1.60612e-09;2.49729e-09;1.48276e-07;1.12168e-10;4.71709e-10;3.67533e-10;8.80836e-07;2.07385e-11;1.02104e-10
0.000983382;0.0559301;0.000577337;0.000568665;0.0176984;0.000616922;4.55387e-05;0.533533;0.0193004;1.05528e-05;0.00843402;0.345749;0.00734835;0.00920361
0.0001745;0.971745;2.79301e-07;3.01581e-06;2.75726e-05;5.10688e-06;4.93007e-06;0.00850026;0.000183341;1.73949e-06;6.43768e-05;0.00114724;0.0181297;1.26051e-05
2.82838e-05;0.418276;8.94103e-06;1.15128e-06;8.0849e-06;6.61516e-06;1.17977e-06;0.0265417;7.60414e-06;1.67756e-06;6.04122e-06;0.496091;0.0590153;5.86747e-06
5.77484e-05;0.952466;1.3871e-08;0.000313752;0.00391341;2.52616e-05;0.00185081;0.00208278;0.000144579;0.000769291;0.000845069;0.00882999;0.02829;0.000411483
0.143822;0.754483;0.0228598;0.0342218;0.00331383;0.00041415;0.000503219;0.00828106;0.0180518;0.000396927;0.0012613;0.00431335;0.00326669;0.00481173
0.00208191;0.705016;4.87387e-06;0.00025498;0.000199022;3.91451e-06;0.189171;0.0676117;0.007684;0.00724791;0.00083732;1.14012e-06;2.35331e-05;0.0198629
5.68007e-08;7.52874e-10;0.999993;9.10491e-09;4.36953e-08;1.61545e-10;7.52465e-08;2.57814e-09;2.00106e-08;2.64485e-09;2.40673e-08;7.09649e-06;5.6633e-12;1.95779e-11
0.000288999;0.820791;6.59243e-08;9.12041e-06;5.05506e-05;4.78784e-06;2.82517e-06;3.86941e-05;4.43406e-05;3.9735e-07;5.10885e-06;0.000120283;0.178388;0.000256059
0.000141454;0.651534;3.21187e-05;4.43643e-07;7.24e-05;2.27856e-05;1.10698e-06;0.116588;5.50513e-06;1.38389e-06;4.88509e-07;0.202497;0.0192856;0.00981708
1.78643e-05;0.0573827;0.000460608;2.14938e-05;0.00109131;0.0439246;3.55648e-05;0.000714779;1.36062e-05;2.11488e-05;9.60942e-06;0.00702774;0.888824;0.000454898
0.000282342;0.0193293;0.696492;6.25368e-05;3.89663e-05;9.04469e-05;0.00928978;1.67531e-06;6.43602e-06;0.000665909;2.35831e-05;0.248614;0.0250107;9.21214e-05
3.89983e-08;1.23704e-08;0.999999;9.15623e-09;8.56356e-09;1.16759e-09;4.93156e-07;8.68471e-09;4.90989e-08;2.29986e-09;5.84993e-08;2.86874e-08;1.71438e-11;3.99287e-10
1.09331e-07;3.52366e-06;1.02377e-10;3.49565e-11;1.62235e-07;9.05811e-10;3.82287e-11;0.999995;5.40421e-08;9.78392e-11;1.63666e-09;6.25978e-07;4.2871e-07;1.95986e-08
3.8024e-08;2.28487e-05;3.4677e-06;1.33321e-06;0.000551249;0.000359469;1.73694e-09;1.4627e-05;4.71227e-08;1.03331e-07;1.21043e-07;0.00217818;7.43765e-06;0.996861
1.54089e-06;0.00476496;1.47081e-07;2.79532e-06;9.82678e-08;7.22139e-08;5.20888e-07;0.000970363;2.64167e-05;2.48678e-08;0.000335937;9.34862e-05;0.993803;4.34083e-07
6.83393e-07;0.0192645;6.63588e-10;1.78345e-06;0.000118429;1.41853e-06;5.10024e-10;0.974989;6.59876e-07;1.79912e-08;1.30436e-06;0.000448843;0.00182827;0.00334512
2.32886e-07;0.990119;9.94922e-09;3.97422e-07;2.20617e-07;4.69687e-08;0.000304248;8.59804e-06;2.56398e-09;0.000187185;7.94752e-08;2.25395e-07;1.30012e-06;0.00937902
1.74516e-09;2.44397e-10;0.999993;5.89147e-09;2.55418e-08;7.92093e-11;2.27704e-08;5.89057e-09;1.23534e-09;2.65255e-09;1.22395e-07;7.06478e-06;1.75614e-13;3.83324e-10
6.29266e-05;0.992359;6.68394e-09;6.71954e-05;1.43999e-06;7.98022e-07;0.000430723;0.00113424;0.00263139;3.09965e-06;0.00163886;3.77736e-07;0.00166012;9.53114e-06
9.80567e-07;0.00360915;6.32261e-07;2.96476e-07;5.08048e-08;2.25738e-09;2.22462e-08;2.16991e-05;8.72737e-07;2.67581e-10;8.18936e-06;0.995984;0.00037421;8.75886e-09
1.32053e-05;0.965271;9.09665e-07;1.42277e-06;0.000951686;8.26217e-06;2.52215e-08;0.0248264;9.03983e-07;4.68428e-07;4.11326e-08;0.00068115;0.00616574;0.00207916
2.75924e-07;7.05587e-05;4.40879e-10;1.00017e-06;2.37165e-08;1.31694e-05;2.78222e-06;6.16126e-07;4.75147e-05;8.98709e-07;5.19573e-06;4.43713e-07;0.999855;2.5918e-06
6.10579e-06;2.17192e-05;0.999003;2.34383e-05;4.05674e-07;2.60712e-07;4.89573e-08;8.03931e-07;6.37348e-07;2.59994e-07;2.64619e-07;0.000937576;1.07161e-08;5.47981e-06
4.52248e-06;0.994857;3.12722e-08;0.000123121;1.51523e-06;4.21805e-06;8.18295e-06;0.00068454;0.00178233;3.50634e-07;0.00090863;3.86131e-05;0.00157705;1.02049e-05
0.000473418;0.966884;7.45651e-06;0.000796413;4.92048e-05;2.01141e-05;9.95797e-05;0.00897214;0.000454194;4.4823e-05;0.00102512;0.0193638;0.00121146;0.000598009
5.6931e-07;0.00362308;1.79289e-10;8.59791e-08;0.000545419;4.95826e-07;1.88703e-09;0.995788;5.34529e-08;1.90782e-07;4.60598e-08;2.49113e-07;1.44606e-05;2.71471e-05
7.04571e-08;1.05651e-06;0.999984;4.22686e-07;8.03858e-06;7.95959e-08;5.56256e-11;3.39318e-07;1.42072e-09;4.53635e-08;1.08453e-08;5.12977e-06;8.49621e-08;2.18322e-07
0.000103408;0.00125336;2.24438e-06;2.91581e-05;1.26213e-06;1.18344e-06;0.00225909;0.00146118;0.123254;1.55406e-05;0.870948;2.16084e-05;0.000648976;5.69779e-07
