2.67737e-07;0.00889172;2.61529e-10;2.26174e-08;6.34403e-10;9.86546e-08;8.53245e-07;2.99704e-07;5.32067e-08;1.48932e-08;1.98079e-07;5.92776e-07;0.991106;1.39398e-08
9.24931e-06;0.00541563;0.985582;1.8005e-05;2.82262e-05;8.82774e-06;1.21324e-07;0.000289098;3.37456e-07;1.14876e-06;6.43827e-07;0.0070146;1.53105e-05;0.00161697
3.73056e-07;0.996436;6.07823e-09;1.21111e-06;6.37534e-05;1.63417e-08;1.23172e-07;0.00179311;5.74337e-08;8.74303e-08;1.93237e-07;1.32969e-05;2.77414e-06;0.00168919
7.48489e-07;7.90435e-06;1.78611e-10;2.18872e-07;0.00011171;1.0318e-06;5.94125e-09;0.999738;3.898e-06;4.40209e-08;9.45713e-08;0.000121707;1.30053e-05;1.9246e-06
7.28041e-05;0.9949;1.43303e-07;3.00207e-05;4.67095e-05;0.000126139;5.99927e-05;0.00191861;1.97771e-05;3.98221e-06;5.17545e-05;0.00123647;0.000611564;0.000922061
5.03409e-06;0.000296674;1.30697e-08;1.54085e-06;1.25779e-06;1.2352e-06;2.94228e-08;0.00586429;3.45035e-06;1.20388e-08;6.68144e-05;0.000156306;0.993603;5.19656e-07
0.000125961;0.0329645;4.78631e-05;3.11752e-05;2.84856e-05;0.000387854;1.46236e-05;0.0292407;3.20282e-05;0.000113009;3.67713e-05;0.0017169;0.934121;0.00113953
5.06763e-09;2.57498e-08;0.999999;3.30806e-08;3.1593e-09;3.01507e-08;2.04457e-09;2.61457e-08;3.22894e-09;1.25311e-09;2.39054e-08;6.30012e-07;4.49771e-09;6.04239e-11
2.93174e-07;0.00458398;0.00589879;1.09116e-05;1.29268e-06;3.11636e-05;1.07083e-08;0.00286272;2.37454e-07;2.70332e-07;5.22193e-06;0.985743;2.80174e-05;0.000834453
8.30316e-06;0.0473126;1.07395e-07;2.96267e-05;0.00107887;0.00411527;1.83503e-07;0.307424;2.72432e-06;4.57078e-07;0.000815014;0.000108069;0.638962;0.000142835
3.16042e-06;0.0180289;3.5019e-06;1.51583e-06;0.000201511;4.49634e-05;1.83999e-09;0.00977204;1.94316e-09;7.98374e-08;7.46746e-08;0.925519;0.0236443;0.0227811
2.96242e-08;0.983963;8.47361e-08;9.45782e-07;7.91323e-07;5.04512e-07;9.03942e-07;7.62241e-06;2.47254e-09;6.10093e-07;2.29281e-07;9.38441e-07;0.0001244;0.0158999
5.95572e-08;0.0678654;1.78323e-07;4.4352e-08;2.41102e-08;6.66201e-06;6.85647e-06;0.00971515;6.61866e-08;2.15904e-08;1.70463e-06;3.3232e-11;0.922404;2.65114e-09
2.39604e-09;4.90646e-08;0.999998;2.35082e-08;3.19793e-08;6.6871e-08;1.86414e-09;1.6469e-06;2.7277e-10;2.04965e-09;3.34702e-09;2.75754e-08;6.94632e-08;8.06986e-11
4.56439e-07;0.000468617;0.00254916;3.69516e-05;1.09077e-05;6.71241e-05;3.8329e-08;1.26433e-05;1.32135e-06;7.09026e-07;7.23571e-06;0.979828;3.08761e-05;0.0169858
7.34989e-05;0.651661;5.99676e-08;1.40287e-05;0.00804319;0.000236429;5.69952e-08;0.240271;7.6813e-06;4.87135e-07;0.000115996;0.000340227;0.0371779;0.0620585
2.72845e-05;0.115538;0.00805423;2.58132e-06;0.00409835;1.3229e-06;1.42253e-08;0.147535;2.3337e-07;3.95317e-07;6.07847e-07;0.679026;4.19584e-05;0.0456741
4.35467e-09;0.999844;3.00824e-10;2.01815e-09;2.43644e-09;3.64432e-10;3.95787e-08;9.50414e-06;5.65043e-09;7.16613e-09;3.88852e-10;1.0373e-09;1.44459e-07;0.000146476
4.29845e-06;0.129144;3.5589e-05;1.26764e-05;3.40482e-06;8.52189e-06;8.4154e-05;0.830597;0.000464361;6.07727e-07;2.06725e-05;1.86893e-07;0.039624;1.58674e-07
