1.60503e-07;1.07108e-06;4.91669e-12;2.04434e-10;5.0959e-08;3.23834e-10;3.70146e-10;0.999998;1.6947e-07;9.33609e-11;8.76051e-09;7.53636e-09;1.65529e-07;2.49499e-09
1.79156e-07;1.33421e-05;1.89742e-06;3.02711e-06;0.00191774;3.92188e-05;3.30533e-10;3.2528e-05;3.55629e-08;8.92619e-08;1.59691e-07;0.0334595;7.73177e-07;0.964532
6.18243e-07;0.999447;1.68301e-07;2.71117e-06;1.34447e-07;6.9784e-08;9.41532e-07;0.000295226;3.79212e-06;1.89318e-07;1.10195e-05;4.02357e-06;0.000180271;5.40877e-05
1.90646e-07;2.12223e-05;3.6044e-08;6.2058e-06;0.00909043;0.00914279;7.58435e-09;0.000538657;5.31931e-07;1.19371e-06;3.56944e-07;0.000127219;9.53243e-06;0.981062
1.34656e-06;0.999154;2.45191e-07;4.50606e-06;4.85049e-06;3.31493e-06;3.7225e-06;6.08762e-05;2.1076e-07;2.8057e-07;4.82491e-06;2.36632e-05;0.000717299;2.09714e-05
2.18212e-05;0.0220339;1.3937e-08;7.30646e-05;2.03788e-05;9.13204e-06;3.52318e-07;0.0204087;1.437e-05;4.40611e-07;7.1954e-05;0.000262691;0.957073;1.00082e-05
1.06487e-05;0.999024;1.85266e-06;0.000119247;1.82841e-06;1.66823e-06;1.2491e-06;9.34934e-05;1.67402e-06;1.98565e-06;9.76025e-06;0.000670078;3.48978e-05;2.73801e-05
1.56382e-06;0.994024;6.84015e-08;6.98316e-06;3.54959e-08;5.79725e-06;8.21975e-06;3.24234e-06;3.35821e-07;6.73359e-07;8.09337e-06;0.00045127;0.00548045;8.96626e-06
3.15949e-06;0.00939789;3.21775e-05;9.50778e-06;4.96734e-06;2.85944e-06;1.40697e-06;0.00749993;4.5591e-06;9.32146e-08;0.000459611;0.982519;6.26894e-05;1.80722e-06
2.01948e-06;0.964471;4.84198e-08;0.000887901;0.00191641;0.000836266;2.50908e-08;0.0100304;1.08737e-05;2.19006e-06;0.000188576;0.00110356;0.00451326;0.0160372
4.77427e-05;0.0450175;1.98407e-06;2.99817e-05;8.29545e-07;3.83245e-05;8.76561e-06;0.000335495;0.000171286;5.81314e-06;0.00546444;0.0060565;0.94275;7.15958e-05
3.79312e-05;0.0930567;5.7624e-07;3.76917e-05;0.000484131;6.57242e-05;3.33043e-06;0.899004;0.00031887;9.34257e-06;0.00116989;0.000148288;0.00556707;9.64869e-05
0.000886846;0.471241;2.09353e-06;3.03151e-06;0.0019724;1.54812e-05;4.63625e-07;0.521554;1.70024e-05;1.23562e-05;8.31248e-06;0.000148403;0.0038727;0.000265959
6.84217e-06;0.00308441;9.0917e-06;2.41375e-06;7.45534e-05;9.0577e-07;1.44971e-07;3.04409e-05;9.06053e-06;3.20931e-07;9.98405e-06;0.996159;2.99981e-05;0.000583145
0.000210303;0.962539;3.68011e-05;4.7356e-06;8.78849e-05;1.26169e-06;8.20547e-06;0.031904;0.00177175;1.57923e-06;3.20687e-05;0.000112474;0.00326976;2.03732e-05
0.000440166;0.023485;3.23475e-06;0.000903241;0.0105143;0.0193013;1.49343e-06;0.00129905;0.00647097;0.00031896;6.8528e-06;0.0110287;0.000156363;0.92607
0.00845924;0.962196;4.93321e-05;6.88873e-06;6.29183e-06;4.26068e-06;0.000114207;0.0213716;0.00673274;6.79406e-06;7.13133e-05;0.000416736;0.000563081;1.08945e-06
0.000195175;0.0438803;2.14395e-05;3.69371e-05;0.000424176;1.90478e-05;1.94588e-06;0.044718;0.00302422;5.84497e-07;8.22341e-05;0.876576;0.0300352;0.000984381
1.61646e-05;0.994149;4.77087e-07;2.28026e-05;1.60243e-05;6.88907e-07;2.78263e-06;0.000959369;0.000155609;1.15073e-05;6.75686e-05;0.000497147;0.0033706;0.000730028
1.77057e-05;0.00974746;3.55274e-08;2.50878e-06;0.00679835;1.08834e-06;1.60782e-06;0.982884;0.000116511;8.38623e-05;1.38766e-06;7.21745e-05;1.12378e-05;0.000262285
6.16177e-05;0.00489001;0.994183;3.51139e-05;2.23818e-05;3.88424e-06;4.34533e-07;8.3839e-05;1.42435e-05;3.8094e-06;2.37846e-06;0.000657578;3.42041e-05;7.91251e-06
0.000825104;0.204345;1.17104e-07;1.17322e-05;4.09538e-05;9.27488e-06;5.57692e-06;0.775243;0.00339512;3.69883e-06;0.000158031;0.012756;0.00295105;0.000255511
3.29571e-05;0.00198881;1.18768e-08;1.43598e-06;5.43747e-06;1.12595e-06;2.69249e-07;0.926229;0.000157339;3.20588e-07;1.52939e-05;5.5696e-05;0.0715124;3.19869e-07
8.68609e-05;0.991819;0.000302412;0.000212113;4.31216e-06;8.60621e-06;6.58324e-06;0.000271209;5.67098e-06;1.09702e-05;4.3758e-07;0.0001735;4.94751e-05;0.00704874
1.00952e-05;0.00642139;6.94951e-09;1.31311e-05;1.66473e-06;2.71355e-07;6.78458e-07;0.0167188;6.20771e-05;2.96387e-07;0.00016108;4.63051e-05;0.976564;3.97365e-07
1.28572e-05;0.999324;1.15818e-06;9.01394e-05;3.16174e-06;5.37292e-07;1.75387e-06;0.000136;6.42743e-06;2.40247e-06;1.90012e-05;0.000391203;2.40508e-06;8.8909e-06
1.13118e-06;0.996686;1.00842e-08;3.62787e-06;1.71543e-08;9.39317e-07;8.78577e-06;1.7807e-06;4.1953e-07;5.33676e-07;8.73499e-06;0.000107604;0.00317504;5.13142e-06
3.07524e-06;0.00845998;2.80268e-05;5.28908e-06;5.83655e-06;4.14988e-07;7.55924e-07;0.0352931;4.16551e-06;3.72608e-08;0.000495021;0.955681;2.1232e-05;1.97296e-06
1.10261e-06;0.966558;1.13142e-08;0.00152283;0.00168682;0.000387642;7.11635e-09;0.00646698;3.18124e-05;1.46728e-06;0.000432287;0.00120213;0.00430749;0.0174016
0.000128781;0.169022;1.21001e-05;0.000108461;1.99816e-05;2.7544e-05;2.77381e-06;0.00330981;0.000353285;6.20912e-06;0.0204029;0.00387815;0.802698;2.94667e-05
7.84295e-06;0.203971;3.1884e-07;5.27735e-07;0.000324182;3.55546e-05;7.91194e-05;0.79242;2.14856e-06;7.2261e-05;6.17189e-06;9.24964e-08;0.00306678;1.43968e-05
2.35604e-09;1.03221e-10;1;2.85194e-09;2.02275e-10;4.0428e-11;4.39696e-09;1.95416e-10;1.73561e-09;3.47554e-10;1.22426e-08;3.84058e-07;1.14913e-12;1.64824e-12
0.000610716;0.00081217;0.00245204;0.000263661;0.000288638;1.79064e-05;8.85126e-06;0.023705;0.00419223;7.44129e-06;0.00032531;0.953626;9.84992e-06;0.0136801
0.00225601;0.0101497;8.70164e-07;1.64902e-06;5.22814e-05;0.000357883;4.81846e-06;0.00560526;0.000655482;2.21616e-06;0.000210316;4.93822e-06;0.980472;0.000226859
8.50602e-06;0.000415772;4.82113e-06;1.09008e-07;4.57075e-05;3.29373e-09;6.85858e-10;2.6407e-05;3.17046e-06;1.23451e-09;5.55924e-08;0.999458;2.51114e-05;1.22676e-05
0.000265647;0.954237;3.29827e-06;2.0116e-06;0.000134551;8.43615e-09;2.89219e-06;0.0419929;2.85763e-05;8.37703e-07;8.37677e-08;0.00161181;0.000663223;0.00105738
1.99135e-07;9.23181e-06;1.95181e-07;1.34364e-08;2.99616e-05;6.633e-07;2.35224e-08;0.999952;8.0502e-07;1.94739e-07;1.46949e-09;1.82992e-07;5.32253e-06;7.51938e-07
9.56506e-07;0.000236742;0.999597;6.36999e-06;3.10722e-05;2.69133e-05;8.2823e-10;4.45563e-06;2.74497e-08;2.29252e-07;3.01849e-08;7.2221e-05;2.6548e-06;2.11491e-05
9.3768e-05;0.920597;1.64403e-05;0.000124911;6.70757e-05;0.000157753;0.00059227;0.0493283;0.0190034;8.71597e-06;0.00482734;0.00042229;0.00159171;0.00316846
