0.000160604;0.673421;4.46387e-06;1.03712e-05;4.02451e-06;1.78853e-05;7.32352e-06;0.0240886;0.000101587;1.02122e-05;4.69077e-05;0.00254504;0.299474;0.000108265
6.72399e-05;0.642417;2.67752e-06;0.000325192;0.00196702;0.00127188;2.57496e-05;0.0433233;0.000600452;8.94516e-05;0.00293177;0.282169;0.0167457;0.00806326
0.00153349;0.0334965;0.00867431;0.0146716;0.0344503;2.27086e-05;2.04482e-06;0.0241997;0.000167461;8.19698e-05;0.00250151;0.824804;0.00162266;0.0537717
3.44968e-06;0.992777;1.52961e-10;1.15743e-07;4.02811e-09;1.495e-09;0.000670699;3.27968e-06;3.32391e-05;4.01202e-06;1.78577e-05;1.04876e-08;4.97618e-06;0.00648533
0.000128981;0.000610875;1.12353e-05;2.07904e-05;2.25014e-06;1.18509e-06;0.0257402;0.00163353;0.710991;4.0546e-06;0.260706;1.50888e-06;0.000148788;4.47161e-08
0.000114267;0.0676366;7.44151e-08;2.03377e-07;9.73946e-07;4.45775e-09;3.062e-07;0.931657;0.000358004;3.35792e-08;2.19729e-05;0.000103382;0.000107355;3.25408e-09
3.61512e-07;9.17471e-05;2.46042e-06;8.88854e-07;1.36514e-05;1.81875e-06;3.42994e-09;1.91227e-05;3.88197e-07;6.36061e-08;5.28363e-07;0.999396;0.000452869;2.03682e-05
0.000523993;0.659941;1.90754e-05;8.77776e-05;0.00330724;0.000268076;1.49692e-05;0.297353;0.00169008;2.5006e-05;0.00052219;0.000294106;0.0356327;0.000320639
8.53723e-05;0.938231;5.98832e-07;0.000141873;0.00778667;0.000212487;5.08639e-07;0.00263545;0.00104131;7.77104e-05;9.35769e-05;0.0431205;0.00240511;0.00416785
1.93025e-05;0.000283731;2.4927e-07;2.99665e-05;0.96394;0.0131606;1.36278e-06;0.00869116;6.56589e-05;6.14916e-05;7.49615e-06;4.29056e-05;3.68987e-05;0.0136588
0.000258562;0.961113;2.33435e-07;0.000108874;4.37047e-05;8.27915e-06;2.5043e-05;0.000266843;0.00148323;9.9757e-06;0.000617388;8.0215e-05;0.0359672;1.71754e-05
0.000267034;0.0596873;9.77549e-06;0.00820814;0.00195228;1.14615e-05;5.52739e-06;0.929201;0.000515755;1.65437e-05;2.72952e-05;1.82079e-05;3.81834e-05;4.15018e-05
7.85984e-05;0.000368944;2.60095e-06;0.00212498;1.44926e-05;2.04138e-05;2.89362e-07;0.000254942;0.00368498;1.8155e-06;0.00107339;0.992122;1.65535e-06;0.000250869
0.00413402;0.00349394;3.53936e-06;1.14902e-05;1.18477e-05;0.000481587;5.22813e-07;0.00413592;0.000983003;7.2868e-07;6.61174e-05;0.000151817;0.986441;8.4083e-05
0.000750603;0.0771026;0.000234257;0.000382925;0.00118023;1.66059e-06;1.94629e-06;0.0605131;0.00375945;8.30322e-07;0.000224618;0.853811;0.000252703;0.00178368
0.000528472;0.0375782;2.08456e-07;0.00291952;0.00338691;2.53613e-06;2.65196e-06;0.918214;0.026364;1.46354e-05;0.000354525;0.00192634;0.000705957;0.00800235
2.08494e-05;0.000176286;5.03945e-07;1.9763e-06;0.00107968;6.84217e-07;1.97299e-06;0.998613;5.26496e-05;8.9016e-06;2.6556e-06;6.59601e-08;2.30343e-05;1.76756e-05
1.13584e-06;1.58246e-05;0.999966;1.54253e-06;2.46264e-06;1.05834e-06;1.88861e-09;1.15129e-06;1.01801e-07;8.33349e-08;1.93077e-06;7.22074e-06;7.92133e-08;1.34573e-06
7.24779e-05;0.857304;0.000109022;7.01376e-05;0.000270116;0.000198217;0.000113484;0.103651;0.010983;1.64065e-05;0.0180532;0.00518884;0.00263818;0.00133158
