2.38313e-06;0.99982;2.76269e-06;8.51577e-06;5.05264e-07;6.13891e-08;2.3014e-07;0.00010212;7.78316e-08;2.06301e-07;1.77013e-07;4.96806e-05;1.31388e-05;5.15657e-07
4.61272e-06;0.000183709;1.39848e-10;6.8809e-09;6.05935e-07;5.55819e-09;4.1504e-08;0.999798;9.54341e-07;4.80073e-09;1.41056e-07;6.10491e-09;1.17494e-05;3.28714e-07
4.9728e-07;1.80539e-05;1.33663e-06;1.15623e-05;0.0301248;1.66141e-06;2.3651e-08;0.000668554;4.65763e-06;3.40721e-07;3.63782e-06;0.965611;6.99742e-08;0.00355406
7.03985e-05;0.195323;0.0588266;0.000818562;4.08074e-05;6.53297e-05;2.44291e-06;0.000113528;2.35996e-05;1.1759e-06;0.000229238;0.00131482;0.741962;0.00120837
1.75707e-06;0.907151;6.9358e-11;6.59529e-07;1.39704e-05;4.07653e-06;1.05595e-07;0.000874357;1.83729e-07;3.17953e-07;5.07261e-06;0.00812345;0.0264716;0.0573538
3.1348e-05;0.00693529;0.000198649;7.85705e-05;0.556103;0.00557489;1.63422e-06;0.350915;6.41484e-06;3.93542e-06;4.9743e-06;0.000438294;0.0141806;0.0655281
5.2979e-06;0.0040797;4.04742e-07;8.60053e-06;2.74451e-06;4.57159e-05;1.98218e-06;1.37421e-05;6.50551e-05;3.8482e-07;0.000119147;0.00043996;0.995215;1.95112e-06
3.71196e-06;0.00438743;0.995374;7.71054e-06;4.41732e-07;1.47669e-06;1.13769e-06;9.27518e-07;3.04054e-08;3.30183e-07;4.22152e-07;0.000205396;1.01745e-05;6.69848e-06
3.53527e-05;0.936454;8.37533e-10;3.53405e-05;7.46669e-06;1.20004e-05;9.89995e-05;0.00181594;0.000880019;5.83784e-06;0.00598221;0.000375764;0.0542825;1.44261e-05
0.000676879;0.964167;1.67803e-07;0.00028967;0.000235523;4.63384e-05;6.87156e-06;0.00272246;0.000526762;3.48396e-05;0.000706249;0.0264523;0.00292163;0.00121298
0.00105487;0.898194;0.000206258;7.75585e-05;8.76911e-06;1.18321e-06;0.000370197;0.00268279;0.000153668;3.44146e-05;0.000163474;0.00962722;0.0873594;6.63005e-05
4.57303e-05;0.00463276;1.81307e-05;6.76273e-05;0.000339875;0.000715972;1.00643e-05;0.000756516;0.000511709;1.28235e-05;0.00139022;0.97573;0.00258052;0.0131884
7.99508e-07;0.998555;3.56227e-11;4.22275e-07;1.18601e-07;2.96024e-08;1.67096e-05;0.000225355;6.73699e-07;3.92192e-07;9.72088e-06;5.04732e-07;0.00105711;0.000133257
0.000437737;0.0153291;0.00081926;0.00198414;0.110728;0.00174319;0.000152515;0.00967087;0.000573087;1.4973e-05;0.000180106;0.000908166;0.0002566;0.857202
0.000138717;0.906125;3.05757e-08;1.06019e-06;8.89776e-05;2.49333e-05;3.60636e-06;0.0694841;4.33467e-05;1.95269e-06;8.54986e-07;8.13984e-06;0.0238266;0.000252504
2.12287e-09;4.9212e-10;0.999999;4.76405e-11;1.0247e-10;1.76889e-12;5.68127e-12;6.08015e-08;1.66907e-10;9.97278e-13;3.84573e-11;5.05407e-07;1.22857e-09;3.52301e-13
7.16079e-06;0.00148961;0.00131944;8.42781e-06;4.25747e-05;3.74322e-07;1.67857e-06;0.00121662;5.31805e-05;2.40784e-06;1.16056e-06;0.00380077;6.87542e-05;0.991988
1.1447e-06;0.000313899;9.02387e-10;6.67053e-08;0.00145973;6.77503e-06;5.80196e-08;0.998144;4.92767e-05;3.41813e-08;2.53935e-07;7.86099e-07;1.29248e-05;1.10061e-05
7.21443e-09;2.28603e-06;0.999899;5.34868e-08;2.83696e-05;1.37164e-07;2.7896e-12;8.98737e-08;1.30967e-11;3.86847e-10;4.24239e-10;6.91823e-05;5.30124e-08;1.07548e-06
1.12467e-07;0.998722;1.12606e-08;1.35386e-07;1.72711e-07;1.01749e-07;6.34597e-07;0.000236071;1.61047e-06;1.5178e-09;4.59986e-06;5.04994e-06;0.00102622;3.5475e-06
1.34492e-07;0.00053516;4.16187e-09;8.48518e-09;7.67149e-06;6.40219e-07;4.2485e-10;0.998856;3.47573e-09;6.3447e-09;1.42801e-09;2.39311e-08;0.000551806;4.836e-05
1.72978e-09;0.000104859;1.71098e-06;2.28523e-07;1.00492e-06;7.37079e-07;2.13878e-10;4.47782e-06;8.43097e-09;4.85414e-09;1.17744e-07;0.999647;3.95819e-06;0.00023567
3.65452e-07;0.986742;1.14875e-07;2.57742e-06;7.04732e-05;4.58642e-07;2.70221e-07;0.0123414;4.65895e-07;1.31007e-06;6.40459e-07;2.22827e-05;0.000652044;0.000165213
7.50337e-07;0.00232777;2.20942e-06;7.28767e-09;1.2252e-05;3.19447e-08;1.76577e-09;5.60605e-06;7.37806e-08;2.07882e-09;5.36515e-08;0.997395;0.000246246;9.74584e-06
0.000181743;0.00380389;2.52277e-09;2.92043e-06;0.000294267;9.0607e-05;1.48137e-06;0.976186;0.00149107;7.69884e-07;3.14776e-06;1.40152e-05;0.0178972;3.32757e-05
6.8963e-06;0.000236214;1.30952e-09;2.71326e-08;1.20487e-07;4.14925e-08;2.2945e-10;0.989687;4.14045e-06;1.00872e-09;1.89308e-08;4.80105e-07;0.0100652;8.27348e-09
2.81674e-05;0.0037905;7.73756e-08;6.38264e-06;1.09104e-05;8.77884e-07;1.4388e-08;0.000638993;1.88707e-05;5.09625e-07;5.40422e-06;0.994335;0.000734388;0.000430091
5.08676e-07;0.999878;2.77899e-09;9.58473e-08;2.9345e-08;1.22991e-08;3.58824e-05;4.02101e-05;2.19009e-07;4.03975e-06;2.58862e-07;5.54801e-08;3.8346e-05;2.02594e-06
1.08505e-10;4.99605e-09;0.999992;9.07215e-10;1.18309e-08;1.29101e-12;4.06232e-10;3.00976e-09;1.19165e-12;8.51598e-11;5.61406e-11;8.24789e-06;2.76441e-13;1.09677e-10
1.23509e-05;0.94341;9.64733e-07;0.000361108;0.000161296;3.04197e-06;0.0410235;0.00873617;0.000131078;1.45186e-05;0.00232446;0.0001523;0.000541904;0.00312755
4.08856e-05;0.437925;1.35533e-05;2.51483e-05;4.95449e-06;1.68496e-05;7.15135e-05;0.037023;4.41709e-06;2.63635e-06;0.000248387;0.486332;0.0382468;4.48758e-05
1.0573e-06;0.00182274;3.3223e-08;2.55795e-07;3.23309e-07;5.83789e-07;1.01562e-07;0.00466615;1.59831e-07;1.85013e-08;5.24011e-06;0.000223877;0.993279;8.73714e-07
3.6467e-06;0.00085758;4.56031e-05;6.00687e-06;6.24056e-06;2.00414e-06;2.30449e-08;0.00013183;3.33062e-07;4.0172e-07;2.51184e-06;0.996222;0.00266305;5.90306e-05
4.95253e-05;0.156353;0.000141918;0.00151283;0.000434227;0.00214519;0.00654137;0.0230241;0.000179232;0.000392655;0.00359149;0.0139788;0.790629;0.00102666
5.91614e-06;0.0518511;1.09072e-05;0.00118961;0.000181371;0.0058208;2.81738e-05;0.00170912;9.34289e-06;2.15528e-05;0.00166413;0.00204611;0.932986;0.00247584
0.000134186;0.414794;3.50732e-08;0.000687721;1.90544e-05;0.00114846;4.16314e-05;0.00130611;8.53725e-06;4.89191e-05;0.00143492;0.00291842;0.575037;0.00242073
1.18621e-05;3.33798e-05;6.3802e-08;9.66257e-07;1.63714e-06;7.03531e-06;4.03435e-07;0.017568;6.31178e-06;7.56497e-08;0.000568967;4.33804e-06;0.981797;1.35548e-07
7.38379e-05;0.00551457;3.83925e-05;5.14916e-05;2.04022e-05;1.27843e-05;1.50954e-07;0.00342241;0.00041434;3.73917e-06;0.000664315;0.977456;0.0122934;3.44153e-05
9.8674e-07;0.0430268;8.5293e-08;5.20587e-07;9.76471e-05;7.61134e-05;4.72207e-06;0.955794;1.1402e-06;2.21351e-05;5.83451e-07;1.29665e-07;0.000971203;4.36725e-06
1.12399e-09;1.05516e-09;1;4.40099e-09;1.94684e-09;1.5549e-10;7.0479e-10;1.40827e-08;5.04896e-11;5.49701e-10;1.20625e-09;1.51221e-07;5.11067e-11;1.23057e-11
2.01681e-05;0.000851287;0.000183969;4.64285e-05;0.000346133;1.09756e-05;8.08051e-07;0.00155899;0.000143912;1.42974e-06;5.46525e-05;0.995203;1.14259e-05;0.0015668
2.84262e-05;0.994099;7.21058e-07;1.19021e-07;0.00171817;2.02052e-05;2.94545e-05;0.00209682;2.80387e-06;2.38664e-06;2.41558e-06;1.64221e-07;0.000650771;0.00134886
2.13409e-05;0.000155362;0.00162035;1.39025e-06;0.971292;0.000119686;2.86676e-09;3.20734e-05;8.1426e-08;1.44622e-07;1.87926e-07;0.024543;2.2023e-05;0.00219197
7.1974e-07;0.999091;2.07525e-10;8.935e-10;1.14577e-07;3.43248e-09;2.93159e-05;0.000779185;1.70615e-06;8.78813e-08;8.22513e-09;1.36763e-11;2.3039e-06;9.55426e-05
2.06355e-10;1.48339e-09;1;3.25659e-11;4.05414e-10;5.92113e-13;9.81871e-11;5.9643e-08;9.41263e-11;3.52805e-11;2.15253e-11;1.20766e-07;1.73303e-13;3.52896e-12
1.82275e-05;0.00048892;1.17125e-07;3.65866e-05;0.000400799;0.000464323;1.46125e-05;0.982441;0.00544061;5.43606e-06;0.000414594;6.96978e-05;0.00995059;0.00025397
6.39322e-07;0.999536;0.000242227;6.48927e-06;1.56082e-06;7.17146e-07;2.49625e-07;0.000148078;2.43947e-08;5.58175e-07;5.24375e-08;8.53743e-06;5.45121e-05;4.72764e-07
2.47223e-06;0.0292985;1.36469e-07;2.6962e-07;0.000262394;1.52393e-05;1.28623e-05;0.968549;7.43129e-07;5.25601e-06;4.05405e-07;4.02801e-06;0.001596;0.00025272
1.29132e-08;7.6678e-09;0.999989;7.34722e-09;4.72196e-08;2.62712e-09;1.67044e-08;2.91187e-08;4.51244e-09;1.40896e-09;1.59256e-08;1.13483e-05;3.57617e-10;9.87604e-10
0.000256297;0.00804896;0.087451;5.39884e-05;0.0001889;1.8898e-05;5.59985e-06;0.0839266;0.000646634;2.41159e-06;7.26985e-05;0.81909;3.63218e-05;0.000201732
0.0049413;0.051473;5.9876e-06;0.000144876;0.0455895;0.283307;1.78843e-05;0.00871603;0.0230912;5.2444e-05;0.0037677;0.00433906;0.0422253;0.532329
0.00133375;0.0578567;0.000266004;1.24644e-06;0.123653;0.000865412;4.25537e-09;0.0693733;3.23301e-05;2.93031e-07;1.22547e-07;0.317927;0.424144;0.00454654
9.32029e-06;0.00074748;3.73509e-08;1.20124e-06;8.27523e-05;7.20076e-05;3.90341e-09;0.963012;0.00119905;1.18379e-07;1.8248e-06;5.13853e-06;0.0348692;4.00469e-07
9.07489e-06;0.98162;0.0159625;8.47687e-05;0.000231269;3.2765e-05;6.69785e-08;0.00200005;1.44134e-07;9.04338e-06;5.24516e-08;1.17613e-05;2.14742e-05;1.73926e-05
2.23066e-06;0.0721055;1.09717e-08;1.59278e-07;1.95314e-05;2.36501e-05;2.15679e-06;0.904254;1.06668e-06;1.24404e-06;3.40072e-07;4.9075e-07;0.0235896;4.93265e-07
2.19333e-09;4.84732e-10;0.999999;1.70163e-09;8.13461e-09;1.01497e-09;3.55879e-10;9.89218e-09;7.06776e-11;2.26675e-10;1.17442e-09;7.2581e-07;3.54999e-10;4.02769e-12
1.01154e-05;0.00400389;0.000169786;5.44057e-06;1.93534e-05;8.88554e-06;1.88838e-07;0.00128232;1.97147e-05;2.45131e-07;3.25995e-06;0.994132;3.5091e-05;0.000309232
1.76473e-05;0.00209467;8.6832e-09;2.56572e-08;0.000131532;9.03372e-07;5.99122e-07;0.997311;2.17785e-06;3.04887e-08;2.64432e-06;1.49009e-06;0.000271784;0.000165985
0.000168667;0.993768;2.82579e-07;1.2058e-07;4.97025e-06;9.68353e-07;0.000132277;0.00112374;9.27423e-07;3.77544e-05;4.72033e-08;0.000526076;0.00405945;0.000176907
5.78168e-10;3.70835e-11;0.999999;1.72354e-11;8.28564e-09;2.77255e-10;2.54044e-11;1.36509e-07;6.57578e-11;1.15654e-11;3.35194e-12;7.53112e-07;5.88206e-14;4.43604e-12
2.59686e-06;0.0034264;2.29126e-08;2.18703e-07;3.16389e-05;1.18242e-05;2.41155e-05;0.996051;9.219e-06;3.73716e-06;4.77436e-07;7.40627e-09;0.000437926;5.1881e-07
8.31342e-10;4.51059e-10;1;2.58968e-09;8.83517e-11;7.37042e-11;1.04383e-09;7.86497e-08;1.69891e-09;4.7123e-11;1.12698e-09;2.97388e-07;2.56008e-11;1.42283e-13
1.98154e-06;0.000343952;0.000524691;0.00017816;7.3299e-07;2.41128e-06;6.79333e-07;0.000220423;0.000290022;1.25477e-06;5.87732e-05;0.988674;6.20197e-06;0.00969659
5.41002e-05;0.176238;3.14805e-06;2.80772e-06;1.53724e-05;0.000309196;1.60543e-06;3.1777e-05;5.70109e-07;1.43748e-06;4.33761e-06;0.000108852;0.822822;0.000406971
6.17426e-08;0.0125377;3.40317e-08;1.33745e-08;0.000764514;2.23602e-06;1.81823e-10;0.985424;8.31743e-09;9.12514e-09;7.08285e-10;0.00123401;8.04848e-06;2.90316e-05
3.32584e-08;0.000536586;0.998447;1.3426e-07;0.000154358;3.68483e-06;5.15089e-12;4.90694e-06;1.3974e-10;8.26977e-09;1.28097e-10;2.41032e-05;0.000828985;1.67423e-07
3.56691e-05;0.0036432;8.10617e-05;1.99878e-05;0.00641957;0.00100311;2.86267e-07;0.971366;0.000845879;1.01492e-05;2.90946e-05;0.00148434;0.0148119;0.000249579
