6.62066e-06;0.996528;0.00310147;1.3876e-05;1.37514e-06;2.24347e-07;5.21392e-07;0.000132535;1.82309e-08;8.61446e-07;4.70349e-08;9.89251e-05;9.47691e-05;2.04288e-05
1.40815e-05;0.966632;8.8028e-08;6.47514e-05;6.37324e-05;0.000101715;2.42438e-06;0.0290233;6.4831e-05;9.17992e-06;4.72643e-05;0.000799521;0.00258518;0.000591833
0.000259895;0.000544219;0.00148418;0.000124308;2.86991e-05;3.26997e-05;6.19675e-06;7.9465e-05;6.5273e-06;1.03036e-05;0.000113808;0.996619;8.91499e-05;0.000601013
3.34925e-06;0.992004;1.9353e-08;9.10639e-07;1.90529e-05;1.84896e-07;1.57366e-06;0.0071638;8.65027e-06;2.89953e-08;1.50329e-06;0.000138419;0.000654263;4.05603e-06
5.25511e-07;0.917939;1.27304e-09;2.31075e-07;2.82785e-07;6.30544e-07;3.62866e-06;2.06894e-06;2.70692e-08;1.82624e-05;4.46388e-09;4.47294e-09;6.21538e-06;0.0820289
4.05352e-10;1.70246e-09;0.999959;1.29182e-09;9.3796e-09;8.92298e-10;1.58037e-09;1.29195e-08;4.50124e-10;9.47945e-10;3.04606e-10;4.07769e-05;4.15962e-12;1.10112e-09
0.000736086;0.454563;0.000278949;0.00352668;0.00104937;0.003467;0.095705;0.070529;0.0171252;0.000147209;0.0393972;0.000242674;0.312933;0.00029952
2.64496e-05;0.933493;2.84002e-08;8.03034e-05;1.18723e-05;7.02395e-06;3.18513e-06;0.0607377;0.000122413;4.41499e-06;9.03747e-05;0.00208742;0.00332981;5.46692e-06
0.000139351;0.977988;1.83415e-06;1.44589e-05;5.58403e-05;4.01965e-05;2.07755e-06;0.00269953;9.11576e-05;1.98699e-06;5.94646e-05;0.0168976;0.00144068;0.000568103
0.0020643;0.958448;2.49501e-05;1.19355e-05;2.57542e-05;1.09551e-06;0.000405897;0.00133615;0.000201453;1.71529e-05;0.000535398;0.0349905;0.00158217;0.000355523
3.43187e-05;0.389573;3.57278e-06;2.46246e-06;7.51971e-07;9.92189e-08;5.27275e-06;4.55943e-05;1.44869e-05;4.25039e-07;1.87044e-06;0.609671;0.000497515;0.000148994
1.54939e-06;0.979108;3.97344e-08;2.35987e-06;1.58857e-06;1.47968e-07;0.00188329;0.0136089;3.07944e-05;0.000225631;2.1469e-06;1.17247e-07;4.76333e-06;0.00513027
2.08893e-09;6.84592e-10;1;1.3939e-08;5.08006e-10;1.11283e-09;1.53196e-08;1.46466e-09;4.29504e-09;2.26298e-09;2.20655e-08;2.2685e-07;6.92203e-12;7.20258e-11
7.21795e-06;0.0101976;3.97073e-09;6.87745e-09;2.42305e-07;2.67582e-08;3.2834e-09;0.98469;2.44199e-07;2.78224e-09;9.1635e-08;3.38831e-06;0.00510052;1.72893e-07
1.81839e-08;0.000588806;2.28503e-06;3.68951e-08;1.17166e-06;1.40138e-06;1.92519e-09;3.34176e-05;8.03274e-09;8.81646e-09;1.75951e-08;0.998633;5.99513e-05;0.000680186
6.08924e-08;0.000342928;1.27597e-10;6.02048e-08;1.44005e-06;9.53764e-07;3.30828e-08;2.93714e-05;3.18599e-08;9.21704e-09;6.16705e-07;1.43221e-05;0.99961;6.02284e-08
0.000427911;0.00106281;0.000770796;5.4484e-06;0.000116593;1.42662e-06;4.79671e-08;6.35504e-05;9.8264e-05;1.91434e-07;3.30544e-05;0.995396;0.00201712;6.25963e-06
0.00227246;0.85756;4.73715e-06;3.2908e-05;2.87986e-05;3.23409e-06;1.25201e-05;0.0816427;0.0483226;1.24604e-05;0.000248099;0.000224609;0.00952156;0.000113306
2.41186e-06;0.999012;2.43511e-08;1.33339e-06;5.40678e-07;1.17327e-07;1.77015e-05;7.03727e-05;6.73536e-07;3.13997e-05;5.93715e-08;1.64467e-05;3.29495e-07;0.00084609
8.25666e-10;4.32903e-11;0.999999;2.50594e-10;5.56126e-08;2.31994e-11;9.44003e-12;1.54396e-07;4.55868e-11;6.17186e-11;1.07004e-10;8.34692e-07;2.66516e-13;1.3889e-10
5.77798e-06;0.00241629;1.23892e-07;1.86855e-07;2.92511e-05;4.1139e-07;1.31342e-08;0.990631;4.96159e-06;5.11142e-08;8.41251e-07;0.00675071;0.000124459;3.6268e-05
3.06422e-07;0.719452;2.52825e-10;1.0179e-06;8.23785e-07;2.48587e-08;0.000237396;9.43889e-07;1.97358e-06;1.3433e-05;4.45873e-05;5.66214e-07;1.10202e-05;0.280236
0.000126468;0.0750843;3.72395e-07;0.000331917;9.57983e-07;1.45067e-06;0.410259;0.000594572;0.213699;1.07194e-05;0.288064;1.64325e-06;0.0118235;1.0338e-06
2.23938e-07;0.000205948;6.68922e-12;2.32065e-08;1.04892e-05;9.87945e-10;2.83386e-08;0.999777;3.5079e-07;1.15309e-08;5.93789e-08;3.0512e-08;5.44487e-06;7.65931e-08
6.42015e-07;0.00395928;0.9952;1.91644e-05;0.000137601;0.000106025;4.1845e-06;6.49127e-05;1.50757e-08;0.000191173;5.08611e-07;1.1721e-06;0.000228737;8.64888e-05
2.03794e-09;3.31125e-11;1;1.19369e-10;2.48683e-10;9.59824e-11;2.88457e-10;1.40477e-09;3.76948e-10;8.82597e-12;3.20813e-09;6.25117e-08;3.40519e-12;4.4247e-13
5.71933e-07;0.000108741;0.000168358;1.19884e-07;7.6503e-07;2.13831e-07;3.52965e-09;2.58786e-05;4.45832e-06;6.22249e-09;1.91693e-06;0.999675;2.76585e-06;1.1347e-05
3.53713e-06;0.995908;3.303e-09;1.0369e-08;5.92915e-06;1.56183e-05;1.80425e-07;1.18134e-05;2.27764e-07;1.51763e-08;9.23471e-08;1.21036e-06;0.00402026;3.2841e-05
1.21024e-06;0.000239329;1.83545e-06;5.00394e-08;0.000281647;1.00439e-06;2.53059e-09;7.39171e-05;3.6221e-08;5.68088e-09;1.0945e-09;0.999093;2.869e-05;0.000278812
2.23235e-05;0.00522355;1.01352e-08;7.61607e-07;4.11833e-06;2.81904e-07;9.28807e-08;0.991498;0.00291834;8.08623e-09;1.25489e-06;1.84262e-06;0.000329749;8.69222e-08
4.65708e-07;0.925455;1.15593e-07;1.19824e-06;3.01273e-06;1.49921e-06;4.09911e-09;3.23682e-06;3.87857e-10;3.2929e-08;1.24815e-09;2.16665e-06;0.0745234;9.75398e-06
2.65651e-07;0.000917935;1.33152e-08;1.0006e-07;1.96829e-07;1.8927e-08;2.48401e-09;0.000192229;9.52816e-09;6.48689e-10;5.31637e-09;0.998764;7.35072e-05;5.20329e-05
5.78001e-05;0.453346;5.67667e-08;6.36009e-05;0.0103341;0.00032653;8.17466e-07;0.524413;1.32418e-05;1.00071e-06;4.12807e-06;0.000109383;0.0110255;0.000304212
1.21477e-08;2.25733e-07;1.97543e-10;9.21674e-10;9.99024e-11;1.16062e-06;1.70438e-09;4.35608e-09;5.68222e-09;1.33086e-09;2.7612e-09;2.12199e-09;0.999999;1.75325e-09
1.67548e-08;3.1823e-07;1;1.34799e-08;1.43924e-09;1.26901e-09;1.78809e-10;1.92884e-09;7.46889e-11;1.55326e-09;6.12227e-11;1.68885e-07;6.77198e-10;2.45779e-08
9.2582e-06;0.986099;7.85581e-06;1.5394e-05;5.96695e-05;1.44472e-05;1.96645e-05;0.0122486;0.000644981;1.29698e-06;0.000281403;3.21816e-05;0.000338422;0.000227955
