2.74046e-05;0.919397;1.07457e-06;5.03342e-05;7.50047e-06;2.72451e-06;0.0619139;0.00301641;9.70805e-06;0.00536843;7.1831e-06;4.67997e-07;8.41191e-06;0.0101899
1.35539e-10;2.43075e-12;1;4.49649e-10;6.82203e-10;2.90746e-11;1.60138e-09;6.65465e-11;4.30126e-11;1.52093e-10;2.8461e-10;5.89362e-08;8.01123e-15;9.85053e-12
1.62892e-06;0.998746;2.09431e-08;7.44324e-08;1.62073e-07;7.00845e-09;7.10146e-07;0.00110571;6.33914e-08;4.49877e-08;2.02427e-08;9.12273e-08;8.61952e-05;5.95412e-05
3.07308e-07;0.000378687;0.000420233;5.51062e-06;3.22607e-05;2.56811e-06;3.07343e-09;1.72006e-05;2.92389e-08;1.56437e-07;1.22773e-07;0.998941;9.41289e-05;0.000107933
4.48441e-05;0.456842;3.69525e-07;0.000806186;5.46743e-06;5.30444e-06;0.0243216;0.000815213;0.0276113;1.90196e-05;0.478305;0.000226784;0.0101549;0.000842156
6.47578e-06;0.0751915;8.01835e-10;1.60631e-06;0.000100733;5.91148e-08;8.23572e-05;0.924483;4.39293e-05;2.27126e-06;1.52974e-05;1.98653e-06;6.97758e-05;1.50324e-06
1.77054e-05;0.0130473;0.976937;0.0007626;0.000346266;0.000482909;7.9035e-06;1.36625e-05;1.97073e-06;6.51112e-05;1.7609e-05;0.00424274;0.00353736;0.000520173
7.22415e-05;0.992482;6.57032e-09;1.49428e-06;9.18795e-05;6.47902e-06;2.36466e-05;0.00139818;3.58405e-07;6.1598e-07;2.68744e-05;0.000726274;0.00502048;0.000149849
0.000425524;0.0775416;6.53818e-08;1.07354e-05;0.0745896;5.25599e-05;6.11543e-06;0.829478;4.80068e-05;4.48342e-06;1.74564e-06;0.000319723;0.00149807;0.0160237
6.6131e-05;0.00354241;0.995361;8.68014e-06;7.48908e-05;9.0427e-07;8.08421e-08;5.32064e-05;9.39493e-06;9.22109e-08;7.26803e-07;0.000345275;0.000527468;1.00236e-05
0.000172028;0.00324854;9.05048e-09;2.71504e-05;1.42621e-06;2.66497e-07;0.00468039;0.000620592;0.770893;2.69206e-06;0.219584;0.000132522;0.000617047;2.06089e-05
0.000801174;0.0756071;3.80628e-07;6.99807e-07;0.000799017;2.00185e-05;1.21021e-06;0.919299;6.61854e-05;3.3485e-06;7.32914e-06;9.72313e-05;0.00307452;0.000223015
1.05069e-07;0.000258862;1.35647e-06;4.01642e-08;1.35939e-06;3.12809e-07;8.20009e-09;1.70466e-06;1.91308e-08;1.38067e-08;1.11325e-08;0.999692;2.23228e-06;4.15578e-05
8.31111e-06;0.916296;1.56599e-05;1.30654e-05;0.00615047;0.000136498;1.33991e-06;0.0401824;4.77347e-06;1.39543e-05;1.18444e-06;7.82261e-05;0.0363546;0.00074348
6.51905e-05;0.000935179;0.000139304;5.44265e-06;0.000491212;4.02498e-05;6.02406e-08;1.1509e-06;0.000102618;3.61586e-06;8.04538e-06;0.997705;0.000278089;0.000224494
0.000906537;0.984551;0.0128533;1.86301e-06;0.000737577;4.54877e-06;0.000125819;0.000329865;1.05287e-05;0.000342361;3.08502e-08;2.89565e-06;2.04057e-05;0.000112936
4.82948e-08;7.7239e-09;0.999998;2.77712e-10;3.72466e-08;1.61247e-09;1.79953e-08;1.14508e-06;1.00341e-07;4.69354e-10;7.08427e-10;4.74289e-07;1.73319e-09;5.4488e-11
2.34288e-06;2.33198e-05;1.31568e-09;1.08179e-08;1.3667e-06;2.99797e-07;3.2162e-09;0.99805;5.80945e-05;1.02237e-08;2.86094e-07;5.47405e-07;0.00186319;6.52996e-07
2.34269e-05;0.00276191;1.09061e-05;2.7667e-05;1.9206e-05;1.30153e-05;2.08318e-07;0.000740307;0.000136585;5.67739e-06;7.54031e-05;0.993982;0.000981987;0.00122157
9.33053e-06;0.00033921;1.00042e-09;2.02126e-07;6.04026e-07;4.91677e-08;9.46657e-08;0.999504;5.20632e-05;3.92401e-08;5.28712e-06;2.72608e-06;8.59472e-05;1.14259e-07
1.86366e-06;0.123352;7.63867e-07;2.32372e-05;2.86839e-07;7.25198e-07;0.00387101;4.70598e-07;1.3301e-07;0.0123768;6.63956e-07;2.05613e-06;1.94998e-07;0.860369
3.61789e-10;2.68357e-11;1;4.28677e-09;5.13659e-11;2.48286e-10;4.88641e-08;5.34212e-12;3.70983e-10;4.97593e-10;7.70917e-08;3.34898e-07;8.05742e-14;9.0285e-11
4.6167e-05;0.230286;2.63981e-08;1.69347e-07;5.86755e-07;1.04832e-07;1.50935e-06;0.748456;4.50932e-06;9.24901e-08;1.78291e-05;2.22887e-06;0.0211839;2.61935e-07
7.57801e-07;0.00170786;3.29231e-05;1.89646e-05;0.000253134;6.5509e-05;3.68415e-08;0.000925851;1.59511e-05;1.02259e-06;2.90853e-05;0.992737;0.000207233;0.00400516
7.173e-07;0.94223;4.58354e-08;1.70467e-06;1.96476e-07;4.79335e-06;3.75359e-07;2.03173e-06;1.51298e-07;9.65568e-08;2.4002e-06;8.3913e-05;0.0576736;1.96307e-07
7.97894e-05;0.00212622;8.65198e-06;2.86836e-06;0.00133578;0.000572685;6.07884e-09;0.00856475;1.14064e-05;5.43244e-07;4.54329e-07;0.98211;0.000950427;0.00423625
0.000802778;0.309618;1.38703e-05;0.00249091;0.0116388;0.018739;7.81166e-05;0.561454;0.0525927;9.88961e-05;0.00240832;0.0175831;0.0123488;0.0101325
0.00261308;0.799114;0.000274831;0.00176565;0.000382508;0.00293599;2.07134e-05;0.0152823;0.0159808;2.23666e-05;0.00411166;0.0388707;0.117872;0.000754148
0.00223206;0.614289;0.000526412;6.30089e-05;0.00321815;6.01322e-05;1.11817e-06;0.343576;0.000191048;2.74961e-05;8.56039e-05;0.00672854;0.0249493;0.00405193
0.000489129;0.529172;1.22495e-06;0.000126128;0.0218042;2.15363e-05;2.53849e-06;0.0397636;0.000184544;5.42178e-05;9.45629e-05;0.198254;0.000368887;0.209663
1.29713e-05;0.984945;2.7562e-09;1.8002e-06;7.43827e-07;4.51807e-08;0.00165636;3.89417e-06;3.39685e-05;7.17743e-05;5.60171e-06;1.90971e-07;1.22914e-05;0.0132551
0.000179742;0.00264289;5.80459e-05;2.82405e-05;4.98509e-07;7.2194e-07;0.131574;0.00165595;0.807981;5.31486e-06;0.0548533;3.23335e-06;0.00101695;7.75912e-08
3.82187e-06;0.999648;6.86237e-10;9.51726e-07;1.37314e-08;3.82725e-08;4.08495e-06;7.65724e-06;6.78395e-05;6.99759e-07;2.07309e-05;3.69336e-05;0.000209548;6.8704e-08
0.000386217;0.075215;0.0028911;0.000597949;0.00026855;3.13158e-05;3.99417e-06;0.000988789;0.00107881;1.34974e-05;0.00012434;0.917858;6.79197e-05;0.000474445
9.4044e-05;0.995233;1.76133e-08;3.18287e-06;1.46818e-07;3.17423e-07;5.27971e-07;0.0032146;0.00110068;9.43338e-07;3.06612e-05;3.26506e-05;0.000288732;1.041e-06
8.17051e-06;0.0241039;6.97652e-06;1.43871e-07;3.53545e-06;1.4674e-06;1.47181e-08;0.00141734;9.52038e-06;7.84495e-08;2.5754e-06;0.971657;0.00278897;8.06048e-07
2.00066e-05;0.080031;4.2304e-08;0.00225905;0.00234771;0.00491609;4.16385e-05;0.00503587;0.0315217;0.00232908;0.00133565;4.17266e-05;0.866707;0.00341362
0.00118504;0.0183506;0.949186;0.0109849;0.000512434;3.96632e-05;0.000271263;0.000151271;0.00202993;0.000612308;0.00153748;0.0149514;7.71522e-05;0.000110108
0.00231005;0.0250772;6.55279e-07;0.000344981;0.000108944;8.95781e-06;0.00103334;0.0187034;0.879604;0.000124618;0.0679274;0.000736301;0.00400637;1.42469e-05
4.97978e-06;0.996323;3.64883e-08;6.79948e-07;9.22048e-08;9.51449e-08;3.46181e-06;1.60195e-05;9.97141e-06;1.62757e-06;9.03201e-06;0.00012424;0.00350671;6.30929e-09
0.000610225;0.178367;0.00366691;0.00030299;0.00103114;0.000223311;1.86779e-05;0.00300895;6.89854e-05;0.000128909;3.31476e-05;0.803829;0.000110926;0.0085999
9.45429e-06;8.0106e-05;7.78143e-10;1.21086e-07;3.90461e-07;3.0092e-08;7.25406e-07;0.998922;0.000899745;2.27443e-08;1.94461e-05;7.79663e-09;6.80043e-05;7.41118e-09
0.0013088;0.0228044;0.000697339;0.000457832;0.000337098;0.000285698;1.77001e-05;0.00128058;0.00253712;5.34538e-05;0.00101645;0.947154;0.000403236;0.0216463
3.84905e-05;0.691597;5.35011e-09;4.78602e-05;6.35556e-06;1.42831e-05;0.0616455;1.43359e-05;4.42775e-05;0.00919957;2.85375e-05;9.28555e-08;6.48831e-06;0.237357
1.07361e-10;1.72196e-12;1;1.33998e-10;4.73964e-12;4.42372e-12;6.62656e-10;4.25056e-11;1.10021e-10;7.24467e-12;1.09272e-09;1.84642e-09;1.65292e-13;1.69372e-14
0.00325511;0.315621;3.37645e-05;0.000946612;0.000458322;4.19627e-05;0.00097945;0.134435;0.0876264;1.06245e-05;0.152917;0.054041;0.249505;0.000129132
3.32508e-05;0.986376;4.25049e-07;1.37762e-05;0.00603924;0.000114246;5.87764e-05;0.00377073;1.79363e-05;0.000139394;7.26218e-06;4.62064e-06;7.02256e-05;0.00335381
0.000332542;0.00833641;0.0792537;4.00022e-05;0.00868928;0.000118196;1.09754e-07;0.000385888;2.55145e-06;4.69309e-06;2.72153e-06;0.900618;8.12304e-05;0.00213474
6.55407e-06;0.975962;4.94566e-08;1.64412e-07;3.86364e-06;2.44267e-06;0.000410957;0.023356;4.98722e-05;6.93238e-07;4.04179e-06;3.69234e-08;3.84318e-05;0.000164799
4.53801e-08;6.95963e-08;0.999998;1.6187e-08;7.58355e-08;3.58006e-08;3.49406e-08;1.56905e-06;7.33408e-08;1.83006e-08;3.98438e-08;4.81936e-07;1.25006e-08;2.32086e-09
1.97198e-06;0.00660192;0.980077;2.51443e-07;2.07927e-07;5.17041e-07;2.02603e-07;0.000250791;3.63944e-06;9.64962e-08;2.42646e-07;0.0130262;1.96243e-06;3.51822e-05
2.10307e-07;0.0177369;2.1231e-08;6.89259e-08;2.77691e-05;1.54322e-05;8.86443e-05;6.83215e-06;4.01202e-07;1.72765e-05;1.19677e-07;4.5943e-10;7.29038e-06;0.982099
3.99339e-09;8.95952e-09;0.999964;1.75355e-10;7.47105e-09;1.38562e-10;1.09786e-09;4.11785e-08;1.80946e-10;3.62219e-11;1.13233e-10;3.58533e-05;1.67152e-11;1.15232e-11
0.000106053;0.00549661;1.06598e-06;0.000173263;0.000364061;0.000561307;0.000101407;0.926246;0.0408669;1.65287e-06;0.000972232;0.000580409;0.0245104;1.84985e-05
1.6796e-06;0.999601;2.05522e-06;1.43441e-05;1.451e-06;3.47406e-07;2.14259e-08;0.000286148;1.51964e-08;6.30241e-08;2.83803e-08;8.2572e-06;8.15836e-05;2.98186e-06
1.20483e-05;0.987988;1.56441e-08;3.17916e-07;1.72734e-06;1.8995e-07;4.71174e-07;0.0106209;5.09068e-08;7.62222e-07;7.47762e-08;2.14058e-06;0.00126215;0.000111621
1.57896e-07;0.000763318;4.07265e-07;6.78098e-06;0.0034727;4.8792e-07;5.48869e-07;0.000323964;2.23197e-06;1.06152e-06;1.70101e-05;0.995371;1.97138e-06;3.82478e-05
5.52032e-06;0.970151;0.0047475;0.000143857;7.31841e-05;2.37877e-06;2.47045e-06;4.39835e-05;3.5277e-07;1.49052e-05;9.52379e-06;0.000446296;0.0243525;6.46837e-06
1.48859e-05;0.0212608;4.36153e-07;3.8475e-07;4.09807e-06;9.88751e-07;2.23495e-07;0.00027899;8.22679e-05;1.01084e-07;3.65927e-05;0.978179;0.000115119;2.56326e-05
0.000347509;0.78296;0.00202507;6.64463e-06;0.000207813;3.7575e-06;3.83616e-06;0.209822;0.000108418;3.39796e-06;3.88709e-05;0.000902673;0.003552;1.80315e-05
0.00119629;0.00153226;0.000605497;0.000134174;8.39362e-05;3.30472e-05;1.48518e-05;0.00292779;0.00708996;1.24815e-05;0.0036138;0.85252;0.129641;0.000594071
6.15351e-05;0.987826;6.65997e-06;1.84836e-06;2.95459e-05;4.0226e-06;4.36846e-07;0.00795011;4.00869e-05;3.78317e-08;7.30404e-07;8.23349e-05;0.00391029;8.63366e-05
8.63518e-05;0.00434254;5.33239e-07;0.000415136;0.00152891;0.000313418;3.18122e-08;0.84224;0.000596731;1.12652e-05;4.7091e-05;0.145074;0.00500698;0.000337062
6.07365e-05;0.995886;1.47104e-08;1.05703e-06;2.56476e-06;2.07624e-07;0.000517136;0.00335756;2.12611e-05;0.000104583;2.86318e-05;1.00797e-07;6.96242e-06;1.33044e-05
8.68803e-09;8.56978e-08;1;7.78123e-10;3.00439e-09;2.18052e-10;1.97992e-09;3.13669e-08;4.69265e-10;3.10353e-10;3.96024e-10;8.86787e-08;5.26958e-10;2.00915e-11
4.30805e-05;0.0383479;4.0972e-05;1.88024e-05;0.000192543;9.63454e-07;1.26685e-05;0.0164281;0.000504618;1.80272e-06;0.000146076;0.942475;7.51514e-05;0.00171266
0.000361609;0.129421;8.77154e-07;3.32755e-05;0.000496615;2.98132e-06;3.67898e-05;0.785629;0.00319297;1.36045e-05;0.00228865;0.0755497;0.00245736;0.000515037
2.67743e-06;0.998598;8.23836e-08;6.6389e-08;7.47804e-09;1.79163e-08;0.00122918;7.14772e-05;7.56152e-07;2.35788e-05;2.43059e-07;2.5782e-07;8.71449e-06;6.4732e-05
7.53638e-10;5.01442e-10;0.999999;1.39447e-10;1.84095e-09;4.67507e-11;6.39272e-09;5.97702e-09;1.48346e-10;3.85239e-11;1.26909e-10;1.20321e-06;4.32771e-13;2.18712e-11
0.000294648;0.817136;5.42704e-06;0.000526229;0.000169816;0.000161388;0.0888959;0.0168548;0.0384614;1.50159e-05;0.00338076;5.42167e-06;0.034013;7.97643e-05
0.000452634;0.877561;2.03151e-06;1.42165e-05;4.22304e-05;5.22871e-06;2.40202e-05;0.0363332;0.000377033;2.28757e-05;0.000100783;0.000906068;0.0832724;0.000886207
5.51289e-06;0.0173406;0.000111828;6.52405e-06;0.000215029;1.49873e-06;8.05278e-06;0.000212605;3.94048e-06;1.41757e-05;3.43509e-06;0.981632;7.26139e-05;0.00037252
6.23979e-06;0.989154;1.98438e-08;2.99126e-06;2.36544e-07;3.03611e-07;0.00997556;6.98345e-05;1.38329e-05;0.000289426;3.75362e-06;5.60501e-09;8.47075e-06;0.000475089
3.35041e-08;8.15221e-09;0.999971;6.50566e-09;3.216e-08;6.18101e-11;1.35856e-07;1.63527e-07;5.15104e-09;4.46092e-09;1.29036e-08;2.88828e-05;1.79211e-11;9.64545e-10
0.00157261;0.184951;5.68973e-06;2.44683e-05;0.00201887;0.00100368;0.0131882;0.548573;0.0227822;0.000745844;0.00112792;9.83438e-06;0.214885;0.0091116
1.00248e-08;3.97899e-09;1;1.88202e-09;3.17057e-09;1.76157e-09;4.93219e-09;2.89239e-08;3.30377e-08;3.80531e-10;1.88864e-08;2.4716e-07;2.51754e-09;4.07287e-11
3.53776e-07;2.37161e-06;0.999436;1.93787e-07;1.90005e-06;6.78946e-08;7.66769e-09;0.000126686;5.11259e-07;1.83429e-08;2.59385e-08;0.000418454;5.29931e-08;1.32275e-05
1.32945e-07;2.12048e-05;2.90069e-06;6.60259e-08;2.33614e-05;4.96247e-05;6.40977e-10;7.52687e-06;9.88143e-09;5.34226e-08;1.74262e-08;0.000136778;3.88762e-08;0.999758
0.000110282;0.000221068;9.90938e-09;3.69725e-07;2.93542e-05;1.12791e-05;1.83908e-07;0.997991;7.0876e-06;2.04716e-08;1.65773e-05;0.000106014;0.00150665;3.05951e-07
0.00011956;0.664756;2.0671e-06;9.36626e-05;0.000150209;1.01542e-05;1.82719e-06;0.081394;1.37779e-05;6.98669e-06;1.07236e-06;0.00186515;0.251039;0.000546778
1.28135e-05;0.967675;1.98711e-05;0.000339742;0.000109534;1.32954e-05;0.000539922;0.0018776;0.000251398;0.000109436;0.00350287;0.0180059;0.00732566;0.00021686
0.00066901;0.356745;0.00201694;0.0472455;0.0237424;0.000391315;0.000843057;0.000870666;0.000167295;0.000684895;0.00949881;0.554662;0.000953253;0.00150938
0.00117414;0.986988;6.70565e-06;4.90436e-05;0.000214082;5.3827e-06;0.000669657;0.00111832;7.16996e-05;8.09086e-06;0.00130486;0.00478331;0.00183195;0.00177469
1.43668e-06;0.0527093;7.56712e-09;1.06227e-07;4.0519e-06;3.00215e-07;2.16469e-07;0.000859676;1.53069e-06;1.56259e-08;2.16858e-06;2.6629e-06;0.946402;1.68229e-05
1.11274e-05;0.0753071;0.0486587;1.31982e-05;0.00779213;5.67077e-07;2.98277e-06;4.55709e-05;2.84442e-06;1.18167e-05;3.08114e-06;0.627851;0.000100794;0.240199
6.49606e-06;0.000697228;2.3017e-10;2.64105e-07;0.00142218;8.68141e-07;8.76207e-07;0.99763;0.000179729;3.58182e-07;6.82577e-06;2.03704e-05;3.26616e-05;2.03201e-06
2.3391e-05;0.0528963;0.79646;8.2416e-06;0.00017547;0.000146258;8.38057e-08;0.000877962;3.7446e-08;2.19311e-07;7.44722e-08;0.148632;0.000758927;2.04977e-05
0.000207276;0.0170991;2.7127e-07;1.8346e-05;0.000356002;5.28809e-05;7.93567e-07;0.942691;0.000112887;1.01216e-06;0.000251946;0.00580447;0.033286;0.000118091
4.40714e-06;0.974225;1.23904e-08;5.00749e-07;2.1432e-08;3.16871e-08;3.7563e-07;8.08185e-06;1.89555e-07;2.31479e-08;5.90571e-07;0.00150343;0.0242569;2.49646e-08
5.67885e-05;0.0475972;4.56766e-06;3.10866e-05;0.000259981;0.000106938;2.85787e-07;0.00398935;6.33459e-06;1.15777e-05;4.76816e-06;0.941396;0.00184299;0.0046924
1.28566e-08;0.000659614;5.93979e-11;5.16636e-07;9.85563e-11;1.95027e-08;0.998836;1.78414e-09;5.45076e-07;0.000493119;9.05961e-06;6.66425e-11;5.08839e-08;1.47304e-06
2.72363e-09;9.87499e-10;0.999989;1.26269e-07;5.49135e-12;2.1697e-09;5.71992e-06;2.10446e-11;5.56557e-08;1.35732e-08;4.53054e-06;7.93559e-07;1.7666e-11;6.3769e-13
0.000134318;0.994461;3.97481e-07;3.56577e-05;5.3919e-08;1.00478e-07;0.000145314;0.000197218;0.000234031;2.55991e-06;0.00316028;0.00124785;0.000381496;2.32116e-07
1.99526e-07;0.00138666;4.60585e-09;7.95283e-08;7.14272e-06;2.8863e-08;2.77747e-08;0.997512;1.44361e-07;1.7545e-07;5.27958e-08;8.92662e-07;0.0010927;1.15121e-07
7.21788e-07;5.08804e-06;0.991952;9.20896e-05;2.23788e-06;4.44502e-05;1.56691e-06;6.92125e-07;5.42947e-07;0.000180002;1.70464e-05;0.00760964;3.76132e-07;9.38056e-05
2.55418e-07;0.000196351;4.71955e-09;6.71471e-09;4.41456e-11;2.77641e-09;0.999459;1.50331e-08;1.05999e-06;0.000334755;8.66912e-06;1.37062e-13;3.84825e-08;4.6538e-08
2.3278e-11;4.46451e-13;1;1.23024e-11;1.34432e-12;6.68365e-13;1.40327e-09;7.66457e-11;1.43657e-10;1.18769e-10;5.14201e-10;3.22224e-10;1.83634e-15;7.98909e-15
