8.73399e-06;0.999157;8.82511e-06;1.86404e-05;7.30006e-07;4.38816e-07;1.46599e-07;0.000128825;3.56961e-07;2.6415e-07;3.97752e-07;0.000476655;0.000199091;3.72707e-07
8.26129e-06;0.989846;8.36931e-09;1.55902e-07;1.1986e-07;1.02371e-06;2.89745e-07;6.53568e-06;1.04104e-07;4.35684e-07;3.64623e-07;0.00113;0.0089227;8.42905e-05
5.04768e-06;0.0756207;4.90724e-07;1.50086e-06;1.18207e-05;0.000287206;0.00622904;5.72518e-05;3.40068e-07;0.0109279;1.58787e-07;5.30045e-06;8.30375e-05;0.90677
1.88285e-09;4.09958e-09;0.999997;5.1268e-09;2.71815e-09;2.33016e-07;2.14986e-06;1.95191e-08;3.88772e-08;1.37449e-07;6.45128e-08;8.83931e-09;9.77912e-12;1.06134e-09
3.37327e-08;1.21151e-07;0.999918;1.49453e-08;1.23954e-09;1.33682e-09;1.27765e-07;8.07374e-05;2.04933e-07;7.35608e-10;2.50384e-07;3.48407e-07;4.90308e-07;6.73605e-11
3.06021e-07;0.000415759;0.43934;3.68153e-06;3.87562e-07;4.1455e-07;3.56049e-06;2.21492e-05;1.22433e-07;6.29241e-07;6.60219e-07;0.0195844;1.62827e-05;0.540611
2.36033e-08;9.4442e-05;6.25333e-10;3.80593e-08;0.00217302;1.29408e-05;7.14386e-08;0.997648;5.22695e-08;5.80004e-09;6.44715e-09;3.00651e-09;7.25201e-07;7.02719e-05
7.94964e-11;1.70867e-07;0.99991;1.0164e-08;1.95152e-05;4.97485e-07;1.11432e-13;4.94532e-09;1.65777e-14;4.56284e-11;5.45094e-12;6.13593e-05;4.98036e-09;8.21576e-06
9.64996e-11;0.999996;1.44121e-12;3.90469e-11;3.61714e-11;7.61664e-11;2.13045e-06;1.09312e-06;1.7675e-11;4.13761e-10;8.98142e-11;5.63326e-14;1.11181e-06;6.92604e-08
6.60055e-12;4.23181e-10;1;1.33684e-10;1.51461e-10;1.69326e-10;3.07128e-10;9.23807e-10;9.13573e-13;3.35017e-11;1.61586e-11;1.89094e-09;9.8763e-12;5.28755e-11
2.65114e-06;0.633209;4.35146e-06;3.10529e-06;7.44248e-06;2.60024e-07;8.0569e-06;0.292224;5.55738e-06;1.06703e-06;7.53175e-05;0.0715262;0.00181816;0.00111482
1.36843e-06;0.817337;0.0820259;0.000350518;0.012303;0.000110914;7.02527e-07;2.65717e-05;1.01075e-08;1.25541e-05;5.66872e-06;0.00191098;0.0190965;0.0668187
3.11179e-05;0.607398;2.38691e-06;2.02847e-06;2.64471e-06;3.19806e-07;5.54172e-06;0.00154277;1.79349e-05;6.68505e-07;1.92652e-05;0.359361;0.000913554;0.0307033
0.000192754;0.035746;2.05558e-06;7.66197e-05;0.00154727;0.00292649;7.07025e-06;0.738722;0.000432767;6.00487e-06;5.8852e-05;0.196108;0.0235709;0.000603204
9.40129e-05;0.00962598;7.5459e-06;7.94598e-06;7.96404e-05;0.000455785;1.47324e-08;0.00242705;5.48914e-07;2.18903e-07;8.41849e-07;0.000287958;0.987007;5.03992e-06
0.000195413;0.0381404;7.88699e-06;4.76867e-05;0.000590279;0.00661655;3.43971e-06;2.93061e-05;0.000282517;3.69452e-06;0.000227991;0.000392694;0.952674;0.000787682
9.29168e-05;0.033094;0.9184;1.29557e-05;0.00170442;8.82951e-05;1.65345e-07;0.000439272;4.86227e-07;3.00972e-07;3.15723e-07;0.00186853;0.000109276;0.0441895
2.00281e-05;0.107142;7.54844e-08;9.51761e-07;1.23759e-05;1.95145e-05;3.96084e-07;0.0754715;5.63279e-06;3.47594e-08;2.69017e-05;0.000280465;0.816971;4.89031e-05
4.1042e-06;0.000448125;3.03964e-09;9.25179e-07;1.00307e-06;4.87416e-06;1.27283e-08;0.486947;1.16658e-05;5.41157e-08;2.44036e-05;0.00059871;0.51195;9.15334e-06
4.42739e-05;0.0189203;2.7911e-05;0.00120526;6.14642e-06;2.32122e-05;1.36706e-05;0.00685002;0.000450913;4.70521e-05;0.00616809;0.961461;0.00379832;0.000984176
1.87265e-05;0.974606;5.80856e-07;0.00149801;1.92635e-05;2.45931e-05;9.1609e-05;0.00895894;8.11782e-05;2.87337e-05;0.00516165;0.00654636;0.00261355;0.000350882
1.52135e-05;0.0271642;8.44754e-09;1.06115e-05;0.000113151;8.67421e-09;1.83851e-05;0.972108;9.85223e-06;3.48011e-06;0.000408142;9.38387e-05;4.28273e-05;1.22294e-05
3.25112e-05;0.0151704;0.963987;0.000399378;0.000141517;2.49473e-05;2.82799e-05;5.09715e-05;4.02482e-06;2.79771e-05;0.00405478;0.0011958;0.0146835;0.000198735
2.35301e-05;0.954897;5.21381e-08;9.91591e-07;1.15208e-05;2.03919e-06;3.30765e-06;0.0198797;3.82019e-05;1.88403e-07;0.0165014;0.00739927;0.00115791;8.52515e-05
4.02108e-06;0.000276482;1.58085e-06;6.98565e-07;0.000119173;2.74264e-07;5.27281e-09;0.00216535;1.71694e-05;2.39439e-08;9.51296e-05;0.996235;0.00104639;3.89779e-05
2.13482e-05;0.999192;4.38021e-08;9.58276e-08;4.38684e-07;1.51867e-08;8.46257e-07;2.32171e-05;1.62829e-06;7.73465e-07;1.48468e-07;5.37315e-06;0.000183042;0.000570751
2.17686e-05;0.0812322;5.06758e-06;2.43339e-07;9.50112e-07;6.78278e-07;0.00616823;0.904001;0.00788432;1.72234e-05;6.33619e-05;1.9483e-09;0.000604623;3.23644e-07
4.20253e-08;2.61635e-08;0.999997;1.31332e-08;1.46296e-08;3.59997e-09;1.90776e-08;1.33337e-06;8.92881e-07;8.52204e-09;7.93774e-08;7.06142e-07;2.52886e-09;9.1693e-11
6.99356e-07;8.29687e-06;0.999341;4.24459e-07;3.6113e-06;2.41652e-07;1.39728e-08;3.41193e-05;3.44193e-07;8.24482e-08;1.67634e-08;0.000290035;1.80211e-08;0.000321157
6.81209e-08;7.95217e-05;1.21844e-05;3.26921e-09;7.19178e-05;1.06951e-05;6.08359e-11;8.15006e-07;1.41016e-10;4.8088e-09;7.62971e-10;6.05818e-05;4.86105e-08;0.999764
1.80612e-05;0.00015435;1.57542e-08;1.46208e-08;2.73989e-05;7.7702e-05;2.05388e-09;0.994149;4.65343e-08;1.61971e-09;2.59928e-08;1.82851e-05;0.00555166;3.03656e-06
4.15921e-07;8.49886e-05;6.23868e-10;1.01624e-07;9.70505e-08;5.83775e-07;1.75999e-09;0.0083712;6.14175e-08;5.60539e-09;3.82909e-08;3.39389e-07;0.991542;4.45537e-08
1.94252e-06;0.00141004;1.27878e-07;5.54618e-05;3.00431e-06;5.19149e-06;1.84947e-07;5.58192e-06;1.8871e-06;5.25581e-06;1.44303e-05;0.997909;0.000323626;0.000264192
8.53638e-07;0.00694608;7.10562e-10;5.27084e-07;0.000271608;8.19919e-08;4.08214e-06;0.992765;4.70668e-08;1.34851e-06;3.56842e-07;2.07401e-07;5.08849e-06;4.86007e-06
5.66479e-07;7.22419e-05;0.999212;1.6253e-05;1.44794e-05;1.63341e-05;1.4032e-07;6.1459e-06;7.20855e-09;1.45613e-06;2.6734e-06;0.000456185;0.000191756;9.30553e-06
3.48643e-06;0.99803;3.30762e-09;2.52193e-08;9.61397e-08;4.42961e-08;0.0015186;0.000432485;1.09416e-07;3.17572e-06;1.91393e-06;1.37833e-08;2.44199e-07;1.01809e-05
6.84589e-08;1.33572e-08;0.999992;4.26502e-08;5.65799e-08;1.18314e-09;2.5684e-06;3.91184e-07;2.5067e-07;1.58503e-08;3.18584e-07;4.63687e-06;1.41146e-10;1.29574e-10
1.86e-07;0.999882;4.28492e-11;4.35898e-08;4.85672e-10;7.41332e-10;3.57878e-06;6.83753e-05;8.35799e-07;3.05149e-07;1.25296e-06;4.6543e-09;4.26597e-05;1.09087e-06
7.87139e-09;2.25199e-05;0.993694;1.19402e-07;2.68935e-09;5.09628e-10;3.56095e-08;3.17619e-08;6.09901e-10;1.06173e-08;9.5114e-09;0.006283;1.59176e-09;8.47731e-09
3.89765e-05;0.00163225;0.00158108;0.000181712;0.000987034;3.95498e-05;9.71221e-05;0.992112;3.20653e-05;1.78628e-05;0.000116588;0.00024444;0.00030272;0.00261677
3.02721e-06;1.20695e-05;1.13941e-08;1.49216e-06;2.8451e-07;0.000739707;0.000941983;7.06406e-06;8.33801e-05;1.5824e-05;0.000655509;5.60231e-09;0.997539;1.11855e-06
4.92087e-07;4.0563e-07;0.999997;1.08163e-07;5.20166e-08;8.66502e-09;2.32202e-08;6.52085e-09;2.4005e-09;2.12618e-08;1.26443e-08;1.56251e-06;2.84415e-09;1.17394e-07
3.92389e-06;0.997443;1.82726e-06;2.76669e-06;1.28692e-05;1.94461e-06;3.74923e-06;0.00206011;0.000167711;1.72735e-07;2.61932e-05;1.63073e-06;0.000247157;2.69011e-05
