5.80612e-07;7.69891e-06;4.92271e-12;3.8375e-10;1.18771e-07;1.20901e-09;7.33085e-10;0.99999;4.09828e-07;3.04633e-10;1.14517e-08;1.32001e-07;1.43244e-06;2.56204e-08
1.14185e-06;0.00126894;3.01011e-07;4.86759e-06;0.00014874;1.97921e-06;0.00045232;7.36601e-05;4.85129e-07;0.000697527;2.69945e-07;2.16341e-06;7.63239e-08;0.997348
5.23832e-09;6.35873e-09;1;3.58069e-09;3.65696e-11;1.72586e-11;3.38499e-07;2.49844e-09;2.56125e-08;1.19631e-10;5.99825e-08;2.20128e-08;3.84627e-11;4.05396e-12
2.15779e-06;0.945664;1.27429e-06;1.21674e-06;6.09998e-08;4.61534e-08;2.24752e-06;0.000104011;8.45585e-07;5.16408e-08;9.30307e-06;0.0419518;0.0122559;7.03485e-06
5.26537e-07;0.99503;1.18619e-07;2.23549e-06;1.30751e-06;6.46701e-06;1.18836e-06;0.000181142;3.14128e-08;9.27003e-07;3.03966e-07;0.00176409;0.00025637;0.00275552
2.32151e-06;0.00161813;4.02203e-06;3.35856e-06;4.12184e-07;4.28109e-05;1.38522e-06;0.000576563;3.438e-07;2.41143e-07;2.38247e-06;0.996867;0.000734835;0.000146323
2.80595e-07;0.995313;2.45875e-09;3.3208e-07;2.7253e-09;2.40255e-07;0.00212747;0.000428992;2.35561e-07;1.55061e-05;3.23876e-07;6.36776e-09;0.000333881;0.00177981
1.48935e-11;1.47381e-10;1;4.26619e-11;4.19927e-11;7.13785e-10;7.92572e-09;3.57454e-10;1.2881e-11;2.3542e-09;1.09859e-10;1.25601e-10;2.22801e-13;4.91283e-12
2.65513e-08;4.06581e-07;0.999995;5.5357e-09;1.02821e-09;4.95017e-09;3.13108e-08;3.76672e-06;4.7856e-08;5.76676e-10;1.9235e-08;6.46545e-08;6.81575e-07;6.09192e-12
1.16393e-07;0.000279666;0.00463271;5.89728e-07;8.17479e-08;2.19294e-07;2.38063e-08;2.33429e-05;9.07114e-07;6.14481e-08;2.32081e-06;0.994915;7.11505e-07;0.000144534
6.40201e-06;0.0006358;9.01679e-08;2.41291e-07;0.00162623;0.000258319;3.05447e-07;0.991115;3.94166e-07;1.45195e-07;1.7364e-07;2.62713e-08;0.000103158;0.00625383
7.05558e-07;0.00153493;7.38519e-05;1.87645e-06;0.00219016;8.67561e-05;2.91553e-09;0.000223267;4.41957e-08;1.29523e-08;9.08918e-07;0.989399;0.000193781;0.00629458
3.11398e-07;0.999442;9.9032e-08;4.29042e-08;1.0699e-06;1.40035e-06;0.000101403;4.25371e-05;1.36553e-08;2.26348e-06;3.22255e-08;3.06635e-08;0.000135942;0.000272756
2.64764e-12;2.60568e-12;1;5.5448e-12;3.37744e-10;1.11717e-10;3.31713e-14;4.85763e-11;2.03852e-14;1.6449e-13;8.54187e-14;4.68133e-08;6.91574e-13;1.31515e-12
1.54778e-05;0.567681;0.000145746;0.000404027;0.000371866;0.00107597;1.7225e-05;0.184088;0.00013796;3.67834e-06;0.000597508;0.040932;0.192022;0.0125072
2.42248e-07;0.00272368;5.81325e-09;1.96499e-08;9.66739e-07;2.26424e-07;2.71521e-09;0.996657;4.92711e-09;2.09684e-08;1.272e-08;6.4456e-07;0.000612879;3.98473e-06
9.94814e-08;0.000223924;0.000180482;2.99092e-06;7.75201e-06;2.76201e-05;1.7758e-08;3.41817e-05;1.70588e-08;1.26493e-07;5.46091e-07;0.999136;3.39399e-05;0.000352096
9.87706e-06;0.295788;5.42897e-05;3.95693e-05;0.000135814;3.29963e-05;2.36858e-06;0.0652834;2.79259e-05;4.61428e-07;8.02335e-05;0.000285192;0.638125;0.000135709
1.50432e-05;0.00749846;5.1761e-05;1.09232e-06;0.00386583;3.53849e-07;7.84538e-10;0.000754851;2.68495e-06;1.11126e-07;2.81341e-06;0.987401;3.47829e-05;0.000371029
1.16208e-05;0.854228;4.49437e-08;2.5902e-07;5.7857e-05;4.98571e-08;1.38923e-05;6.55332e-05;9.85289e-06;6.6013e-05;3.68821e-08;9.73275e-08;8.59013e-07;0.145546
6.06642e-05;0.000216374;1.51538e-07;5.84952e-07;1.38696e-07;2.43371e-08;0.00536142;0.00352146;0.990189;1.25781e-07;0.000507891;7.96347e-08;0.000141951;1.83516e-09
4.0244e-06;0.98422;1.25472e-08;1.01244e-07;1.22443e-08;7.06828e-08;3.68744e-07;9.06744e-06;2.23052e-06;2.19297e-08;2.60391e-07;2.65584e-05;0.0157372;1.41661e-08
0.000612692;0.113605;8.4754e-05;7.48793e-05;0.00308731;0.000519907;7.35429e-07;0.00178953;0.000251741;2.61395e-05;5.86482e-06;0.775729;0.00380037;0.100412
7.21061e-05;0.980244;5.29767e-08;3.4678e-05;2.36093e-05;1.69068e-05;0.0125809;0.00129038;0.00384658;0.00136531;0.000230406;1.86626e-05;0.000150504;0.000126316
6.10615e-08;7.99777e-08;0.999983;2.28311e-07;2.76418e-08;4.08709e-08;3.5061e-07;1.66467e-06;2.01908e-07;5.16623e-08;2.24921e-07;1.44481e-05;1.75571e-09;7.81578e-11
0.00148734;0.746738;5.51711e-05;0.000655783;0.000219909;0.000493218;0.00460333;0.0450156;0.00178334;1.31076e-05;0.00981921;0.113323;0.0733596;0.00243356
1.28611e-05;0.659977;2.06844e-07;3.60372e-05;0.000347822;4.29244e-05;1.39555e-05;0.254935;0.000286137;1.62241e-06;0.000600868;6.56688e-05;0.082699;0.000980866
0.000468269;0.0987221;0.00573831;0.0010882;0.0226979;0.00114212;0.000123392;0.0422987;0.000922538;0.000169934;0.00291008;0.505263;0.00357289;0.314883
0.00578652;0.719883;0.00115313;0.00035544;0.000457353;1.3008e-05;0.000483586;0.0669072;0.00288458;5.04689e-06;0.00299548;0.154914;0.0438171;0.000344565
4.55842e-07;0.99323;2.74525e-10;5.04171e-07;1.35158e-06;3.79009e-09;1.87643e-07;0.00666698;6.60965e-07;5.7103e-07;6.59065e-08;8.78108e-05;4.84051e-07;1.1219e-05
1.50522e-05;0.640225;0.0389171;0.000430131;0.000905256;0.00156127;6.17592e-07;0.000758119;1.09868e-07;2.66678e-05;1.61955e-06;0.287416;0.027908;0.00183554
0.000808084;0.0169787;5.47095e-07;3.34389e-05;0.000185486;3.55988e-05;5.28903e-05;0.76953;0.000156941;6.7524e-07;0.00104344;0.112153;0.0989984;2.25292e-05
0.000313642;0.985367;5.69919e-08;0.000346317;0.000865824;8.98582e-06;0.000223805;0.0101684;0.000300345;2.28297e-05;0.000158785;0.00037074;0.00142796;0.000425053
0.000259568;0.991401;1.75716e-06;1.71748e-05;6.05015e-05;3.39441e-06;5.13654e-06;0.000318668;6.94331e-05;5.7412e-07;6.64001e-05;0.00559937;0.00131729;0.000879478
0.000115511;0.992844;4.48397e-06;2.77634e-06;5.29714e-06;5.63008e-07;0.000640277;0.000238377;6.36988e-06;6.5119e-06;0.00024469;0.00419708;0.000965837;0.00072849
4.43695e-07;0.0161594;9.97111e-05;2.39066e-06;8.60373e-07;5.41529e-07;3.55611e-07;5.16465e-07;3.1298e-07;1.82188e-07;1.70905e-06;0.983022;8.74042e-06;0.000702787
4.66307e-08;0.997052;1.55311e-12;4.75088e-09;2.68013e-09;3.46458e-08;7.71965e-05;0.000716082;4.12573e-08;6.06106e-07;4.36367e-08;1.15711e-10;0.000291473;0.00186278
2.16655e-11;3.47096e-11;1;1.40769e-11;4.94589e-11;1.02907e-10;2.06744e-11;1.38578e-11;8.15992e-13;1.4018e-11;6.01361e-12;6.44032e-08;5.41005e-14;1.91175e-11
1.9842e-05;0.0208594;1.54058e-06;3.66256e-06;6.76855e-07;1.10829e-06;5.46753e-07;0.0154154;0.000171458;2.21345e-07;3.95762e-05;3.2022e-05;0.963454;9.62535e-07
8.65385e-05;0.848042;1.80807e-08;0.000813367;7.36671e-06;1.33016e-05;9.85872e-05;0.00431809;0.00570846;3.08589e-05;0.0021906;0.00553339;0.130693;0.00246476
1.26901e-05;0.000205997;1.48886e-08;2.11075e-06;0.000298767;1.1012e-07;2.006e-07;0.999441;1.36017e-06;8.92664e-06;8.19515e-07;1.36076e-05;4.7224e-06;9.26124e-06
1.11069e-05;0.00105136;0.984118;0.000173294;0.000145743;0.00193634;1.97131e-06;1.10887e-05;7.95874e-07;0.00045768;2.61709e-05;0.0115734;0.00029073;0.000202601
3.81847e-08;0.00050638;2.46873e-10;3.05676e-08;3.0941e-10;2.04006e-09;0.999118;9.59861e-09;7.84937e-07;0.000334534;3.99945e-05;4.66513e-10;3.62465e-08;1.71212e-07
4.35552e-09;1.23538e-09;0.999997;4.3351e-08;1.5378e-10;3.0159e-09;1.79893e-06;5.07592e-10;1.61389e-07;3.99528e-08;7.16086e-07;7.4264e-08;1.74002e-12;2.65077e-12
0.000376661;0.980411;1.15978e-06;0.000326109;9.85536e-06;3.24729e-05;0.000631752;0.0011964;0.0053096;1.78934e-05;0.00592763;0.00163886;0.00407694;4.36571e-05
4.31658e-06;0.00369033;1.91969e-09;6.49612e-08;3.03262e-05;2.43066e-07;4.03804e-08;0.996233;7.28422e-07;3.75458e-07;2.58061e-08;2.14244e-06;3.47714e-05;3.60656e-06
3.1613e-07;2.78717e-06;0.992736;3.40511e-06;9.70309e-06;6.67685e-06;6.89154e-09;5.02519e-07;8.01813e-09;5.24652e-06;4.73258e-08;0.00723073;6.07054e-07;3.69359e-06
2.69468e-08;1.0378e-05;1.05216e-09;1.8462e-08;5.32598e-12;1.63901e-09;0.999745;4.33889e-10;2.21019e-06;0.000234127;7.91139e-06;3.07771e-13;1.91937e-08;9.89932e-09
2.31291e-10;1.6685e-12;1;1.59239e-10;1.25338e-11;1.6909e-11;7.47211e-08;1.13509e-10;1.38858e-08;1.39823e-09;1.98175e-08;1.00642e-10;2.23731e-15;9.50289e-15
