1.13123e-05;0.997952;0.000173678;5.71175e-05;3.34821e-06;6.1061e-07;1.03917e-06;0.000230479;6.64849e-07;6.14656e-07;1.58165e-06;0.0013991;0.000165972;2.32775e-06
0.000138507;0.631637;4.6777e-08;1.28752e-06;2.37468e-05;5.34898e-06;6.20038e-06;0.358658;1.37271e-05;3.3581e-06;7.33473e-06;5.82678e-06;0.0090705;0.000429064
3.45006e-07;0.000194146;3.22197e-05;2.84315e-06;2.60567e-05;4.33736e-06;4.97455e-08;2.00287e-05;5.23213e-06;3.94261e-07;1.45616e-05;0.99955;2.23614e-06;0.000147435
3.64993e-06;0.995679;5.30795e-08;2.72618e-08;1.99508e-08;5.79369e-09;1.06823e-07;3.04536e-05;1.32268e-07;3.57847e-08;9.56547e-08;7.66799e-05;0.00421017;2.34727e-08
7.31384e-07;0.978269;6.73778e-09;3.50765e-08;6.33087e-07;1.85673e-06;0.00010762;7.50296e-06;4.21885e-08;7.71464e-05;1.57871e-09;3.18418e-06;5.98749e-07;0.0215315
4.46094e-11;6.82829e-11;1;1.94123e-11;1.29395e-10;1.91236e-10;5.0154e-11;4.88025e-09;7.90705e-12;2.48418e-11;2.30897e-12;3.90924e-07;3.0643e-13;5.98723e-13
0.00012312;0.0253587;3.20379e-05;6.40407e-06;0.000154303;0.00373838;0.00131342;0.864337;0.000492098;0.000132899;7.35443e-05;1.16329e-06;0.103976;0.000261236
1.42485e-09;1.80295e-10;1;4.47566e-10;7.58474e-11;2.70448e-10;5.39745e-10;3.01088e-08;8.96171e-10;8.09e-11;1.02242e-09;7.98894e-08;4.40867e-10;3.48239e-13
1.89757e-06;8.6512e-05;0.00253425;6.02125e-06;1.01649e-05;1.15287e-06;6.13146e-08;0.00115844;5.52066e-05;3.10459e-07;2.29882e-05;0.996103;4.02417e-06;1.55607e-05
4.11183e-07;2.43625e-05;0.999684;1.69219e-07;3.90459e-05;1.85727e-05;1.27933e-07;5.67425e-07;4.47953e-09;3.96916e-08;8.61691e-08;8.88041e-07;7.83871e-06;0.000223969
1.24258e-06;0.011173;3.02078e-07;5.61325e-09;0.00029771;2.82602e-07;1.0586e-10;0.987151;2.38636e-08;6.87403e-10;6.7678e-10;0.00101017;7.82704e-05;0.000287703
9.50132e-08;0.990521;5.17888e-10;5.96284e-08;2.35945e-06;5.99074e-08;1.00998e-07;0.00304585;1.89853e-07;7.07831e-07;1.32774e-09;3.8939e-06;3.26534e-06;0.00642241
9.63567e-06;0.00678866;1.24002e-05;1.12081e-05;2.5525e-06;4.8615e-06;0.000276181;0.98997;0.000626615;2.37237e-06;5.80226e-06;8.57978e-08;0.00228995;7.65275e-09
1.77925e-06;0.996755;6.05404e-06;4.78061e-06;2.01735e-07;1.94733e-07;1.27222e-07;0.000901108;1.90005e-08;2.86046e-07;1.27687e-08;6.17956e-05;0.00226835;1.13016e-07
2.63545e-06;0.680713;6.11153e-07;1.16148e-05;1.05223e-06;6.28101e-06;9.36479e-07;0.00145699;4.26014e-06;8.08491e-07;5.63158e-06;0.282634;0.0351474;1.49319e-05
2.66223e-06;0.991946;4.61919e-09;5.32182e-05;2.27227e-06;2.93298e-06;0.00609498;2.92259e-06;1.23019e-06;0.00109301;1.96246e-05;6.50691e-07;5.04146e-05;0.000730225
1.37146e-06;4.87536e-05;0.999351;2.57561e-06;4.0291e-08;1.06457e-07;4.38685e-06;9.34278e-07;3.42847e-07;2.04851e-08;3.77794e-06;0.00047738;0.000109265;9.78162e-09
1.13087e-05;0.960033;0.00019777;3.53137e-05;1.63134e-05;0.000234904;3.66239e-06;0.0246265;3.49646e-06;1.10704e-05;2.84034e-05;0.000150465;0.0133302;0.00131683
1.14665e-05;0.938798;4.59092e-07;2.53052e-06;1.53313e-07;3.96032e-06;0.000424913;0.00262018;1.89817e-05;4.74984e-05;3.64584e-05;6.39096e-06;0.0579769;5.15651e-05
4.82944e-08;1.28939e-08;0.999991;2.64302e-08;8.16955e-09;3.80675e-09;1.29648e-08;3.81562e-07;7.95992e-09;4.37925e-09;9.69533e-09;8.26173e-06;9.20521e-10;1.05302e-10
0.000104566;0.645119;4.08418e-06;0.000222343;3.92449e-05;5.5439e-05;5.4024e-05;0.294834;0.000339533;1.72453e-05;0.000731134;0.0254492;0.0159755;0.0170542
7.73332e-05;0.132403;6.53037e-07;0.000158692;0.000291335;9.02881e-06;0.000375465;0.860923;4.43633e-05;8.50484e-05;0.00223521;0.0015611;0.0018273;8.68014e-06
6.58978e-05;0.0767;0.431197;0.00184956;0.000236808;0.0214495;1.10464e-05;0.000328013;7.25923e-07;0.000282826;0.000377034;0.452501;0.013844;0.00115672
8.03672e-05;0.396554;5.19459e-07;1.78231e-05;2.30337e-07;1.20602e-05;0.595737;0.000177996;4.69957e-05;0.00267288;0.00366833;6.03197e-06;0.000832536;0.000193898
4.496e-09;2.36793e-09;0.999999;4.50633e-08;9.70461e-10;2.23513e-07;9.0534e-07;5.8416e-09;3.00671e-08;8.88565e-08;1.69944e-07;1.17281e-08;6.36501e-10;6.79166e-11
2.29205e-06;0.999419;2.78343e-05;4.40672e-06;3.59596e-07;1.02008e-06;9.87806e-06;0.000372482;1.98393e-07;1.27705e-06;3.6409e-07;2.12852e-06;0.000145988;1.23111e-05
3.85081e-07;0.00477549;4.12285e-09;4.36451e-06;1.06955e-07;2.67772e-08;5.62446e-07;0.00326633;2.23605e-06;2.88057e-07;3.37156e-05;1.41778e-05;0.991902;2.47905e-08
5.61656e-05;0.991165;2.31374e-05;0.00173004;3.47852e-06;3.14789e-06;3.47723e-05;6.93523e-05;2.12142e-05;1.39072e-05;0.000218295;0.00652915;9.17966e-05;4.09054e-05
6.15391e-06;0.0373339;1.47996e-08;1.54199e-06;2.92206e-07;2.70381e-06;4.67633e-07;0.00671315;1.59858e-06;3.70109e-07;1.46738e-05;1.25421e-05;0.955909;3.6697e-06
1.30185e-06;0.00222379;0.00115946;6.59e-05;0.00012296;0.00022876;1.30721e-06;1.00079e-05;3.06736e-06;5.6347e-06;0.00128934;0.990165;0.00232744;0.0023964
7.40481e-05;0.00196999;1.7845e-06;3.66932e-05;0.0002941;5.86809e-05;6.31029e-06;0.992737;4.42257e-05;1.19544e-05;0.00356532;3.59559e-06;5.96563e-05;0.00113661
7.64541e-06;0.00173077;6.52717e-08;8.75227e-05;1.01298e-06;1.84399e-06;0.000152258;0.000195159;0.0127531;1.68888e-06;0.980525;9.09188e-05;0.00444932;3.47678e-06
0.000165946;0.987909;1.06833e-06;4.93774e-05;1.40716e-05;2.71915e-06;1.76746e-05;0.00788478;0.000641654;2.17887e-05;0.00257271;0.000198987;0.00049564;2.46646e-05
7.74669e-07;0.00325352;1.38559e-09;1.05529e-07;2.07954e-08;3.38939e-07;2.66077e-07;6.00771e-07;1.30995e-06;1.17499e-07;4.07085e-06;5.10106e-06;0.996734;7.83618e-09
6.34045e-05;0.00534665;0.92722;6.22851e-05;9.8024e-05;1.23182e-05;2.46315e-07;0.00127538;4.25857e-06;3.01626e-06;1.82479e-05;0.0645939;5.22475e-06;0.00129656
1.03071e-05;0.982023;3.31016e-08;8.39194e-06;9.34993e-05;1.92422e-06;8.1226e-07;0.0163822;3.46477e-06;1.19638e-06;6.81252e-05;5.39314e-05;0.00106331;0.000289681
0.000425167;0.00101916;4.22225e-07;8.86564e-05;0.000977742;0.000627593;2.46015e-05;0.975489;0.00148673;7.83898e-05;0.00038974;0.00334077;0.0159403;0.000111754
6.98177e-05;0.98306;3.92969e-08;5.08648e-05;0.000129983;7.38885e-06;4.04863e-05;0.000836316;0.000226806;2.79909e-06;0.00206817;0.0114429;0.00205686;7.67933e-06
4.25356e-06;0.998723;2.19826e-11;3.14549e-07;1.84143e-06;2.65449e-07;0.000180441;0.000534756;3.89696e-07;9.61381e-06;5.64286e-07;2.81421e-08;0.000242461;0.00030182
1.62441e-08;2.96319e-08;0.999994;1.46627e-08;9.08369e-07;7.92116e-08;2.11504e-09;1.79642e-08;2.69178e-10;1.3525e-09;3.74619e-10;5.40167e-06;6.21976e-11;2.58669e-09
0.00010192;0.784495;3.20956e-05;0.00210784;0.000786728;0.00215745;0.00029083;0.00849919;0.000685018;7.83098e-06;0.00268593;0.0149878;0.167717;0.0154453
2.07154e-05;0.943398;3.46817e-07;3.6456e-05;1.16054e-05;1.03492e-05;2.43869e-05;0.0292473;9.09492e-05;2.668e-06;0.0068986;0.000223539;0.019723;0.000311938
0.00012924;0.432623;2.15482e-06;4.01553e-05;0.0137041;1.58563e-06;2.72389e-06;0.484788;2.71313e-05;2.1448e-05;0.000143687;0.0679832;0.000415196;0.000118118
7.96209e-05;0.163647;0.416062;0.000501636;0.000876243;0.000989137;9.24247e-07;0.0025151;1.2386e-05;8.72098e-06;2.53001e-05;0.411156;0.00325538;0.000870985
3.70532e-05;0.00108573;3.67303e-09;6.97873e-07;7.18191e-07;2.90714e-06;8.73774e-07;0.305542;0.000571057;5.9869e-08;0.00272799;0.000640858;0.689387;2.97068e-06
0.000198974;0.011874;0.000785733;0.000233655;1.44563e-05;3.6078e-05;8.11497e-06;0.00302795;0.000364098;4.51301e-05;0.00385373;0.959968;0.0190207;0.000569241
0.000596427;0.723283;8.28227e-05;0.00238477;0.000433735;0.00186075;0.000752435;0.114602;0.00224531;0.0036332;0.00559062;0.0166882;0.126273;0.00157314
2.09623e-05;0.22777;4.48196e-06;0.000342491;0.000292523;0.000746845;1.01231e-06;0.00118401;8.59745e-06;3.10966e-05;0.000441262;0.76417;0.00477075;0.000215776
0.000125531;0.0138376;1.46491e-09;0.00289095;0.00105165;0.00623174;0.000434753;0.00846711;4.4948e-05;0.00140804;0.0118741;0.000435847;0.950909;0.00228889
5.32708e-05;0.000215109;0.999143;5.79382e-05;1.77521e-05;3.0929e-06;1.69552e-06;0.000156608;9.63746e-08;1.74898e-05;5.75246e-06;0.000260069;6.09801e-05;7.52482e-06
7.07953e-08;0.000194143;7.28847e-09;2.77174e-07;1.85545e-10;1.1659e-07;0.997151;4.78955e-10;7.68777e-07;0.00264038;1.13939e-05;7.93672e-12;7.65965e-07;1.03361e-06
3.26552e-11;1.14522e-12;1;7.09848e-11;1.22949e-11;2.70073e-11;4.39821e-09;8.51742e-12;2.00757e-10;4.37739e-10;2.88248e-09;1.27105e-10;3.43548e-15;2.33365e-14
