1.34008e-05;0.998775;5.93824e-05;5.40941e-05;6.81223e-06;4.13473e-07;1.47632e-06;0.000650928;1.37596e-06;2.48263e-06;1.30244e-06;0.000340793;8.89476e-05;3.88135e-06
1.20552e-05;0.000496619;1.53896e-10;5.01061e-08;3.1758e-07;1.2903e-08;8.05011e-07;0.999432;4.85991e-05;2.64114e-07;2.45693e-06;5.28068e-08;3.82428e-06;2.67544e-06
0.000486014;0.942532;3.42249e-05;2.53153e-05;7.34193e-06;3.44084e-06;0.0374696;0.00454548;0.00212458;0.00391192;0.000115748;0.00773885;2.5117e-05;0.000980595
5.43449e-09;5.17528e-08;0.999998;9.09047e-09;2.3693e-09;3.14739e-10;4.28776e-07;6.6845e-09;3.60675e-08;6.15707e-10;1.54657e-07;1.69917e-06;1.68667e-10;2.0263e-10
1.78065e-05;0.583459;0.000125522;8.18962e-06;5.12452e-06;5.72914e-07;2.66519e-07;0.125209;2.55643e-05;2.2819e-07;0.000166554;0.0126813;0.278293;8.07482e-06
3.31094e-06;0.331498;0.000279091;6.91268e-05;0.00490166;0.0412358;0.000195185;0.185528;5.78526e-06;0.00306996;9.15542e-05;0.000171619;0.00406364;0.428888
8.1795e-11;5.90344e-11;1;1.59397e-08;9.11752e-10;2.19279e-08;3.2822e-10;2.03634e-09;4.30087e-11;1.10139e-09;1.22905e-08;3.35302e-07;2.52021e-11;4.7617e-10
2.02953e-05;0.000532745;0.000345643;0.00016041;1.06348e-05;7.36783e-05;6.25403e-06;0.00596948;0.000113307;5.28964e-06;0.0206763;0.970563;0.000530193;0.000993042
8.91545e-05;0.000506872;7.47181e-08;1.12283e-07;3.42187e-05;4.73091e-06;3.58637e-06;0.999046;1.85751e-05;1.30155e-07;4.71557e-05;7.48748e-08;0.000222879;2.68071e-05
7.36559e-06;0.00141367;5.7819e-05;1.40822e-06;0.00291954;1.54908e-05;1.26589e-08;0.000222201;3.63242e-07;4.89056e-08;3.34338e-06;0.991552;0.000127617;0.00367961
1.51641e-07;0.999847;3.80169e-09;3.78643e-09;1.02065e-08;2.8076e-08;4.28214e-06;7.93229e-06;6.02021e-09;1.94059e-07;2.87554e-09;7.90032e-10;5.05141e-05;9.04625e-05
9.23673e-13;3.39706e-13;0.999999;2.30971e-12;3.58015e-11;4.75373e-11;2.55509e-14;1.29589e-12;1.11671e-14;5.02241e-13;2.24947e-14;1.36486e-06;2.42354e-14;1.15397e-11
2.09547e-05;0.509878;1.51385e-05;0.000106124;3.80041e-05;0.000290724;0.00540876;0.457632;0.00233939;0.000172229;0.00023767;4.30796e-07;0.0231785;0.000682764
2.63768e-10;3.6068e-10;1;8.80495e-10;4.88814e-11;4.79205e-10;6.86788e-10;5.39282e-09;1.81575e-10;2.88547e-10;6.69377e-10;2.96878e-08;1.0709e-10;7.60341e-12
1.25995e-05;0.0599782;0.103642;2.95261e-05;4.24305e-06;5.88593e-06;8.02809e-06;0.0019179;2.43819e-05;8.48902e-06;2.62818e-05;0.833575;0.000203898;0.000563446
0.00017602;0.0140159;0.00216352;6.85926e-05;0.0388698;0.361004;3.30757e-05;0.00242281;0.000109762;1.42351e-05;0.000175812;0.00114489;0.00493459;0.574867
0.000353547;0.067951;0.0112597;3.84867e-05;0.0172248;0.167624;1.28456e-06;0.0115939;1.73855e-06;3.73273e-05;3.35301e-07;0.0820313;0.0807292;0.561153
0.000465524;0.527293;0.000340689;2.36661e-05;0.00533649;0.00467641;5.55714e-07;0.0272798;1.429e-05;6.03095e-07;2.11388e-06;0.407604;0.0268306;0.000132718
3.80364e-08;0.999973;5.20507e-10;4.95387e-10;1.49303e-10;7.12946e-10;6.67674e-07;1.06114e-05;9.35537e-11;1.41676e-07;1.68173e-11;3.49662e-09;1.42578e-05;1.08998e-06
6.58006e-12;1.42675e-11;0.999986;4.30133e-11;5.38264e-11;5.13146e-11;1.54929e-11;3.53447e-11;2.95725e-13;6.39379e-12;3.53578e-12;1.38208e-05;2.60494e-12;4.08273e-12
4.41069e-06;0.424472;3.77337e-06;7.25722e-05;2.02189e-05;6.73762e-05;0.0833541;0.48535;0.000326948;0.000497083;0.00014215;4.53437e-07;0.00470069;0.000988396
3.89804e-10;5.36779e-09;1;1.46523e-09;7.32823e-11;1.65048e-10;6.90368e-09;7.0526e-09;1.18013e-10;3.18486e-10;1.56478e-09;1.58912e-07;2.44611e-10;6.51382e-12
8.34939e-06;0.0663245;0.000279151;4.95811e-05;0.000323808;2.34527e-05;1.8974e-06;0.0149635;5.90752e-05;4.81269e-06;5.06777e-05;0.907958;0.000609442;0.00934353
0.000126697;0.566227;4.52327e-05;3.01969e-06;0.00463994;0.00432368;2.71677e-06;0.381935;3.47477e-05;1.04383e-06;1.4943e-05;0.00609625;0.015938;0.0206113
2.24432e-06;0.0356363;1.34238e-06;1.90947e-06;0.0231789;0.00154072;5.27424e-09;0.00026394;8.70337e-07;1.44831e-07;1.69939e-07;0.015832;0.00265543;0.920886
4.36591e-06;0.00290389;3.19958e-07;6.55551e-08;0.000593129;1.8312e-05;1.90538e-09;0.994716;1.3139e-07;6.63644e-09;3.83682e-09;2.77036e-05;0.00167004;6.55605e-05
1.43011e-05;0.0148529;7.26061e-07;1.01606e-05;0.00025993;1.47433e-05;1.16857e-08;0.947145;7.67641e-07;6.61694e-07;2.05898e-07;0.00737119;0.0302243;0.000105358
9.68198e-07;0.989281;7.60272e-09;3.59578e-06;8.40024e-09;4.0862e-07;8.96617e-06;1.90444e-06;8.62315e-07;8.30608e-07;2.77906e-06;0.000231543;0.0104672;1.92885e-07
0.000563808;0.0145202;0.0250734;0.00612038;0.000923997;0.000577806;9.61109e-05;0.00825113;5.76172e-05;0.000470919;0.000475266;0.940618;0.000913113;0.00133803
9.63537e-05;0.835525;8.4578e-08;3.23637e-05;5.42755e-07;1.78378e-06;0.162005;0.000334261;0.000331373;0.00130796;0.000252824;3.51763e-06;8.8446e-05;2.12644e-05
6.14067e-09;8.66745e-09;0.999973;5.493e-09;2.36596e-08;1.51502e-09;7.99845e-09;1.15896e-08;7.89195e-10;2.80634e-09;2.1951e-09;2.66493e-05;3.9755e-12;1.49058e-10
4.26322e-05;0.572576;1.93053e-05;2.37248e-06;1.01562e-05;8.28565e-07;3.86143e-06;0.421837;4.6551e-06;7.34732e-07;2.16883e-05;0.0016941;0.003783;3.5125e-06
1.48618e-06;0.0782909;2.83664e-07;5.13922e-06;1.26603e-07;2.46262e-06;0.910116;6.5533e-07;1.60158e-05;0.0110679;7.82361e-05;3.25188e-07;6.15355e-06;0.000414256
8.76157e-11;8.03977e-11;1;9.40549e-10;1.92717e-11;1.76261e-10;8.32432e-08;1.42095e-11;2.54749e-10;3.3081e-09;4.6651e-09;9.15443e-09;4.21093e-14;2.35663e-12
7.79127e-06;0.981136;2.19584e-08;8.10622e-06;9.35641e-08;1.54761e-06;2.16065e-05;0.000119399;0.000167246;1.19658e-06;0.000409227;4.37317e-05;0.0180838;8.32883e-08
0.000808738;0.191472;0.00386272;0.000522189;0.00122855;3.19028e-05;7.11449e-06;0.0395197;0.000141179;5.40775e-05;0.000620984;0.759756;0.000967383;0.00100688
1.65141e-07;0.999451;1.97534e-10;7.96545e-08;2.14508e-09;1.88541e-08;0.000517016;3.29619e-06;1.5231e-07;1.88254e-05;1.19308e-07;4.80491e-09;4.82215e-06;4.48327e-06
1.77354e-11;2.36402e-11;1;5.65306e-11;1.68468e-09;6.35433e-12;3.89008e-11;7.23698e-09;1.90683e-12;2.12655e-11;2.29855e-11;1.82853e-07;1.29595e-14;4.49925e-12
8.49022e-06;0.00552915;1.59569e-07;6.30409e-06;5.28582e-05;2.53093e-06;5.20324e-06;0.990574;6.48643e-05;7.94202e-07;0.000426702;8.92301e-05;0.00323771;1.65967e-06
7.93581e-07;0.0266514;5.87859e-06;6.23929e-07;4.85838e-09;3.73268e-08;0.96909;4.53395e-07;4.41149e-07;0.00414799;2.1063e-05;2.99197e-09;1.33305e-06;7.97844e-05
2.86374e-11;1.7172e-12;1;8.26496e-11;7.15438e-12;5.19615e-12;8.15722e-09;1.51602e-11;6.00322e-11;1.04464e-10;7.93326e-10;5.35056e-08;3.31704e-14;5.42979e-13
0.000186557;0.915667;3.67285e-06;9.61026e-05;7.85761e-05;4.09564e-06;0.000634185;0.0683328;0.00149018;1.17479e-05;0.000885585;0.00312848;0.00941835;6.24974e-05
8.69744e-06;0.739857;5.37339e-08;5.51147e-06;1.12847e-05;6.91898e-07;3.85153e-08;0.233967;1.16707e-05;6.93146e-07;5.34206e-05;0.0238622;0.00108948;0.00113198
6.63841e-06;0.0370132;8.44663e-06;1.24337e-06;2.08657e-06;3.24623e-05;0.00163474;6.14355e-07;2.92524e-07;0.00293253;2.36118e-06;0.00222576;1.72215e-05;0.956122
2.88943e-07;3.22777e-07;0.999977;4.40354e-08;5.16997e-07;1.39935e-06;7.16359e-06;1.4942e-06;6.68061e-07;1.6127e-07;1.44927e-06;8.90321e-06;2.00149e-09;1.12226e-08
2.48164e-06;0.954305;3.3432e-09;3.28629e-07;3.68181e-07;6.33086e-08;3.58936e-06;0.000338572;3.26495e-07;8.05025e-08;1.31401e-06;0.000987431;0.0443569;3.45757e-06
8.49893e-05;0.932521;6.07726e-06;2.9237e-05;0.0023388;0.000434982;2.33483e-05;0.027204;7.35337e-06;2.10808e-05;5.84957e-06;0.00398909;0.0152431;0.0180911
4.79289e-05;0.0137329;2.58919e-06;3.54198e-05;1.23152e-05;4.38318e-05;3.18503e-05;0.000117827;1.74818e-06;3.56712e-06;9.51643e-06;0.963096;0.00349657;0.0193675
4.06661e-06;0.966385;2.25411e-09;1.42351e-06;2.14159e-07;1.22081e-07;0.0266325;0.00582844;9.28498e-06;9.33415e-05;4.29784e-06;1.10571e-08;5.32408e-05;0.00098763
5.33511e-10;7.31404e-10;1;3.97692e-10;1.11868e-10;3.25744e-10;1.69915e-08;6.74963e-10;5.26529e-10;7.62001e-10;3.37509e-09;4.62689e-08;9.90903e-13;8.65116e-12
2.94142e-05;0.972914;5.95852e-05;5.41225e-07;3.57864e-07;3.46542e-07;4.44053e-06;0.0230846;1.25826e-05;1.85129e-07;1.39498e-05;0.000765013;0.00311532;1.3052e-07
5.61923e-07;0.00473015;3.34263e-06;1.64157e-06;4.23748e-06;7.63754e-06;6.45034e-07;0.000947265;1.71015e-06;2.83396e-07;4.80701e-06;0.991916;0.00108058;0.00130075
1.88188e-05;0.182229;4.36332e-07;5.31057e-06;2.92029e-05;1.04094e-06;2.26977e-06;0.00228834;3.30016e-06;7.10214e-07;3.01594e-05;0.041344;0.774043;4.83182e-06
0.000228127;0.0741972;2.18588e-05;1.99455e-05;0.00253223;0.00104551;3.45704e-06;0.0655448;5.59506e-05;2.48238e-06;2.71051e-06;0.00842147;0.840966;0.00695815
8.59583e-05;0.0723721;6.29405e-06;0.000764278;0.00526527;0.0343308;4.95058e-06;0.0123803;2.85975e-05;0.000167472;1.21144e-05;0.406597;0.0544487;0.413536
0.00200652;0.106215;6.58331e-07;0.000437601;0.000814462;0.00108657;0.000399303;0.129757;0.00147683;2.20553e-05;0.0525215;0.00185549;0.70325;0.000157202
4.18431e-05;0.0294407;3.05865e-05;7.59791e-07;4.73293e-06;6.95886e-07;2.26855e-09;0.000744726;2.96069e-07;7.14358e-08;6.24479e-07;0.892513;0.0772183;4.01547e-06
1.70943e-05;0.782574;4.72104e-07;0.000344276;0.00158042;0.0016028;8.91881e-06;0.0770101;0.0001213;6.27178e-05;9.20946e-05;0.0513742;0.076814;0.00839743
0.000102706;0.670615;1.25488e-07;0.00267011;0.00237125;0.000818706;0.000420664;0.00146819;6.45536e-05;0.000906257;0.011173;0.293633;0.0122051;0.00355123
0.000259642;0.995234;6.80964e-06;1.35923e-06;8.0983e-08;4.70277e-07;0.000547226;1.3504e-05;2.45005e-06;6.07344e-07;2.75366e-05;0.00330137;0.000604258;1.10108e-06
8.68422e-05;0.0196532;7.42173e-06;0.00620002;0.00118125;0.00382712;0.000364418;0.00383049;0.00976818;1.81927e-05;0.00897581;0.836626;0.0023769;0.107085
4.40956e-05;0.98414;1.25895e-07;0.000504993;2.43885e-06;7.95635e-06;8.05544e-05;0.00862999;0.000335732;1.73972e-06;0.00229477;0.000155862;0.00376576;3.59206e-05
0.000414053;0.0405431;2.07793e-06;2.22839e-05;0.000313648;2.92164e-05;1.46747e-06;0.245223;0.000260972;3.76654e-05;3.34546e-05;0.534777;0.177705;0.000637451
1.55492e-05;0.941322;0.00859673;4.97427e-05;0.000364231;0.000108325;1.39e-07;9.22882e-07;1.57467e-07;9.92609e-06;1.91543e-06;0.0115105;0.0372958;0.000723908
0.000678649;0.751531;1.56907e-05;8.32132e-06;0.00226099;0.00120672;2.81272e-05;0.0340809;0.000412945;1.04422e-05;9.12116e-05;0.1662;0.00538414;0.038091
0.00014306;0.744285;0.000541932;4.15233e-06;0.000125777;2.74085e-05;5.83604e-06;0.011105;3.04794e-06;3.20098e-06;5.3286e-06;0.240802;0.00252109;0.000426813
2.57262e-06;0.96424;3.11092e-08;3.07255e-06;6.65944e-07;9.23584e-07;0.0190386;0.000101069;2.46774e-05;0.000492268;9.71115e-07;8.31632e-07;4.68045e-05;0.0160476
1.16673e-09;2.3647e-09;1;1.12627e-09;1.90936e-10;1.01816e-10;1.37543e-08;1.23881e-09;5.26779e-09;8.78928e-10;2.1414e-09;3.34644e-08;4.49714e-13;2.18989e-12
3.0922e-05;0.00013761;7.36646e-07;1.17387e-07;9.08552e-08;1.87301e-08;8.6332e-07;0.998092;0.00170742;8.81488e-08;8.1281e-06;3.96444e-06;1.80513e-05;3.41587e-08
7.53084e-07;0.73261;1.72577e-08;6.09685e-06;6.80324e-07;8.85929e-07;1.38462e-05;9.48843e-08;1.87472e-06;0.00029327;3.02259e-06;6.15555e-05;1.15578e-07;0.267008
5.38729e-07;1.43707e-06;0.999755;3.35953e-07;4.02433e-07;3.92745e-07;2.86521e-07;1.10778e-07;1.5484e-07;8.6742e-09;8.08123e-06;0.000231701;1.41401e-06;1.53134e-08
0.00135484;0.455079;1.02845e-05;6.87466e-05;0.00479907;0.000563821;1.46674e-05;0.478944;0.000524356;6.4817e-06;8.54126e-05;0.000883882;0.056981;0.000684703
0.00118458;0.772286;1.835e-06;0.00680274;0.00360088;0.00130081;8.21695e-05;0.00835491;0.0296848;0.000921571;0.00120558;0.147741;0.0227397;0.00409299
0.0152177;0.850121;0.000710934;0.000426263;0.00385415;0.000207854;2.55615e-05;0.0250405;0.00076828;9.86867e-05;0.000195123;0.0299744;0.0732745;8.50701e-05
0.00135509;0.303019;0.000384681;3.81786e-05;0.00144342;0.000285183;6.32091e-05;0.563404;0.000710717;2.09689e-05;7.65688e-05;0.0700238;0.0543731;0.0048017
0.000621107;0.00490534;7.57531e-08;0.000355859;0.00870471;0.000457798;9.20424e-07;0.888927;0.00550049;1.39816e-05;0.000411764;0.0143281;0.0749601;0.00081289
2.46012e-05;0.998322;4.3409e-09;3.5248e-05;4.82645e-07;1.66524e-06;4.29859e-05;0.000366381;0.000482514;9.72204e-06;0.000128332;1.88212e-05;0.000497735;6.90607e-05
0.00209212;0.925862;5.61941e-05;0.00631274;0.00321126;0.00054157;0.00242396;0.00535257;0.0324218;2.88123e-05;0.00266693;0.000861881;0.00083596;0.0173321
0.000220432;0.0330728;1.16711e-09;0.00418025;0.000229462;0.000264601;5.69392e-06;0.947346;0.00336624;2.10966e-05;0.0018731;0.00149669;0.0057595;0.00216452
0.000321199;0.587975;1.12717e-05;0.000146831;0.000634931;4.03958e-07;8.51123e-06;0.403451;6.54997e-05;3.35036e-06;0.00112237;0.00585689;0.000274471;0.000127994
7.98816e-05;0.0429622;1.98702e-07;3.52726e-05;0.050054;0.00011975;2.00972e-06;0.902279;0.000228817;8.13177e-06;7.07701e-06;3.77717e-06;0.00321041;0.00100916
0.000110448;0.00353639;0.394751;0.00312324;0.217115;0.00383619;4.84134e-07;0.000489315;4.41673e-06;5.87313e-05;4.73446e-05;0.0836155;3.96335e-05;0.293273
2.99254e-05;0.155677;7.82347e-08;0.000689182;1.78704e-05;0.000296789;0.00349678;0.000333146;0.0107983;8.8718e-06;0.811841;0.000231473;0.013947;0.00263264
4.50964e-05;0.0230069;2.64759e-05;0.00019944;4.25214e-05;3.03585e-06;1.51058e-05;0.974519;0.000218289;3.83041e-06;0.00182015;6.38944e-05;3.27088e-05;3.20526e-06
0.000588891;0.0126627;0.000143071;0.00289624;0.00229721;0.00122612;3.64075e-06;0.00215002;0.00285368;5.51884e-05;0.00235812;0.937472;0.000127944;0.0351654
0.0181853;0.0768898;4.09748e-05;1.59994e-05;0.000169639;0.000306884;2.36189e-06;0.00493743;0.000850104;2.48458e-06;0.000182247;0.00294779;0.894957;0.000511741
0.000480908;0.171945;1.64747e-05;8.3479e-06;0.00335131;7.45201e-05;7.1338e-07;0.0698063;0.000167836;1.35217e-06;1.04386e-05;0.691589;0.0124789;0.0500693
0.000892034;0.0459764;5.30232e-07;0.00514435;0.0312553;6.16683e-05;3.90325e-05;0.718117;0.163764;0.000163311;0.00251427;0.00987717;0.00713329;0.0150612
1.13069e-05;0.000842787;7.20875e-09;6.87633e-08;7.6836e-05;5.56046e-09;4.85594e-07;0.999039;2.82422e-05;1.88101e-07;3.09944e-07;1.96347e-07;6.30679e-07;2.62849e-07
4.12512e-05;0.00103232;0.993167;2.33457e-05;0.000254862;3.06542e-05;2.71977e-07;7.84816e-05;1.12372e-06;1.36992e-06;2.83674e-05;0.00526272;3.2802e-05;4.56327e-05
2.48033e-05;0.908415;4.7136e-07;1.0609e-06;2.26143e-05;1.11233e-05;2.47601e-06;0.0832818;3.13883e-05;1.90125e-07;0.000190816;0.00513837;0.00157612;0.00130346
9.34202e-06;0.991995;7.92754e-08;2.28816e-07;1.09824e-06;9.42071e-07;0.00139671;3.57236e-05;3.26193e-07;0.00062331;6.54172e-08;4.8114e-07;0.00041786;0.00551912
1.10139e-08;1.43481e-09;0.998594;1.53366e-09;3.12167e-08;2.63474e-09;5.8874e-08;1.77037e-08;1.08227e-07;2.34442e-09;3.78843e-08;0.00140576;1.39906e-11;1.56559e-11
5.09752e-07;0.998698;4.98681e-11;2.48597e-08;4.27951e-08;5.57543e-08;0.000609562;5.7506e-05;2.44027e-07;1.38195e-05;3.39117e-08;1.73001e-09;0.00053336;8.67647e-05
4.77506e-09;2.82161e-07;0.999929;1.13471e-09;2.38113e-07;1.18242e-07;1.8314e-09;1.71784e-08;5.94124e-11;9.18601e-10;2.8564e-11;7.00434e-05;1.27693e-09;2.33166e-09
4.4158e-07;0.00358581;3.26263e-09;2.40675e-06;2.97994e-07;0.00059372;4.3949e-05;4.03562e-06;2.02332e-05;3.28981e-07;1.45537e-05;2.09577e-07;0.995661;7.30433e-05
4.06555e-07;0.000306771;0.999459;7.2306e-06;4.92982e-07;2.00639e-07;0.000111788;1.36939e-07;1.42641e-08;1.5343e-05;3.01528e-07;9.62824e-05;6.29796e-07;1.47166e-06
1.18951e-06;3.84308e-06;0.99833;2.90628e-06;1.21222e-07;8.47321e-08;0.00088072;8.90709e-07;0.000165714;8.39477e-07;0.000611022;2.95115e-06;4.57392e-08;2.62435e-09
2.26031e-08;0.999913;1.4226e-09;7.06354e-08;2.62529e-09;1.83987e-09;5.39072e-08;1.69441e-08;5.23291e-09;7.4963e-09;5.52204e-08;1.19902e-08;8.67812e-05;1.15271e-08
6.26686e-08;0.000748399;2.26907e-09;1.01641e-08;1.045e-09;9.45223e-11;5.22682e-09;8.79955e-06;2.09863e-07;1.75146e-11;5.84205e-06;0.999119;0.000117773;2.46706e-09
2.69445e-06;0.964693;8.49202e-05;1.68354e-06;0.000935883;2.27739e-05;1.36424e-07;0.022454;1.44276e-08;1.47671e-06;4.56037e-08;5.20135e-05;0.0105346;0.00121711
2.27917e-09;4.04051e-08;6.81383e-11;2.74608e-08;2.88107e-09;7.21633e-06;9.90789e-08;1.68004e-08;1.17309e-07;1.03903e-07;2.50451e-07;2.46367e-09;0.999992;1.21887e-07
1.66657e-08;4.80716e-07;0.999999;6.99999e-08;4.79294e-09;2.65949e-09;7.41235e-10;3.56048e-08;1.72597e-10;1.42409e-08;1.17179e-10;9.34539e-08;6.12364e-11;6.85908e-08
5.46766e-06;0.994579;3.90838e-06;4.0487e-05;9.35147e-06;7.32001e-06;3.22681e-05;0.00358082;0.000221771;2.30817e-06;9.96559e-05;3.33696e-06;0.00136168;5.22284e-05
