4.20035e-07;0.997922;2.74023e-09;6.99748e-08;1.42974e-08;2.37893e-07;9.28436e-06;0.000116488;3.48917e-08;6.31997e-06;1.13296e-08;2.83747e-08;0.00194065;4.04084e-06
4.07223e-12;7.92945e-11;1;1.55353e-11;5.94101e-10;1.59339e-11;2.27297e-12;1.84788e-10;4.86287e-14;3.03509e-12;1.77472e-13;3.98102e-07;3.88141e-13;8.23831e-13
3.917e-07;0.0374123;1.04466e-09;2.35849e-05;4.09106e-06;1.68463e-05;7.74029e-06;0.000307974;4.89152e-05;6.26104e-07;0.000130215;9.11714e-06;0.96203;8.0781e-06
1.46552e-07;0.000693471;0.999274;1.91448e-06;8.16081e-09;1.0033e-07;1.50695e-05;5.73763e-06;8.34398e-09;1.47977e-06;8.18506e-08;7.40191e-06;4.70334e-07;2.32297e-07
8.50675e-08;2.27678e-07;0.999997;3.60592e-08;5.00387e-09;7.88213e-09;1.51679e-07;1.71629e-08;2.35647e-07;8.26037e-10;1.85442e-06;2.69453e-07;5.10588e-09;2.43627e-09
2.47971e-07;0.994744;9.9283e-07;2.23706e-07;2.08289e-06;3.5773e-08;3.50251e-08;0.00435267;3.82381e-07;2.35256e-08;5.71732e-07;0.000887099;5.31592e-06;6.79997e-06
4.69153e-06;0.00121294;3.90164e-09;3.00281e-07;0.000222255;0.000227014;3.43991e-07;0.99612;9.17177e-06;2.85213e-07;9.18241e-07;0.000105983;0.00202974;6.66026e-05
6.25536e-05;0.0539614;3.96484e-05;0.000363385;0.000727603;0.00149943;1.11491e-05;0.000408621;0.000523503;2.16696e-06;0.000695687;0.818348;0.110268;0.0130894
2.11523e-05;0.889651;7.24146e-08;6.28898e-05;0.000144173;7.2291e-06;7.83748e-08;0.104036;1.09082e-05;1.16867e-07;3.95976e-05;0.00245618;0.00336755;0.000202384
0.000233253;0.0269308;0.000522399;1.28397e-05;0.000547064;1.57005e-05;4.09929e-08;0.022505;1.0375e-05;1.87464e-06;5.87964e-06;0.869341;0.077948;0.00192631
0.000126129;0.88948;3.4434e-05;4.48458e-06;0.00981996;2.67676e-05;6.51936e-07;0.0122008;4.37751e-07;8.48181e-07;9.3989e-07;0.0604296;0.0209064;0.00696832
5.72177e-07;0.0832766;9.01539e-07;1.98642e-06;1.09891e-05;4.66519e-08;1.91443e-07;0.000910155;6.1846e-07;6.96792e-08;2.73155e-07;0.903324;3.07485e-05;0.0124426
2.67045e-05;0.724482;1.209e-06;1.30339e-05;0.000220408;0.000437788;1.23015e-06;0.0899219;1.27501e-06;6.25977e-07;1.98661e-06;0.00333096;0.181279;0.000280866
1.70994e-05;0.00100135;9.3692e-08;1.50345e-06;0.000343987;3.34181e-06;2.51191e-09;0.634632;1.37573e-06;2.9076e-08;8.80201e-07;0.340024;0.0239631;1.11539e-05
6.20138e-06;0.997692;8.09663e-05;4.17323e-06;1.91e-06;2.8554e-06;2.46962e-05;1.73301e-05;6.00647e-08;5.50645e-05;8.92906e-08;1.99547e-07;5.63457e-05;0.00205817
7.08539e-10;2.26941e-11;0.999996;6.44297e-11;5.8423e-10;3.46225e-10;3.76708e-10;1.19394e-09;1.03205e-10;1.00107e-11;1.6391e-09;3.80679e-06;1.30745e-10;4.15021e-12
2.42026e-05;0.00544496;4.95565e-06;0.000337373;0.000648646;0.00386045;0.00074482;0.0419;0.0553655;4.74889e-05;0.190559;0.00108679;0.699118;0.000858699
1.77727e-05;0.721871;0.258872;0.000606809;4.55045e-05;1.71448e-05;9.14817e-05;0.000105964;1.60412e-06;7.37665e-05;0.000179512;0.015261;0.00196499;0.000891147
0.00456576;0.0775986;0.000890287;0.00138836;0.000117564;4.47501e-05;0.0255018;0.0188697;0.0127238;3.42287e-05;0.660768;0.0513477;0.144479;0.00167074
0.000195009;0.547438;4.57444e-08;0.00135021;0.00335947;0.000164491;1.20086e-05;0.0487855;0.000136837;0.000130584;0.000292381;0.00968837;0.00406048;0.384387
2.26254e-05;0.880051;2.51755e-08;1.87719e-06;7.80442e-06;2.23848e-06;4.1863e-06;0.00145596;5.80221e-07;4.31617e-06;2.5156e-06;0.104985;0.0133069;0.000154925
2.55579e-06;0.0049608;7.28501e-10;1.13562e-06;4.14056e-06;0.000167358;1.85404e-06;4.19962e-05;1.61524e-06;7.24336e-07;1.20716e-05;5.11646e-05;0.994749;5.95782e-06
0.000119083;0.175448;0.811031;0.000268456;0.0027467;0.000230313;8.94335e-06;0.00026887;2.96683e-07;2.44136e-05;3.54666e-07;2.48744e-05;2.04043e-05;0.0098088
0.000105546;0.908192;2.22796e-05;0.000404415;0.0022299;0.00288596;9.36982e-05;0.0073591;0.000385358;4.07375e-06;0.000223761;0.000629541;0.0649139;0.0125504
7.37286e-05;0.334989;1.3187e-05;0.00239489;0.00250436;0.00126931;1.46769e-05;0.00923098;0.000637084;4.03772e-05;0.00091679;0.0344117;0.00415809;0.609346
4.60896e-06;0.00154262;5.52546e-09;3.06476e-08;4.24509e-05;1.63497e-07;6.27258e-10;0.99834;1.54406e-07;2.42161e-08;3.78702e-08;3.32501e-06;5.64501e-05;1.06053e-05
7.10763e-07;0.995513;7.83102e-06;8.78769e-07;7.25819e-06;3.34029e-06;3.80917e-05;0.000963439;1.24069e-06;1.65076e-05;4.13687e-07;8.31418e-06;0.000446929;0.00299161
8.2746e-11;4.49939e-10;1;5.66502e-10;6.19904e-12;2.18496e-12;5.63303e-10;1.04521e-08;1.58707e-09;2.83449e-11;2.84709e-09;7.08677e-08;1.57334e-11;5.07339e-14
9.07076e-06;0.00287216;4.85061e-05;3.93609e-05;2.47374e-05;7.9376e-07;1.64693e-07;0.00506042;0.00152766;1.19903e-06;0.000619226;0.987271;1.70769e-05;0.00250882
9.94544e-05;0.740958;1.29737e-05;4.43123e-06;5.72132e-05;0.000187704;5.48012e-06;0.00247622;3.10114e-05;9.72166e-06;3.87038e-05;0.000579585;0.255424;0.000115645
6.47905e-06;0.011593;2.4021e-07;7.23612e-06;0.000178277;4.70978e-05;3.04324e-08;0.000898331;2.83003e-05;1.26592e-07;3.97225e-06;0.987146;7.57865e-05;1.49196e-05
0.000421308;0.942563;2.24792e-06;0.00112516;0.000192227;5.06312e-05;8.024e-06;0.0277834;0.00572127;5.17016e-05;7.24636e-05;0.000287992;0.021516;0.000204431
0.000154467;0.022722;0.0447703;7.12488e-05;0.000638485;1.39733e-07;2.58084e-07;0.931481;6.7005e-06;4.81351e-07;2.21003e-07;0.000140024;2.75204e-06;1.16021e-05
3.9143e-07;2.45582e-05;4.10819e-09;2.03499e-08;8.26363e-06;1.81244e-08;1.46842e-08;0.999895;8.23472e-07;1.581e-07;6.5251e-09;1.16573e-08;7.05449e-05;4.92196e-09
1.4422e-06;0.000409527;0.999043;5.66855e-06;0.000199713;4.17795e-05;2.00709e-09;2.33189e-07;7.19413e-09;9.54564e-07;1.4867e-07;7.6085e-05;5.14735e-07;0.000220851
9.34256e-06;0.985436;5.93786e-06;1.5346e-05;3.91084e-06;3.75568e-06;0.000582644;0.00302168;0.00491861;1.50553e-06;0.00507103;0.000275833;0.000604705;5.00021e-05
