1.05856e-07;3.83794e-06;1.67077e-12;3.30131e-11;7.1941e-08;2.42742e-11;1.85948e-10;0.999996;1.08895e-08;4.38041e-11;3.90139e-10;1.44032e-08;6.82067e-08;7.22892e-09
2.73307e-07;0.00047532;5.46739e-06;2.44395e-06;0.000863011;0.000108741;7.03552e-07;0.000346373;5.33577e-08;1.63099e-05;3.20362e-08;1.61646e-05;6.92967e-06;0.998158
1.06505e-08;1.18876e-07;1;1.01874e-08;1.83615e-10;4.07472e-10;1.32105e-08;1.60997e-08;1.13549e-08;2.47568e-10;5.55342e-08;1.18714e-08;3.7656e-08;1.45994e-10
1.44287e-07;0.000189011;0.998341;7.57023e-07;6.43605e-08;1.50089e-08;8.73903e-08;0.000557958;1.6621e-07;1.54925e-08;4.58912e-07;0.000904078;4.88881e-07;5.50247e-06
1.9899e-08;4.38174e-05;0.000257712;5.70468e-07;1.34365e-05;1.20963e-05;1.06163e-09;3.37251e-05;8.89461e-10;3.19979e-08;3.77228e-09;0.000333231;1.98148e-08;0.999305
1.28322e-06;0.996609;1.87663e-08;1.14835e-06;9.01594e-07;2.99222e-06;3.17666e-08;0.000661723;3.8913e-08;3.50723e-09;3.94877e-06;7.81065e-05;0.0026262;1.45625e-05
1.36955e-08;0.999314;5.17306e-09;1.67442e-07;5.57587e-09;2.40167e-09;9.79668e-06;2.28684e-05;8.37934e-11;7.11971e-06;8.7395e-10;3.013e-08;9.8983e-07;0.000645317
1.06739e-11;1.43991e-10;1;9.83859e-10;4.49871e-10;1.15346e-10;2.04379e-09;5.01603e-09;1.13343e-12;1.19585e-10;1.1899e-10;2.4421e-08;2.29468e-13;2.70791e-12
1.21624e-07;0.985909;6.72749e-07;2.37693e-06;9.62449e-08;1.69149e-07;6.75833e-08;4.46737e-07;4.66809e-10;4.3696e-08;8.98402e-08;2.33536e-06;0.014084;2.96544e-07
1.47201e-07;0.000435749;1.2563e-06;2.30054e-07;1.60925e-07;8.70203e-08;2.25049e-07;0.000266259;4.48869e-07;1.07157e-09;1.30952e-05;0.999257;5.96324e-06;1.94341e-05
1.73269e-06;0.928384;4.26727e-05;4.70568e-06;2.62175e-05;5.41169e-05;3.71692e-07;0.00123577;3.10114e-08;4.95844e-08;2.28367e-06;7.84845e-05;0.0699145;0.000254855
2.64049e-06;0.00544264;2.71273e-06;7.54554e-06;0.000666446;1.23413e-06;3.74505e-06;0.189946;2.83051e-06;1.23405e-06;9.95506e-06;0.803787;3.77996e-05;8.86535e-05
1.12845e-06;0.0001912;0.163354;2.84153e-05;0.024211;4.04793e-05;1.13614e-06;0.812125;4.48874e-08;2.1336e-06;4.04792e-07;9.37471e-06;5.01389e-08;3.57851e-05
0.000169623;0.00737939;0.982565;0.000185418;0.000167869;0.000564427;1.05305e-05;0.000341757;1.57101e-06;6.1467e-06;0.000127127;0.00201484;0.00598796;0.000478551
0.000181044;0.80684;5.76414e-07;1.68129e-07;7.2649e-07;2.04848e-06;2.97084e-05;2.16518e-05;3.60655e-07;1.78135e-07;3.92423e-05;0.191369;0.00145181;6.31184e-05
2.17712e-05;0.00775537;4.25966e-06;0.000277908;0.0518008;0.0103896;1.11933e-05;0.170907;0.00229133;1.76846e-05;0.007661;0.743646;0.00248933;0.00272662
6.27053e-05;0.653692;0.0333906;0.000284317;0.000110068;0.000115915;1.27081e-06;0.000192682;1.02325e-06;4.78062e-06;7.5199e-05;0.000143855;0.311875;5.12572e-05
0.000230204;0.275711;6.63245e-06;3.12332e-06;0.000162549;0.000268736;5.07591e-07;0.098853;0.000127201;6.90659e-07;0.000156816;0.585594;0.0339989;0.00488639
3.53048e-05;0.530905;9.3445e-06;0.000501407;0.00296737;0.0195696;1.00251e-05;0.0304545;8.87862e-05;0.00033782;3.74341e-05;0.00768152;0.00299498;0.404407
0.00372148;0.245667;0.000274324;0.00303535;0.0569298;0.00569798;0.000183007;0.0842996;0.05017;0.000215483;0.00824356;0.450752;0.0797242;0.0110862
0.00274466;0.692907;3.6854e-06;8.48022e-06;0.00013655;4.00076e-05;2.01658e-05;0.0687124;0.000284391;6.45937e-06;5.4088e-05;0.00123826;0.233817;2.63005e-05
0.000129318;0.503642;0.000128329;8.04299e-06;0.000101055;0.000143781;2.61871e-07;0.000217335;1.23367e-05;3.61761e-06;2.04692e-07;0.47483;0.00550293;0.0152809
0.000134931;0.49698;2.8084e-06;0.000228533;4.82754e-05;2.93663e-05;0.18229;0.000528021;0.000538249;0.00762806;8.34025e-05;1.5862e-06;0.000347505;0.31116
1.82197e-10;7.79639e-12;1;3.80234e-11;1.63897e-10;6.22363e-12;8.80558e-11;2.12913e-09;2.88733e-11;1.24533e-11;1.90918e-10;1.98487e-08;2.3085e-13;3.6485e-13
8.00775e-06;0.994873;3.88012e-09;1.07319e-07;1.57911e-07;1.75227e-07;0.00395677;0.000212939;3.89187e-06;6.38966e-05;2.69255e-06;3.21955e-08;7.67396e-05;0.000801351
4.67131e-11;5.27945e-12;1;1.70107e-11;6.09759e-10;3.30439e-10;6.19319e-11;8.34052e-10;1.84181e-10;2.38239e-11;3.30072e-10;6.61546e-08;9.33468e-14;1.31988e-12
0.000390688;0.244434;2.98227e-05;0.000217166;0.00049367;0.00141946;0.000166271;0.159672;0.264922;5.43304e-05;0.0221734;0.262299;0.0433689;0.000360427
0.000179786;0.803589;1.37378e-08;2.87485e-05;2.94211e-05;3.68374e-06;8.14081e-06;0.0439882;0.00133139;3.64261e-06;0.00140895;0.00476063;0.144666;2.00521e-06
0.00033466;0.195129;0.484311;0.000264591;0.00331118;2.67342e-07;4.56332e-08;0.00852159;5.96044e-06;6.31503e-06;1.26731e-06;0.302667;2.66602e-05;0.00542059
1.48959e-05;0.955231;1.55978e-09;2.45845e-06;1.92719e-06;2.61224e-08;0.0092772;0.000112549;0.00160612;0.000102814;7.13352e-05;1.05085e-07;8.6618e-06;0.0335704
8.76054e-05;0.00271259;7.99712e-07;0.000191778;5.00169e-06;2.30565e-05;0.0128741;0.0103661;0.950678;1.93617e-05;0.0226977;2.33148e-06;0.000340591;1.22317e-06
7.91247e-05;0.988129;3.21519e-08;1.71277e-05;1.93951e-05;8.44006e-07;2.96282e-06;0.0081622;0.000211408;9.11569e-06;5.71222e-05;0.000294145;0.00291151;0.000106242
1.08285e-06;0.913437;2.65922e-08;2.4228e-07;1.68787e-08;3.3489e-08;0.0832931;1.21151e-06;7.00864e-07;0.00303658;1.47349e-07;4.24773e-09;6.93602e-06;0.000222756
2.19822e-10;5.17571e-11;0.999998;7.06513e-10;8.35664e-10;5.19957e-10;1.48621e-08;1.18786e-10;2.90697e-09;4.71122e-10;3.70123e-09;1.71467e-06;2.67816e-14;9.05274e-11
7.22433e-06;0.77677;9.18916e-11;1.89722e-05;0.00010232;8.35828e-06;4.9453e-05;0.131038;0.00021412;1.22985e-05;5.83166e-05;2.14564e-06;0.0915506;0.000168284
7.37282e-06;0.000577208;0.617967;0.000106409;1.10093e-05;7.07915e-07;8.7742e-08;4.39944e-05;3.17392e-07;6.9122e-07;4.1111e-06;0.381231;3.60506e-05;1.46179e-05
0.00330261;0.627146;4.14582e-06;8.28338e-05;0.0015574;0.000349868;0.000296056;0.168065;0.00133275;0.000114284;0.00878756;0.166585;0.0159877;0.00638896
1.02971e-07;0.999978;6.1683e-10;4.93858e-09;2.13632e-10;6.50519e-10;1.25713e-05;8.55739e-07;3.81387e-09;1.58049e-06;2.06404e-08;7.05416e-09;6.63122e-06;1.06993e-07
1.78317e-09;1.42198e-09;1;1.46473e-08;2.74314e-09;3.1658e-09;1.07833e-07;1.94378e-09;1.02583e-08;9.72719e-09;3.03611e-08;8.51843e-08;1.47251e-12;1.98709e-10
6.97456e-05;0.945658;2.11662e-08;4.71586e-05;8.38883e-06;1.25903e-06;1.29682e-05;0.0518574;0.000468881;9.09411e-06;0.000511991;0.000184218;0.00112493;4.61284e-05
4.78048e-06;0.989326;7.98881e-07;1.72388e-07;1.00396e-08;2.31219e-08;1.42149e-06;2.50987e-06;7.9521e-08;6.42e-07;5.86166e-06;0.00517779;0.00547071;9.51874e-06
1.7294e-06;0.232442;1.91371e-07;2.98426e-07;1.02177e-06;1.16721e-05;0.00326117;1.90516e-05;4.80272e-08;0.00105004;2.40415e-07;3.45243e-06;6.20238e-05;0.763147
6.88316e-10;6.54362e-09;0.999999;2.18352e-09;2.90377e-09;1.22368e-07;1.23467e-06;1.15805e-08;6.3923e-09;6.05926e-08;4.08499e-08;4.51101e-08;9.19113e-12;2.01485e-08
1.34408e-08;3.79347e-06;0.999766;1.38447e-08;1.38096e-09;3.4247e-10;4.30216e-08;0.000224504;3.24275e-08;3.18153e-10;7.77744e-08;9.48831e-07;4.95028e-06;1.52855e-10
8.32159e-10;6.01039e-06;0.000931665;6.65681e-08;3.13503e-08;1.63937e-09;4.80956e-08;1.66497e-06;1.01558e-09;2.45559e-08;4.46845e-09;0.000143301;5.16865e-08;0.998917
3.11105e-09;1.02683e-06;3.95227e-11;1.43782e-08;0.000226602;1.60676e-06;4.31906e-08;0.99977;1.89644e-07;1.30874e-09;2.68918e-08;3.6643e-10;2.11184e-07;2.64464e-07
3.00425e-10;2.75031e-07;0.999992;2.79235e-08;2.46292e-06;1.87768e-07;2.66189e-12;7.05814e-09;2.03671e-13;1.83985e-10;2.79435e-11;5.19175e-06;4.22569e-09;3.59182e-07
1.21371e-08;0.999758;3.47723e-09;3.62844e-08;4.04875e-08;2.23259e-08;9.72362e-07;4.44704e-05;4.72336e-08;5.27916e-10;4.08888e-07;3.59744e-07;0.000195995;9.86829e-09
3.23586e-09;2.50044e-05;0.999968;1.4555e-07;1.46481e-08;4.53632e-08;7.88905e-08;1.59524e-09;1.79494e-10;3.02551e-09;2.90207e-09;8.25975e-07;4.70339e-06;1.05491e-06
3.15445e-09;0.996341;1.05001e-09;9.73488e-11;3.24085e-08;5.80652e-10;4.31047e-10;0.00358365;4.23839e-12;1.13141e-10;2.18383e-12;4.24782e-07;7.40826e-05;6.17902e-07
4.41124e-09;0.000168939;2.32827e-09;4.6387e-08;2.04301e-07;0.000330418;1.60525e-08;3.1203e-06;1.42106e-08;1.21872e-07;9.5319e-09;1.51465e-07;0.998011;0.00148576
2.53329e-08;1.09371e-05;0.99875;1.77309e-06;4.78523e-08;2.22116e-07;4.74209e-06;4.19845e-09;2.32775e-09;5.26152e-05;1.0228e-08;0.00117391;1.66499e-07;5.14676e-06
1.96604e-07;4.64063e-08;0.999892;1.08911e-07;4.61926e-08;3.35705e-08;9.62198e-05;5.33878e-08;1.32107e-06;5.41273e-08;9.915e-06;9.07219e-08;3.02022e-10;2.64825e-09
1.95403e-05;0.687438;2.23416e-09;3.07796e-06;0.000172718;1.20514e-07;8.45244e-06;0.311953;0.00017394;1.83522e-06;9.24889e-06;6.68518e-05;0.000104132;4.89833e-05
0.000163308;0.851213;0.114738;0.00011152;4.42617e-05;2.26485e-06;1.2688e-05;5.6605e-05;6.04371e-06;1.19731e-05;0.000108459;0.00386762;0.0295981;6.60398e-05
0.000769173;0.328964;2.58349e-05;3.8548e-06;4.39264e-05;4.83562e-07;2.84817e-05;0.129663;0.000127601;3.13369e-07;0.00487582;0.522352;0.0131443;1.02781e-06
9.55715e-05;0.585511;0.000132671;3.69724e-05;0.0451533;2.16702e-05;7.66066e-08;0.00398773;4.30451e-05;6.81425e-06;8.41694e-06;0.356733;0.00194981;0.00631968
0.00791637;0.0394348;4.53261e-07;5.6214e-06;7.03308e-05;0.000426432;0.000278037;0.00165779;0.131824;5.66976e-05;0.000822873;0.000144858;0.817352;9.41428e-06
0.000999042;0.507251;0.482566;1.77693e-05;0.000125074;3.78065e-06;1.07385e-06;0.00327189;2.75355e-05;1.30978e-05;3.51694e-07;0.00552851;1.8681e-05;0.00017531
7.42315e-06;0.942387;1.42099e-08;2.68472e-06;7.69237e-05;2.9841e-05;5.93782e-07;0.0412058;0.000553726;1.13693e-06;1.15159e-05;0.000851628;0.0145116;0.000360402
1.57594e-05;0.985133;1.05849e-07;1.141e-07;8.69441e-07;9.36292e-07;1.14489e-07;3.45146e-05;3.29902e-08;5.37094e-07;1.63284e-08;0.0137834;0.000997363;3.31931e-05
1.4104e-06;0.00232739;2.23983e-05;1.61073e-05;0.000388613;0.00123722;6.70604e-07;0.000480639;2.7721e-06;6.36683e-07;1.07303e-06;0.0889317;0.000112197;0.906477
5.46198e-07;0.0352693;2.10921e-08;6.77234e-08;2.49072e-08;6.90035e-07;6.75434e-07;0.0012624;3.41155e-07;2.54601e-08;4.76342e-07;3.72937e-08;0.963465;6.53638e-08
5.43434e-08;2.57763e-06;0.999957;8.43961e-08;6.83444e-09;5.98892e-08;1.24244e-08;3.46804e-07;2.6267e-08;3.48232e-09;8.87887e-09;3.91911e-05;5.89935e-07;2.29573e-09
3.14184e-06;0.0415972;4.4883e-05;7.57501e-05;1.93324e-05;2.25213e-06;4.50955e-07;0.00985467;1.17663e-05;8.74249e-07;3.87556e-05;0.947323;0.000131054;0.000896444
1.34737e-05;0.944301;3.41607e-06;0.000208479;9.29928e-05;9.57649e-05;4.49907e-05;0.0180507;7.81739e-05;3.57135e-06;0.0047268;0.00057152;0.0316268;0.000182263
1.40172e-05;0.00136458;6.30379e-05;0.0251776;0.0105981;0.935853;1.95526e-05;0.000332698;1.33336e-05;9.39342e-05;0.000197064;0.00022369;0.000628526;0.0254206
8.54523e-05;0.0305542;1.10245e-07;7.75718e-08;6.96993e-06;2.22108e-06;2.66493e-08;0.955564;4.39637e-08;7.38717e-09;3.12504e-07;2.92303e-06;0.0137822;1.39782e-06
4.54053e-08;0.000432465;9.44203e-06;5.28911e-07;0.000211959;7.61532e-06;6.13303e-11;0.000329715;2.62145e-09;9.90726e-09;1.872e-08;0.997266;9.36163e-05;0.00164874
3.66808e-07;0.995412;1.77674e-07;2.38224e-05;0.000644981;2.39427e-05;3.4731e-08;0.00221574;6.8871e-07;2.25247e-06;1.3691e-06;0.000188818;0.000756642;0.000729229
4.56033e-05;0.00257004;1.6731e-06;1.13994e-05;0.960456;0.0117087;2.21026e-07;0.0031169;1.11286e-06;1.87141e-05;1.06845e-06;0.00369119;0.00155396;0.016824
2.28333e-05;3.83367e-05;9.07114e-09;1.02567e-08;5.46075e-06;9.13332e-08;1.12586e-08;0.988013;2.47481e-06;3.00119e-09;7.04009e-07;1.36861e-07;0.0119168;4.15854e-08
3.16563e-05;0.015826;3.15883e-07;2.56086e-05;8.05818e-05;3.12005e-06;9.26666e-08;0.000490345;8.77959e-05;5.6654e-06;2.62348e-05;0.980006;0.00238474;0.00103166
2.01197e-05;0.998546;1.61959e-06;2.3137e-05;5.31317e-06;5.03214e-07;4.04923e-07;0.000492868;3.12444e-06;1.44226e-06;1.23029e-06;0.000871959;3.10596e-05;1.32421e-06
3.81723e-06;0.997948;2.1409e-09;1.69987e-07;4.21299e-08;1.53654e-07;4.07494e-07;3.77372e-06;4.67657e-07;5.20998e-07;5.18199e-07;0.000186369;0.00184678;8.59097e-06
9.34685e-07;0.0430001;4.56516e-08;1.20983e-07;6.51057e-07;4.74745e-06;0.000168453;1.56443e-06;7.89052e-09;0.000198785;6.64887e-09;8.74137e-06;2.12133e-06;0.956614
1.49352e-08;2.93779e-08;0.999975;2.7608e-08;5.1465e-08;1.39344e-06;2.08877e-05;8.56431e-07;1.7863e-07;5.70048e-07;6.76946e-07;2.60971e-08;9.10442e-11;8.43357e-08
6.29496e-08;7.25437e-07;0.999694;4.69055e-08;2.9726e-09;4.59595e-10;1.47807e-07;0.000299606;4.4748e-07;4.80246e-10;1.27163e-06;1.6605e-06;1.99265e-06;1.24676e-10
2.24269e-08;2.49533e-05;0.000256689;1.0946e-06;2.11927e-07;3.0577e-09;2.78603e-06;3.56795e-05;2.67667e-07;1.98153e-07;9.3151e-07;0.000567203;3.90664e-07;0.99911
1.29664e-08;5.12634e-07;2.63494e-11;6.11634e-08;0.000273629;1.27189e-06;1.98307e-07;0.999718;5.22029e-06;2.27293e-09;7.20733e-07;4.68696e-10;2.17696e-07;1.46588e-07
6.55772e-10;4.36363e-07;0.999996;6.4967e-08;1.51422e-06;1.98543e-08;6.03374e-12;9.60324e-09;9.15438e-13;1.57825e-10;1.05037e-10;1.42427e-06;1.29459e-09;2.35424e-07
1.51705e-08;0.998998;2.59114e-10;1.76972e-08;1.41635e-08;2.34154e-08;1.8366e-08;2.22714e-05;3.50466e-08;2.76818e-11;2.58819e-07;1.30682e-06;0.000978116;6.5175e-08
1.04849e-07;0.988941;1.68783e-11;7.66743e-07;7.5788e-07;2.05519e-08;1.65581e-08;0.000176233;4.52175e-10;3.38006e-08;4.74059e-09;0.000407885;0.0104542;1.88385e-05
3.37771e-07;0.98303;2.74893e-06;4.66085e-08;0.000129596;4.79715e-08;2.65455e-09;0.0141901;1.39395e-11;9.75031e-08;7.94258e-12;0.000182548;0.000348762;0.00211518
8.1319e-08;0.000154752;4.46461e-07;1.6871e-06;1.92089e-07;4.27917e-05;5.85613e-06;5.87577e-07;3.08754e-07;4.82208e-06;5.14399e-07;1.7903e-06;0.999779;6.76308e-06
3.79891e-08;6.00621e-06;0.999729;4.82274e-06;3.60497e-08;1.09199e-07;6.82978e-05;5.27421e-11;2.43638e-09;2.66606e-05;1.14062e-07;0.000163771;1.02593e-08;1.46995e-06
2.0299e-06;3.80928e-07;0.9984;3.49064e-06;2.73648e-07;2.52796e-07;0.000734854;5.30357e-07;5.56399e-05;5.97348e-07;0.000800773;9.7747e-07;3.94447e-08;7.76272e-08
1.095e-05;0.700251;1.6234e-10;1.83048e-06;1.68689e-05;1.17513e-08;7.40034e-06;0.299291;0.000246911;2.2517e-06;3.12487e-05;8.25986e-05;3.75908e-05;2.13329e-05
1.60654e-05;0.9465;0.0471832;0.000409067;7.66017e-05;5.53585e-06;1.68342e-05;2.81549e-06;7.41078e-07;0.000149478;0.00010663;0.00240853;0.00250048;0.000623574
4.32779e-06;0.116349;1.88531e-09;4.20324e-07;3.58005e-06;5.70476e-06;2.99054e-07;3.5017e-05;8.03128e-07;3.15673e-08;2.11135e-05;1.53971e-05;0.883564;5.29905e-07
0.0001883;0.00433172;0.341371;8.89649e-06;0.00192265;5.26053e-06;7.73385e-08;0.000193642;1.79751e-07;4.82152e-06;5.32157e-08;0.613317;0.000159584;0.0384971
4.45833e-05;0.00166355;2.19696e-10;2.13525e-06;1.26942e-06;1.33434e-05;7.86476e-05;0.000951814;0.00393846;2.24547e-06;0.000105929;3.44102e-07;0.993197;3.33874e-07
0.000272254;0.00284724;0.994783;2.22467e-05;3.46365e-06;2.8182e-06;1.75005e-06;0.000131092;1.38254e-05;3.34376e-06;8.09435e-07;0.00182994;1.35152e-06;8.69498e-05
1.63357e-05;0.977063;1.30875e-07;1.05204e-05;3.74937e-05;1.52149e-05;5.2988e-06;0.0180413;4.46486e-05;2.11118e-07;3.22717e-05;5.05605e-05;0.00304095;0.00164184
9.35405e-06;0.933386;5.67038e-08;1.02956e-06;4.85498e-06;1.88446e-05;0.000304526;0.000204074;8.97126e-08;0.00282149;7.78047e-08;1.69814e-08;3.90628e-05;0.0632104
4.03312e-10;3.87352e-11;0.999995;7.29709e-11;4.267e-10;1.59253e-10;1.34283e-09;2.94361e-10;9.76138e-11;1.01294e-09;4.25943e-10;5.04144e-06;5.07379e-14;1.68572e-10
7.39741e-06;0.824679;1.39014e-08;8.42769e-07;1.04551e-07;9.38916e-07;0.174253;7.67039e-05;0.00023814;0.00028738;3.90214e-05;7.52107e-08;0.000392595;2.50499e-05
1.89529e-12;2.25826e-13;1;3.15094e-11;9.8006e-11;2.44938e-11;1.66682e-10;1.15564e-11;6.01934e-12;3.31993e-11;2.11198e-11;4.9194e-09;1.28672e-16;1.71713e-12
7.96915e-06;0.98425;3.19964e-07;5.9795e-07;4.09289e-07;5.17308e-07;6.17409e-06;0.000378894;2.00189e-06;1.17196e-07;1.49985e-05;0.000168398;0.0151695;4.58041e-07
6.27604e-07;0.995253;5.97219e-08;1.41262e-06;8.49941e-08;4.76353e-07;0.0030947;6.29265e-05;4.60908e-07;0.000216484;5.91131e-07;8.0367e-07;3.91918e-06;0.00136442
5.27943e-12;4.50252e-11;0.999999;2.93068e-11;3.31664e-12;3.60364e-12;3.63562e-11;1.56523e-10;1.09677e-12;7.29595e-12;3.09096e-11;5.50653e-07;4.37123e-13;1.87418e-13
1.60853e-05;0.752559;1.0258e-05;1.97256e-05;0.000118072;0.00169002;0.00331513;0.0817373;5.57261e-05;0.000176777;0.000485968;2.27614e-07;0.156649;0.00316637
3.98008e-10;3.24024e-09;1;1.15563e-09;5.56628e-10;5.877e-10;4.85321e-10;1.36852e-09;1.47033e-10;8.28589e-11;8.27243e-09;2.73748e-08;6.61032e-10;4.65119e-11
3.68597e-07;7.18898e-06;0.997673;1.01157e-06;2.09156e-06;4.36288e-07;4.16611e-08;0.000695839;4.47394e-07;9.68982e-08;8.36671e-07;0.00158267;1.51485e-06;3.41148e-05
1.63586e-07;0.000241236;3.2424e-05;2.51061e-07;1.73632e-05;0.000323768;4.80115e-09;1.27176e-05;4.55168e-09;2.17015e-07;1.41817e-07;6.63285e-05;3.95433e-07;0.999305
0.000480937;0.114957;1.73213e-06;8.03501e-06;9.66718e-05;0.000380562;2.91576e-06;0.713682;3.69316e-05;7.09459e-07;0.000237278;0.000387987;0.169696;3.14063e-05
2.18334e-06;0.0019831;1.54597e-08;2.9006e-06;0.000131942;0.000113006;6.64417e-08;0.99599;9.52976e-07;1.2853e-06;6.2559e-07;2.28531e-05;0.00125771;0.000492978
2.56161e-05;0.980222;3.03614e-06;1.84649e-05;7.73663e-06;7.91778e-07;1.44447e-05;0.0174048;1.95088e-07;8.44294e-06;2.47238e-05;0.00158347;0.000642881;4.3821e-05
1.89871e-05;0.932749;3.96277e-09;1.57986e-06;3.76433e-07;4.05323e-07;0.0656691;0.00107899;4.51319e-05;0.000283331;4.08969e-06;4.13471e-09;0.000121643;2.73646e-05
7.23797e-12;6.94459e-13;1;4.62545e-11;3.63591e-10;5.1293e-13;4.18267e-10;5.98921e-11;3.06875e-12;7.09336e-12;7.87811e-12;8.08994e-08;8.56073e-16;2.30696e-14
0.000480084;0.555338;1.60489e-05;4.09432e-05;1.76304e-05;3.04769e-07;0.000852621;0.434553;0.00613668;9.22374e-06;0.00102759;0.000179779;0.00134505;2.88359e-06
0.000533671;0.176502;9.2506e-06;3.17778e-05;0.000105329;6.67865e-05;4.54319e-06;0.00392441;0.00487601;6.44829e-06;0.000187717;0.803086;0.0079938;0.00267161
0.000108833;0.869051;5.77131e-07;1.70574e-05;5.59385e-06;8.23411e-07;0.123187;0.000506914;0.000595224;0.00545828;2.82194e-05;1.40345e-08;0.000241101;0.000799497
2.34949e-09;1.08558e-10;1;4.88806e-10;1.53827e-10;6.82676e-12;3.24814e-08;3.25002e-09;2.1475e-08;6.68366e-10;8.56999e-09;1.08911e-08;1.98577e-12;7.67354e-13
2.40813e-05;0.192004;5.94718e-06;7.22247e-06;4.50845e-06;2.19071e-06;2.14582e-07;5.6203e-06;3.61986e-06;1.44417e-07;1.54226e-05;0.00128916;0.806634;3.89532e-06
0.000604297;0.206628;1.28819e-06;1.51269e-05;0.000144897;1.9635e-05;1.87143e-05;0.537885;0.0152326;1.50193e-06;0.0013893;0.231767;0.00220567;0.00408758
0.000358649;0.219369;1.39681e-05;0.00306236;0.0596927;0.448144;2.11296e-05;0.0140412;0.000606851;0.000503225;0.000135787;0.00901159;0.00936023;0.235679
0.00147341;0.0499389;5.53226e-05;4.1913e-05;0.0127451;0.00280219;5.78409e-06;0.678657;0.000141906;9.8463e-06;1.69117e-05;0.0734577;0.157218;0.0234356
0.0038817;0.10702;2.31698e-07;0.000137628;0.000312673;0.000359796;2.34334e-05;0.614198;0.0017802;1.42853e-05;0.000314638;0.00302032;0.268588;0.00034895
0.000889999;0.977913;1.43963e-08;0.00012842;1.71528e-06;2.06128e-06;0.000418187;0.00705043;0.0017406;1.80677e-05;0.000159133;0.000471689;0.0110342;0.000172269
9.01203e-06;0.00193252;4.27249e-09;2.38154e-06;0.000634391;2.54741e-06;3.94094e-08;0.996972;1.60016e-06;9.94847e-07;3.46529e-08;0.000334621;5.82959e-05;5.114e-05
9.49625e-06;0.00478406;0.994133;8.55481e-05;0.000115464;3.64624e-05;2.067e-07;5.98299e-06;1.71665e-07;1.27693e-05;2.3804e-06;0.000709081;6.67614e-05;3.85618e-05
3.13645e-08;0.000170316;7.55182e-11;5.94112e-08;7.95291e-11;9.72272e-10;0.999522;8.74877e-09;2.59748e-05;6.87371e-05;0.000212594;1.29353e-10;1.72631e-07;1.0477e-07
1.92166e-08;4.65452e-09;0.999994;1.32511e-07;4.05148e-08;1.59311e-07;3.15217e-06;5.96233e-09;2.28113e-07;2.59733e-07;1.4416e-06;5.49614e-08;1.62917e-11;1.31919e-09
8.33956e-06;0.998614;5.15488e-08;2.57168e-06;2.67055e-06;2.48106e-07;7.03293e-06;0.00132583;2.00863e-05;2.57053e-07;1.76327e-06;1.1897e-06;1.60353e-05;3.01693e-08
4.15093e-05;0.949891;0.00359529;0.000116506;4.37371e-05;0.00026143;1.04219e-06;0.000195961;5.34675e-07;5.09445e-06;5.5893e-06;0.00533788;0.0403376;0.000167182
7.12575e-06;0.00796807;4.83295e-07;2.8034e-07;1.95701e-05;3.69416e-07;4.63284e-08;0.0123526;1.45033e-07;6.18915e-09;8.19999e-06;0.977566;0.00206935;7.99062e-06
1.07623e-05;0.0166799;1.32959e-07;1.83421e-05;0.010442;1.3313e-05;2.37463e-05;0.971882;3.46723e-05;8.94584e-06;1.67908e-05;0.000117633;0.000230345;0.000521514
6.64448e-05;0.0606852;0.8094;0.00153024;0.00103636;0.000313631;2.0132e-05;0.000198102;3.55826e-05;0.000181537;0.000777427;0.00737588;0.00502625;0.113353
0.000257363;0.100813;7.24049e-06;1.30335e-05;0.00269393;0.000920772;0.000105768;0.632775;0.000470921;3.58546e-06;0.00465021;0.226022;0.0246188;0.00664829
0.000324565;0.0295545;3.02885e-08;1.2984e-05;0.000176813;0.000364448;3.7178e-06;0.930796;0.00040512;1.57813e-06;0.000761269;0.00365694;0.0338739;6.85877e-05
0.000599426;0.982178;4.66765e-08;5.4406e-05;2.59322e-06;2.92123e-06;6.03192e-05;0.00534595;0.000308622;1.10112e-05;0.000102367;0.000628144;0.0106255;8.04107e-05
9.52118e-06;0.00845241;1.69477e-08;9.73302e-07;0.000315036;7.19509e-07;5.15391e-08;0.990685;5.35203e-07;8.85461e-07;3.18131e-08;0.000431103;4.35094e-05;6.0535e-05
3.49628e-06;0.00104227;0.997239;4.84154e-05;7.22755e-05;2.15702e-05;4.31132e-07;8.91073e-07;1.14375e-07;1.98779e-05;2.83055e-06;0.00148623;5.01876e-05;1.29703e-05
4.68493e-09;1.68104e-05;2.79842e-11;7.97853e-09;4.39456e-12;1.92748e-10;0.999921;3.77396e-11;3.57947e-06;2.73191e-05;3.12917e-05;1.11698e-11;1.38484e-08;1.90168e-08
7.45421e-08;4.87795e-09;0.999919;3.17855e-07;5.30874e-08;2.72164e-07;5.59457e-05;9.47607e-09;3.56226e-06;1.20465e-06;1.8857e-05;2.73532e-07;2.43541e-11;3.55737e-10
7.25995e-06;0.99971;3.56703e-08;4.98685e-07;2.2141e-07;7.45408e-08;2.07241e-07;0.00016338;4.79348e-06;3.08756e-08;6.7498e-07;5.69358e-06;0.000107195;2.22633e-08
1.00011e-05;0.98844;9.61445e-08;1.2892e-06;1.27177e-06;5.38876e-07;0.00455729;0.000103577;1.82916e-06;0.000616474;1.85115e-06;8.0876e-07;0.00117727;0.00508773
2.01404e-09;2.99003e-09;0.999997;1.21193e-08;7.15667e-08;1.18617e-08;2.35354e-07;1.59101e-08;1.56172e-08;1.27389e-08;1.01973e-07;2.78244e-06;8.52849e-12;3.28671e-09
2.13209e-07;0.361909;1.07266e-06;1.85709e-06;8.31547e-07;6.69004e-07;4.78547e-08;2.03672e-06;3.69858e-08;2.37566e-08;1.35947e-06;6.71001e-07;0.638082;3.45007e-07
1.19646e-05;0.189403;8.94643e-07;5.50603e-06;2.154e-05;4.13128e-05;3.48994e-06;0.690225;9.38637e-05;2.8311e-07;0.000612821;0.113015;0.000817454;0.00574769
2.9478e-05;0.0632054;6.12726e-06;0.000572709;0.0185778;0.682425;3.00418e-07;0.0214919;1.8762e-05;3.33914e-05;9.66804e-05;0.0174149;0.0135099;0.182618
0.000255139;0.0171033;1.06091e-05;1.19499e-06;0.000748492;0.000353425;1.23459e-07;0.197207;1.45749e-06;2.26774e-07;6.79389e-07;0.0107233;0.772394;0.00120032
0.00021588;0.0985884;2.59229e-07;6.79734e-06;2.71605e-05;2.59967e-05;3.71768e-07;0.0830335;3.97844e-05;1.14462e-06;1.5835e-05;0.00204241;0.81597;3.27679e-05
2.53886e-05;6.84106e-05;2.31965e-09;6.13072e-08;1.11291e-06;4.5601e-08;1.66922e-08;0.999849;1.22177e-05;1.02631e-08;1.62438e-07;1.71715e-06;3.96433e-05;2.42912e-06
2.84445e-06;0.229085;2.47378e-07;6.56837e-06;5.95577e-07;2.47606e-06;5.21954e-05;1.00099e-05;2.99355e-08;0.000518071;7.216e-08;1.21974e-06;7.25853e-06;0.770314
1.86327e-10;2.64079e-10;0.999998;7.72282e-10;5.87444e-11;3.53652e-09;2.05128e-06;3.25974e-11;2.53353e-10;1.16029e-07;2.11659e-08;6.30878e-10;1.61052e-12;1.70594e-11
2.77581e-08;2.92253e-08;0.999996;5.60583e-08;6.18871e-10;6.54835e-09;1.22031e-06;1.00118e-06;2.00665e-07;1.32053e-09;1.31189e-06;3.06052e-08;2.62644e-08;4.3357e-13
2.83322e-06;0.0268078;0.0484239;0.000350965;1.70234e-06;3.64692e-06;1.41936e-06;9.41708e-06;9.48882e-05;8.24104e-06;0.000675102;0.923124;1.54885e-06;0.000494912
1.73619e-06;0.983153;4.08158e-11;2.88112e-06;5.36922e-06;5.05281e-06;5.11144e-05;0.00286338;2.26415e-07;1.72827e-05;2.35527e-06;6.52556e-10;1.15561e-05;0.0138864
7.93021e-11;8.64047e-10;0.999993;3.2144e-09;4.68511e-10;3.09124e-11;3.22224e-10;1.15639e-10;1.58575e-12;1.95107e-11;4.02419e-10;6.52653e-06;4.83609e-12;1.44215e-10
1.58303e-07;7.76857e-06;4.54843e-08;6.38126e-07;0.000242331;7.90649e-08;1.40271e-09;0.999673;6.00867e-08;2.34345e-10;2.48015e-07;3.3665e-05;4.26714e-06;3.77095e-05
2.21189e-08;0.000639542;5.6226e-07;1.86472e-08;5.17698e-05;1.59479e-07;5.05804e-09;0.999153;7.76113e-10;1.48478e-08;6.37167e-10;2.67453e-09;0.000154839;1.309e-07
1.58453e-07;0.00178925;0.997419;1.87299e-06;2.38074e-05;1.95716e-05;6.38833e-11;7.13791e-06;8.10098e-11;4.13625e-08;2.77698e-09;0.000693249;1.91437e-05;2.71922e-05
8.70499e-07;0.967806;1.65901e-06;2.53235e-06;2.74542e-06;2.85788e-06;5.52605e-06;0.0317823;1.2263e-05;1.19275e-07;4.43887e-05;8.3278e-05;0.000194458;6.12177e-05
