8.46433e-06;0.96757;3.46458e-09;2.44177e-06;2.2402e-05;8.3374e-07;1.05077e-05;0.00232454;6.67298e-07;1.48666e-06;3.94414e-06;0.00028818;0.0294566;0.000309836
0.0017996;0.48756;8.41953e-06;0.00692808;0.0182744;0.0577279;0.000211902;0.0217233;0.0122414;0.000808059;0.00598532;0.246179;0.0912793;0.0492737
0.00013517;0.952568;4.4756e-08;8.21727e-06;1.62315e-07;3.27339e-06;9.93311e-05;3.17619e-06;4.83276e-05;1.86521e-06;0.000199561;0.0443777;0.00253697;1.82915e-05
0.000217054;0.119394;5.58175e-06;0.000151961;0.00931374;0.00340134;5.52377e-05;0.764223;0.0017926;3.32459e-05;0.000491385;0.0906792;0.00821566;0.00202564
3.31239e-06;0.000226573;0.999714;1.07998e-05;4.05038e-06;3.00912e-06;5.18973e-06;9.79361e-07;9.49689e-07;6.17009e-07;7.32303e-07;1.64501e-05;1.11431e-05;2.65085e-06
0.0059503;0.650661;8.58749e-06;0.00108301;0.000107464;9.78784e-06;0.000288881;0.289529;0.0315595;1.18802e-05;0.00342976;0.00579983;0.0114566;0.000104779
0.000613982;0.00607545;3.37843e-05;1.46766e-06;0.000234772;9.61442e-08;2.04601e-07;0.991227;4.5785e-05;1.11857e-06;1.38027e-06;0.0013154;0.000352193;9.74185e-05
1.6415e-05;0.00152449;0.000149582;1.44365e-05;0.00229528;5.02742e-06;2.22445e-08;0.00160864;0.000422694;2.27784e-06;1.46365e-05;0.992367;8.58755e-05;0.00149367
0.000328559;0.903889;2.51307e-05;2.85969e-05;6.78028e-05;3.04339e-05;0.000241428;0.000741873;0.0116367;7.32231e-05;0.00225615;0.000250079;0.0804257;4.92099e-06
4.22169e-05;0.00921901;0.0328969;2.97994e-05;4.70827e-05;4.87016e-07;1.80931e-07;0.00101247;6.06518e-06;4.13363e-06;3.53776e-07;0.956545;2.53763e-05;0.000170653
1.62755e-05;0.771533;2.62197e-08;0.000169604;0.000501399;2.54817e-05;3.46344e-05;0.188656;0.0262655;7.6886e-06;0.000497024;0.000292747;0.00891359;0.0030873
7.18103e-06;0.997763;5.42121e-05;1.1964e-05;3.23528e-06;4.03151e-06;2.37118e-07;0.00209664;5.80496e-07;7.88677e-06;3.93994e-08;6.92383e-07;8.38907e-06;4.22252e-05
4.45509e-08;8.06372e-08;0.999992;1.38752e-08;1.16562e-08;3.27386e-10;1.90884e-09;7.89026e-06;2.23555e-08;7.17572e-10;7.41806e-09;1.84468e-07;6.09646e-08;1.58029e-10
3.28149e-07;2.05975e-05;0.000540233;9.34943e-07;4.56489e-06;3.27686e-08;8.29984e-07;9.87076e-05;4.47027e-06;4.76073e-07;4.2776e-07;0.00662868;2.70178e-07;0.992699
9.3785e-08;5.08429e-05;1.24701e-10;7.07758e-09;0.000403173;1.04558e-06;4.02609e-08;0.999538;5.19883e-06;4.36585e-09;2.45425e-08;4.65278e-09;1.66518e-06;3.28107e-07
8.15531e-09;1.21347e-06;0.999861;4.08526e-08;4.05545e-05;1.1213e-07;2.96861e-12;1.06426e-07;1.35664e-11;4.2007e-10;2.07153e-10;9.47531e-05;4.39701e-08;2.71193e-06
9.23633e-08;0.999296;6.8225e-09;6.3682e-08;2.90814e-07;8.59401e-08;1.39513e-07;0.000351762;4.89471e-07;7.9063e-10;7.19765e-07;1.4914e-06;0.00034528;3.10153e-06
1.28351e-07;0.00157159;1.81447e-09;4.5389e-09;7.02323e-06;1.72573e-07;2.86016e-10;0.997819;1.20658e-09;4.97004e-09;3.50829e-10;3.06124e-08;0.000555223;4.72633e-05
1.20041e-09;0.000114699;1.97268e-06;1.37456e-07;6.14249e-07;2.19953e-07;2.81116e-10;3.87615e-06;5.37662e-09;2.90125e-09;7.57669e-08;0.999773;2.08353e-06;0.000102916
3.66227e-07;0.990314;1.20045e-07;3.82244e-06;4.47186e-05;4.68692e-07;8.39738e-07;0.00908568;4.42149e-07;3.41868e-06;6.12192e-07;3.8875e-05;0.000209875;0.000296597
9.10375e-07;0.00246504;2.83276e-06;8.74889e-09;4.45738e-06;1.29483e-08;3.76556e-09;1.87269e-06;5.53797e-08;1.14312e-09;8.67842e-08;0.997462;6.1442e-05;1.45709e-06
0.000130021;0.00241986;1.80429e-09;1.55805e-06;0.000304016;1.37588e-05;6.00685e-07;0.993473;0.000425947;2.72174e-07;1.86003e-06;1.64272e-05;0.00316339;4.8937e-05
2.34628e-06;7.72232e-05;6.81807e-10;5.42372e-09;5.88796e-08;1.42662e-08;1.15412e-10;0.995068;4.81102e-07;3.00442e-10;2.9086e-09;1.35942e-07;0.00485137;1.42744e-08
7.50219e-06;0.000530797;4.82033e-08;7.37439e-06;2.17908e-06;2.57968e-06;7.58624e-10;3.39737e-05;1.27566e-05;1.15654e-07;1.742e-06;0.985685;0.00710579;0.00661036
2.37731e-06;0.984076;2.34744e-10;2.02345e-06;8.73047e-06;1.79072e-07;1.03501e-07;0.00536352;3.26873e-07;8.97244e-07;1.17087e-06;0.00091822;0.00953061;9.60899e-05
8.34085e-05;0.00218805;5.00511e-06;0.000204243;0.0545893;0.000218442;1.04589e-05;0.0102204;1.78889e-05;1.53049e-05;2.0972e-06;0.00029278;0.00231235;0.92984
8.03727e-06;0.00193869;1.27434e-08;1.03287e-05;2.49075e-06;6.38625e-05;4.83407e-05;7.98913e-05;0.000333835;2.81413e-06;0.000280355;3.5081e-06;0.99722;7.79492e-06
1.31344e-05;0.00807763;0.991098;3.52701e-05;1.21657e-06;4.95748e-06;0.000203294;8.62211e-07;1.37832e-06;0.000176414;1.38129e-06;0.000377464;2.29663e-06;7.15942e-06
2.32531e-08;1.72018e-08;0.999999;2.46393e-09;4.20821e-08;5.13495e-09;3.13506e-08;7.8066e-07;8.05397e-08;1.64605e-09;4.16421e-08;5.22323e-08;1.31775e-10;3.5821e-11
8.76002e-05;0.013701;2.26463e-06;5.76305e-06;0.00274093;3.78989e-05;5.46052e-06;0.903731;0.00544225;5.19849e-06;0.000908691;0.0262454;0.0470411;4.5504e-05
1.98291e-06;1.68762e-05;0.999564;1.60783e-06;8.64034e-05;2.26387e-07;3.64326e-06;1.51332e-06;1.05632e-06;2.37571e-06;5.74904e-06;0.00030227;6.37284e-08;1.25639e-05
3.52556e-05;0.998688;2.84769e-07;1.08731e-06;6.18754e-07;2.89398e-08;0.000107065;0.001028;3.13856e-05;1.43441e-05;1.37563e-05;3.66493e-07;7.83531e-05;1.21126e-06
1.70667e-07;1.34142e-07;0.999989;5.91652e-10;5.5369e-09;3.04073e-12;6.0054e-08;5.2218e-07;5.25141e-08;1.39441e-09;9.50883e-09;1.00209e-05;9.85649e-11;2.59686e-10
0.000397055;0.00210246;1.43389e-07;4.65016e-07;0.000136533;4.44316e-06;1.45758e-05;0.990165;0.00504927;8.03319e-07;4.88415e-05;0.000245021;0.00123546;0.000600329
6.14235e-06;0.982018;1.27687e-06;3.09119e-06;1.74876e-06;1.14121e-06;0.0144569;0.00199091;0.000356748;0.000476753;6.84018e-06;8.22361e-08;1.02585e-05;0.000669903
4.98602e-10;1.39695e-10;1;2.13868e-09;1.09298e-09;4.82052e-10;3.88625e-08;7.16825e-09;7.27828e-09;4.45212e-09;7.58978e-09;3.46507e-07;1.99754e-13;1.13201e-10
1.71957e-06;0.997912;1.7259e-09;7.32807e-08;7.42267e-08;1.70044e-08;5.91287e-07;0.00205258;3.6383e-06;1.47242e-07;4.35732e-07;8.12988e-06;1.74211e-05;3.23138e-06
9.23036e-06;0.677998;6.28015e-07;4.69687e-07;9.0598e-07;6.44095e-08;2.87865e-06;6.82079e-06;4.96067e-07;7.04287e-07;7.1701e-07;0.281614;0.0398749;0.000490336
3.4285e-05;0.691978;2.3927e-07;1.77518e-06;0.000137341;6.15136e-06;2.18115e-05;0.167712;6.74886e-05;1.00893e-06;7.66137e-06;0.0289012;0.0519417;0.0591893
0.000201391;0.940245;4.21243e-05;1.93329e-05;0.000741198;0.00026707;0.000139919;0.0220735;0.000410698;1.63915e-06;4.31993e-05;0.0260911;0.00739251;0.00233154
3.4179e-05;0.0117948;2.96105e-08;4.57741e-07;8.27755e-06;9.08534e-07;1.4686e-07;0.229699;7.51475e-06;3.22461e-08;1.00828e-05;0.00316104;0.755246;3.72482e-05
2.07213e-05;0.0704147;0.0010621;1.17122e-06;8.33555e-06;4.25206e-05;1.32476e-06;0.00551311;2.22738e-07;3.25637e-05;5.02923e-07;0.00547847;0.916536;0.00088792
1.65079e-09;5.77088e-09;0.999998;4.27272e-09;9.45917e-09;1.98299e-08;4.33482e-10;4.6375e-08;1.75674e-09;5.3732e-10;6.15042e-09;1.88414e-06;7.48993e-09;8.19385e-11
1.26806e-08;2.83495e-06;0.999336;2.70507e-07;7.4942e-08;6.76037e-08;1.02875e-08;0.000218157;7.21418e-09;9.22492e-09;3.50337e-08;0.00044166;9.4418e-08;1.24043e-06
2.69563e-09;2.42158e-05;3.70564e-06;6.64936e-08;4.8793e-06;0.000232224;3.92726e-11;3.16077e-06;4.61933e-12;1.06996e-08;6.45457e-10;2.34407e-05;6.42078e-08;0.999708
5.97788e-06;0.00402053;1.20735e-06;3.92117e-06;3.15596e-05;0.000124454;9.35311e-08;0.00256287;1.01547e-07;3.89824e-08;7.9355e-05;0.00553211;0.987632;5.84825e-06
3.80693e-06;0.0398084;9.4327e-08;4.69277e-06;0.000181903;9.21002e-05;3.30593e-07;0.958407;6.23294e-07;1.12055e-06;5.90603e-06;0.000906722;0.000412963;0.00017436
1.60556e-06;0.00531112;1.81938e-06;3.46162e-06;7.46633e-05;0.000790977;2.85132e-07;0.000217103;2.5438e-08;2.46496e-07;2.53639e-07;0.0103832;0.982403;0.000812269
1.67175e-06;0.000840033;3.04573e-07;2.08637e-05;0.000110029;5.11656e-05;2.64215e-07;0.00311674;3.18849e-05;3.44613e-07;0.000172844;1.49966e-05;0.99552;0.000118988
3.82317e-06;0.00298794;0.99672;2.12436e-05;0.000122988;3.45391e-08;2.72181e-08;8.15404e-06;5.64815e-07;3.62478e-07;2.07919e-06;0.00012049;1.61523e-06;1.06106e-05
7.75078e-05;0.0858134;5.86594e-08;1.906e-06;0.00131274;2.50708e-05;5.47801e-06;0.903666;0.00124674;7.2632e-07;5.37537e-05;0.000196162;0.0074268;0.000173419
5.15819e-06;0.000321021;8.47709e-10;1.22431e-07;3.10912e-05;1.21233e-06;2.38224e-09;0.997803;4.82537e-06;4.81416e-08;5.78044e-07;6.61918e-06;0.00181841;8.22225e-06
5.84085e-05;0.00336221;7.64296e-07;5.53878e-05;6.93901e-06;2.90257e-06;1.99966e-07;0.00187372;0.000600718;8.81067e-06;0.000218516;0.99036;0.00335856;9.30598e-05
1.50506e-06;0.997478;9.83796e-05;1.8561e-06;1.22861e-06;6.93268e-07;2.83366e-05;0.0022991;5.16122e-08;2.24205e-05;4.7827e-08;1.08062e-06;6.17462e-05;6.03101e-06
1.09973e-09;2.70646e-08;1;8.5868e-09;1.48623e-09;7.45646e-10;2.30614e-09;2.55045e-08;8.33106e-10;1.34714e-09;9.99221e-09;4.60563e-07;3.24911e-09;7.9996e-10
4.18492e-08;2.29267e-07;0.998312;3.67082e-07;3.41492e-07;8.57129e-08;8.9383e-09;0.000119785;4.9023e-08;1.31385e-08;4.21998e-07;0.00156046;1.64099e-08;5.70559e-06
7.54558e-08;0.000224611;6.81094e-05;2.55209e-07;1.49115e-05;0.00131755;5.55308e-09;6.59367e-06;1.879e-09;9.32277e-08;2.00879e-07;5.22393e-05;5.91121e-07;0.998315
7.38402e-05;0.00560342;4.65855e-06;1.57092e-05;1.38656e-05;0.000105817;1.25662e-06;0.00875595;2.22467e-06;1.31613e-07;0.000200147;0.000820373;0.984399;3.2726e-06
1.7596e-05;0.986198;1.52279e-07;0.000134238;1.83967e-05;1.83592e-05;9.9142e-07;0.000312864;3.52479e-07;2.18584e-06;2.12941e-06;0.00113829;0.00884788;0.00330838
6.03276e-07;0.00267656;1.81015e-09;5.95764e-06;2.28006e-05;8.78796e-06;7.40804e-07;0.997163;3.13e-07;4.93531e-06;1.14719e-06;1.80471e-06;8.9227e-05;2.38715e-05
1.68128e-06;0.000412937;0.998735;0.000206251;2.17478e-05;4.10458e-05;2.1881e-06;1.86669e-06;2.48485e-07;1.01225e-05;4.77725e-05;0.000481305;3.44197e-06;3.39111e-05
0.000108073;0.0875834;1.09157e-06;2.5979e-05;1.2553e-05;0.00746589;0.102986;0.00266044;0.000377135;0.000218304;0.0650983;1.82525e-07;0.73303;0.000432672
3.73704e-08;1.389e-08;0.999998;5.22418e-08;5.19076e-08;1.65697e-07;4.98996e-08;4.54621e-08;7.25557e-08;4.62716e-09;4.77447e-07;4.9493e-07;2.56751e-09;3.26971e-10
2.03884e-05;0.0112102;0.000160327;4.1681e-05;6.77799e-05;9.53642e-06;3.8595e-08;0.0701516;0.00164963;4.93445e-07;0.000137755;0.916391;0.000145252;1.45402e-05
6.39846e-05;0.0233458;9.83043e-08;4.12121e-07;1.69679e-05;9.7374e-08;3.14846e-07;0.973123;0.000187719;1.54036e-07;0.00077446;0.00143122;0.00105389;1.51465e-06
5.40637e-06;0.975627;2.38329e-08;3.88546e-07;6.03092e-06;1.06368e-05;0.000172473;0.000387493;4.13884e-07;9.43594e-05;1.05681e-08;5.68584e-08;0.000113862;0.0235821
5.17926e-12;1.20606e-11;1;1.32799e-12;5.02904e-11;1.57781e-12;2.84515e-13;5.80898e-09;1.25852e-12;9.5051e-13;1.38155e-13;6.46734e-11;3.53228e-14;1.13883e-13
1.21706e-05;0.00424474;0.000180052;2.01593e-05;0.000169826;5.91068e-05;4.8741e-06;0.989326;0.000965935;4.83676e-06;0.000253949;0.00155428;0.00301612;0.000188053
