4.14394e-06;0.999698;3.34353e-05;9.55994e-06;3.00716e-07;1.56393e-07;1.27017e-06;0.000112919;5.98387e-08;1.25681e-06;8.87627e-08;5.80518e-05;6.2657e-05;1.79031e-05
2.34546e-05;0.962032;3.41314e-08;0.000105543;5.28135e-05;5.52377e-06;8.68151e-07;0.0303008;0.000136891;7.42939e-07;0.000105349;0.00463852;0.00249971;9.74687e-05
0.000134589;0.957475;5.59893e-08;2.00385e-05;2.99135e-05;1.53796e-05;4.73086e-05;0.0221092;0.000152263;3.6455e-05;1.71649e-05;0.000523655;0.0192468;0.000192292
0.000162064;0.00172912;1.39359e-06;1.54018e-05;0.000123191;0.000107196;1.85227e-05;0.000565287;0.00126928;4.30256e-06;0.000140054;0.994652;0.000366107;0.000845909
0.000577673;0.967925;1.71774e-07;1.9071e-05;0.000172339;5.17001e-06;2.33457e-05;0.0115053;0.00319942;3.37155e-07;6.68854e-05;0.00114186;0.0152618;0.000101931
0.000166675;0.9846;1.46652e-05;3.10847e-07;2.40859e-05;2.10321e-07;4.10574e-06;0.0124518;5.65302e-07;1.03688e-06;3.01703e-07;0.0023092;0.000193797;0.000233178
3.2897e-06;0.0106892;0.000132826;2.58888e-06;0.000133047;8.98949e-06;4.48143e-08;0.000942143;3.25025e-07;4.54713e-07;1.2963e-08;0.977794;0.000147261;0.010146
3.28007e-06;0.733948;4.58687e-09;5.82597e-06;5.20205e-08;1.9066e-07;0.262624;0.000375357;0.00172928;0.000277116;3.09904e-05;2.80402e-09;0.000225032;0.00078132
2.19292e-09;2.46567e-09;1;2.54959e-09;1.60606e-10;2.56819e-11;3.73484e-08;2.33141e-08;1.66528e-08;1.18656e-09;2.81806e-08;1.7334e-08;3.03424e-11;1.99329e-12
1.16505e-06;0.00189414;2.0401e-11;6.00636e-08;2.86765e-05;3.65324e-10;1.81537e-07;0.998033;3.87734e-05;1.6797e-07;1.03847e-06;2.59453e-06;3.68479e-07;3.08031e-07
1.88597e-06;0.00127718;0.984638;1.62747e-05;4.12291e-05;7.22727e-06;6.50022e-07;4.65807e-05;2.98267e-07;3.05182e-06;6.98672e-06;0.0124692;0.00148766;3.42177e-06
1.25073e-05;0.0441512;4.07003e-09;1.29207e-06;4.35349e-05;7.9017e-05;6.2095e-06;0.000168843;1.0198e-05;2.20874e-07;0.000177081;6.71251e-05;0.955261;2.16656e-05
0.000766918;0.0246066;7.62556e-07;0.00293648;0.88209;0.0150055;8.39259e-07;0.0305681;0.00187777;8.32372e-05;7.64914e-05;0.00137084;0.00209388;0.0385229
0.00277646;0.0133614;1.76388e-07;4.43921e-07;1.66855e-07;4.77033e-07;1.35313e-06;4.77211e-05;0.000453565;8.04187e-08;3.9489e-05;0.00454208;0.978768;8.67152e-06
3.40102e-05;0.42031;5.14206e-09;3.88274e-07;5.76074e-07;5.41458e-07;1.61617e-06;2.59597e-07;1.27022e-05;3.96329e-06;8.01826e-08;0.00154417;9.4477e-05;0.577997
0.000465339;0.00803185;2.59983e-05;1.19448e-05;5.44734e-05;3.95245e-06;0.0110933;0.0412866;0.935174;2.53931e-06;0.0034064;2.53701e-05;0.00041767;8.82563e-07
3.82538e-05;0.978307;2.87036e-06;8.499e-05;0.000113592;1.59552e-05;4.57497e-05;0.00848989;0.000868562;0.000188473;3.95931e-06;0.000823123;0.00932451;0.00169331
0.000452632;0.184396;4.89759e-07;0.0277143;0.00643855;0.0357223;0.000763873;0.00259283;0.0559953;0.0125162;0.00451493;0.00958385;0.65772;0.00158937
0.0500412;0.0693486;0.766197;0.016824;0.000296543;0.000127102;0.000142463;6.80466e-05;0.00157957;0.000507461;0.00207298;0.0921768;0.000209527;0.000408416
0.00121449;0.220053;2.08173e-07;3.32197e-05;3.41433e-06;1.30945e-05;0.764567;0.000634454;0.00228374;0.00235458;0.00340893;1.66815e-07;0.00369684;0.00173728
1.3134e-09;2.22073e-10;1;2.11515e-10;1.06784e-09;1.46834e-09;4.3696e-09;2.72098e-10;5.01809e-10;9.67798e-10;6.7751e-10;6.59112e-08;2.07806e-13;1.64365e-11
8.31229e-06;0.996077;1.96659e-06;1.7453e-07;2.36359e-07;9.88553e-07;3.42428e-06;1.65281e-05;1.65243e-06;1.21593e-07;6.14896e-07;0.00165033;0.00223791;1.15325e-06
1.53662e-05;0.0426519;2.51358e-05;2.45497e-05;0.000139835;9.44427e-05;0.00114933;0.951173;0.000530766;0.000155012;0.000458436;0.00143681;0.000260824;0.001885
1.79699e-08;6.23664e-07;0.999997;6.19925e-08;4.46513e-10;1.50999e-09;3.0305e-07;4.34277e-07;1.95474e-08;8.40025e-09;3.56295e-08;1.61959e-06;2.69026e-09;5.02247e-11
9.9098e-07;0.00346778;8.09862e-06;7.61293e-07;2.70578e-08;3.94628e-08;4.04495e-08;0.000144733;9.76534e-07;1.22552e-08;1.0064e-05;0.995687;0.000679625;1.69329e-07
1.86174e-07;0.0113154;4.56594e-07;3.27033e-07;4.90042e-05;2.18382e-06;1.70416e-08;0.000987912;2.91497e-08;9.66971e-08;1.82414e-07;0.000133714;0.986488;0.00102264
1.9979e-05;0.00482573;2.72149e-07;4.85066e-05;3.44523e-06;0.00151305;7.99243e-05;0.000130105;0.000123159;0.000128291;0.000315992;0.000896821;0.991608;0.000306791
0.000129589;0.00300174;0.992087;0.000129293;5.54039e-06;0.000286868;0.000503367;1.11517e-05;1.54155e-06;0.000617696;4.67642e-06;2.78319e-05;0.00272783;0.000466187
1.38393e-08;1.4954e-08;0.999998;1.62665e-09;4.55632e-08;6.53266e-09;7.70183e-07;8.66053e-07;2.16955e-08;9.14668e-08;2.20806e-08;4.5089e-09;1.30146e-09;1.67924e-10
7.45756e-09;1.22574e-08;1;6.95669e-10;1.53986e-09;4.85471e-10;1.69375e-09;4.16446e-07;8.06724e-08;3.44929e-10;1.47823e-08;1.78216e-08;1.57838e-08;6.04805e-12
6.71273e-09;8.80871e-08;0.999708;6.43097e-09;6.16627e-09;2.39742e-09;4.7192e-10;4.30361e-06;1.25548e-08;6.50177e-10;6.77493e-09;0.000286527;1.55739e-09;9.3495e-07
2.20289e-08;6.82169e-05;3.51523e-05;9.46344e-08;5.10326e-05;7.24199e-05;3.12027e-10;5.47117e-05;6.80815e-10;3.20906e-08;1.4643e-09;6.72304e-06;2.85844e-08;0.999712
2.83137e-06;0.937416;2.18249e-07;2.43165e-06;3.24985e-06;1.95025e-06;1.63248e-07;0.0150558;1.94996e-07;4.77409e-08;2.71904e-06;0.000446316;0.0470677;3.00083e-07
2.87044e-07;0.997828;1.05808e-06;2.97282e-06;4.47501e-07;6.00526e-08;2.53191e-06;0.00214327;3.07494e-09;1.74566e-06;1.37248e-08;2.70361e-06;7.7811e-06;8.74503e-06
1.02025e-09;4.08843e-07;0.999995;5.5251e-09;1.54717e-09;9.5723e-12;1.72062e-08;7.75935e-07;4.68765e-11;1.27811e-09;8.54879e-09;3.95505e-06;1.38525e-10;1.8856e-11
5.88442e-06;0.000301048;2.74771e-05;9.64482e-05;0.000135251;3.43765e-06;2.16773e-05;0.0591977;2.95932e-05;6.23119e-07;0.000562203;0.917076;7.03663e-05;0.0224722
6.63754e-07;0.992816;2.34367e-10;4.18495e-07;8.93078e-07;2.50634e-07;3.62857e-06;0.00191704;3.09877e-07;1.0505e-08;9.14299e-06;0.000600516;0.00449083;0.000160752
1.35631e-06;0.16666;4.79672e-06;2.96119e-06;0.000327261;3.93864e-05;1.11327e-07;0.735889;1.13757e-07;4.35063e-07;2.46551e-07;0.00654853;0.0178394;0.0726867
1.18542e-06;0.00121053;8.20922e-07;4.87367e-06;0.000130247;0.00448489;4.34661e-07;0.000701073;2.00618e-06;3.28012e-06;5.27078e-06;9.79867e-05;0.993142;0.000215301
4.79498e-05;0.00110965;0.996005;1.7589e-05;3.0321e-06;0.00032935;9.75111e-05;5.25257e-07;7.67195e-08;0.000202618;2.76489e-07;0.000377483;0.00136597;0.000443176
8.94606e-08;2.26453e-08;0.999996;2.61921e-09;4.98952e-08;1.36523e-08;3.56046e-06;2.56189e-07;2.3882e-07;4.47311e-08;6.54411e-08;1.78186e-09;2.69488e-10;1.44673e-10
3.13693e-07;1.18455e-08;0.999939;1.67542e-09;9.7608e-09;1.19923e-09;2.45765e-08;5.51448e-05;4.78261e-06;1.10045e-09;8.24785e-08;2.19391e-07;1.34641e-07;5.33957e-12
5.69577e-07;3.68147e-05;0.958455;2.0025e-08;8.17137e-08;1.34083e-07;7.06693e-09;1.69515e-05;1.06664e-07;2.10608e-08;2.79092e-08;0.0413418;2.85351e-07;0.00014848
5.76599e-08;0.00050116;2.58945e-08;3.63289e-08;9.20372e-05;0.000116009;8.49391e-05;4.74998e-07;5.56657e-08;4.69017e-05;1.49848e-08;5.49726e-10;1.32527e-08;0.999158
8.75929e-10;1.75587e-08;0.999988;1.84903e-10;2.56629e-08;2.53153e-09;3.09043e-09;2.5988e-09;3.45449e-11;2.78522e-10;4.16534e-11;1.18641e-05;3.54288e-12;1.46538e-09
2.00836e-05;0.173034;8.0641e-07;3.85011e-06;0.000223958;6.17989e-05;1.65631e-06;0.365274;1.38187e-05;8.82486e-08;9.69287e-06;1.91185e-05;0.461335;1.93481e-06
8.68521e-06;0.629552;0.354231;3.95374e-05;2.75848e-05;8.31027e-08;7.47881e-07;0.0107668;3.08547e-08;5.06449e-07;2.64027e-08;0.00517583;3.07244e-05;0.000166508
2.08374e-05;0.194212;3.28038e-07;0.000181396;0.000927999;5.77217e-05;1.44861e-05;0.70062;0.000188988;2.51732e-05;0.000229789;0.00333233;0.0997896;0.000399737
4.71115e-05;0.85158;3.25901e-05;0.000161116;4.71443e-05;1.64484e-05;3.80666e-06;0.000830111;1.58238e-05;7.38699e-06;8.66025e-05;0.141504;0.000808494;0.00485909
7.86126e-05;0.0801502;7.27138e-08;1.75858e-07;0.000143882;9.41507e-07;1.25714e-07;0.917733;5.17545e-07;1.6668e-07;3.9622e-07;8.30707e-05;0.00170704;0.000101886
4.34973e-06;0.00671772;0.000461914;9.72745e-06;0.00290869;0.00060616;6.54233e-07;0.00144758;2.18384e-06;1.58037e-06;2.28803e-06;0.810501;0.000899334;0.176437
2.6597e-07;0.000172014;2.52202e-09;1.11939e-08;2.37105e-08;7.82021e-09;8.08517e-09;0.00083431;2.79393e-07;1.23813e-09;6.74674e-07;1.49277e-06;0.998991;1.04846e-08
1.39093e-05;0.00185822;2.87096e-05;8.77319e-07;5.03682e-06;7.48162e-07;9.12847e-09;0.000795569;1.26814e-05;1.53789e-07;1.23434e-06;0.996074;0.00113669;7.17495e-05
0.000170899;0.521295;2.65856e-07;4.34733e-06;9.07831e-05;2.61381e-05;1.48647e-06;0.442635;1.78272e-05;1.92286e-05;7.70317e-06;1.18537e-05;0.0245608;0.0111583
3.76945e-07;0.00102639;1.52501e-05;1.65804e-06;6.90241e-07;6.65764e-06;1.76616e-07;7.3323e-06;1.55777e-06;1.521e-07;1.31025e-05;0.998776;1.7198e-05;0.000133506
6.32567e-06;0.13594;5.6575e-06;1.8265e-06;8.04843e-08;7.17492e-08;3.62076e-06;4.26753e-05;7.69321e-07;1.93691e-07;1.84214e-05;0.000308465;0.863672;1.04286e-07
1.55952e-05;0.987624;3.81296e-08;2.91315e-06;3.46813e-06;3.94887e-06;0.0054717;0.00018423;6.43641e-06;0.00120457;2.15219e-06;8.47827e-06;7.43865e-05;0.00539819
2.16328e-08;3.33182e-05;0.999956;4.50504e-08;2.19631e-07;8.22299e-07;1.61807e-06;4.52554e-06;4.84984e-10;4.55304e-07;1.76733e-08;1.6359e-08;2.40967e-06;1.31509e-07
4.44441e-10;3.58953e-10;1;1.08168e-09;4.14285e-10;3.11655e-10;3.97096e-10;1.10678e-08;2.819e-10;1.00696e-10;6.86353e-09;1.80611e-08;6.73088e-10;1.70671e-11
5.46204e-09;4.11961e-08;0.999553;2.77746e-08;4.07653e-08;9.35623e-09;2.90513e-10;1.88465e-05;9.47049e-10;1.44358e-09;1.2312e-08;0.000426691;1.48464e-08;1.29771e-06
4.92327e-08;0.000226068;1.81414e-05;9.70048e-08;4.29569e-05;0.000542421;3.097e-10;3.30585e-05;2.40717e-10;3.53016e-08;5.6736e-08;0.000137274;7.28661e-07;0.998999
7.1585e-06;0.0012185;2.96467e-08;2.28823e-06;3.04292e-05;0.000105024;1.3038e-07;0.0706287;3.35911e-07;6.60299e-08;3.61617e-05;1.47493e-05;0.927956;8.49349e-07
3.8888e-06;0.999403;1.32339e-05;9.32599e-05;1.17467e-06;3.10735e-06;1.48531e-07;0.000192388;2.73591e-08;4.04969e-07;6.10128e-07;2.2162e-05;0.000243816;2.29301e-05
2.72358e-06;0.019767;9.54513e-11;3.35076e-08;3.29856e-06;1.09247e-07;3.90583e-09;0.978623;9.09758e-09;1.74479e-08;3.53277e-08;3.11931e-06;0.00158345;1.72218e-05
1.36804e-07;0.00289336;0.000102726;5.2142e-06;0.000192985;5.3029e-05;2.64931e-07;0.000224643;2.65902e-08;5.30333e-07;1.35924e-06;0.953442;3.54248e-05;0.0430478
2.11001e-07;8.99792e-05;4.21982e-09;3.0646e-08;3.74183e-08;1.1162e-08;4.63814e-08;0.00102074;1.36082e-07;2.37559e-09;4.14636e-06;8.99035e-08;0.998885;1.15992e-08
3.1799e-05;0.00222325;2.70363e-05;3.23592e-06;4.35152e-06;1.17739e-06;1.21125e-08;0.0011927;2.47749e-05;2.48109e-07;1.14533e-05;0.994245;0.00205098;0.000184376
0.000314435;0.882076;2.70328e-07;3.24425e-05;6.02394e-05;7.2979e-05;2.86158e-06;0.0673283;0.000106658;3.91966e-05;0.000149255;7.55244e-05;0.0465317;0.00321031
2.91463e-07;0.000896459;9.30777e-07;1.31384e-06;2.81479e-06;1.23921e-07;5.6397e-08;7.38991e-05;9.37595e-07;7.39772e-08;5.97339e-05;0.998954;5.38922e-06;3.62254e-06
1.15796e-06;0.903865;2.70505e-05;1.64447e-06;1.99179e-05;3.03214e-08;2.21503e-07;0.0686018;1.15388e-07;7.33568e-08;4.10756e-06;1.62817e-05;0.0274615;1.15816e-06
0.000136256;0.153318;2.1564e-05;0.00100832;0.00337035;0.000200355;1.64262e-05;0.00464393;0.000115577;0.000834634;1.00764e-05;0.41028;0.00223372;0.423811
0.00306531;0.403568;2.43575e-06;0.000231114;3.2707e-05;0.000152514;0.000724384;0.00134133;0.00432341;3.55232e-05;0.0086087;0.521825;0.0551374;0.000952529
6.27403e-05;0.995711;3.88537e-05;1.35669e-06;9.01379e-09;2.55423e-09;6.42592e-06;0.00280715;1.48342e-05;6.66894e-08;1.89595e-05;0.000701723;0.000636638;5.93206e-08
5.8422e-08;0.99832;4.49276e-10;4.77567e-07;4.63884e-05;5.62281e-08;1.52452e-09;0.00122171;5.20452e-09;4.39561e-07;1.00566e-09;1.41161e-05;1.06937e-06;0.000395774
6.35989e-07;0.00029062;0.000635916;6.85316e-06;9.13643e-05;0.000151071;1.02249e-08;3.1335e-06;1.1149e-08;1.5565e-06;1.05102e-07;0.995735;1.33211e-05;0.00307002
2.038e-05;0.00569161;2.39222e-09;5.70491e-08;4.04623e-07;1.32339e-06;5.06279e-06;0.985697;1.22578e-05;1.12076e-07;1.48528e-05;1.60557e-07;0.00855681;3.09285e-08
1.02898e-07;1.65009e-07;0.999997;4.17428e-08;3.29494e-08;1.71379e-08;4.17031e-08;9.54519e-07;1.98678e-08;8.03646e-09;1.48999e-08;1.2192e-06;4.30588e-08;1.69145e-09
5.60817e-05;0.0919145;0.738808;0.000388244;5.04188e-05;7.84549e-05;0.000117223;0.00703478;0.000233529;3.29204e-05;0.000143259;0.158248;0.00189347;0.00100156
0.000148953;0.021644;1.27368e-05;0.000104246;0.00676723;0.00979069;8.09944e-06;0.00186551;0.000280902;5.28588e-06;0.00102851;0.000999115;0.000409685;0.956935
1.455e-05;0.450815;1.17883e-07;4.72044e-05;0.000428477;0.0173138;0.000146328;0.000458023;1.82575e-07;0.000103986;5.14272e-07;1.78269e-08;0.000250965;0.530421
1.9476e-09;1.51493e-09;0.999999;1.35917e-09;1.09639e-09;9.79205e-10;1.0885e-10;7.73984e-10;1.17147e-11;3.14e-12;3.56808e-10;6.89379e-07;6.08495e-11;3.84288e-12
1.27849e-06;0.707686;2.8237e-07;1.09979e-06;1.06223e-06;3.37313e-07;1.11888e-05;5.30916e-05;9.72553e-08;7.65107e-07;2.1661e-07;2.1609e-06;1.38109e-05;0.292229
0.00040445;0.196853;0.00110372;0.00131465;0.000282754;0.0257258;0.0528651;0.00792603;0.00696104;3.83003e-05;0.172466;0.000323554;0.533497;0.000239304
6.7254e-06;0.99512;4.78567e-07;4.85188e-06;4.14062e-06;1.28698e-05;2.56198e-07;0.000371214;3.17938e-08;3.53011e-07;1.82178e-07;0.000785612;0.00310695;0.000586615
3.95921e-06;0.00504496;3.63242e-08;2.97616e-06;0.00448775;1.81107e-05;2.61436e-08;0.989437;1.86445e-06;2.13862e-07;2.52073e-05;0.000446595;0.000299387;0.00023162
1.21108e-07;0.00752446;0.989861;1.49828e-06;0.00174157;0.000220743;2.20717e-10;3.62763e-05;4.62104e-12;2.97022e-07;1.32968e-09;1.20352e-05;0.000149999;0.000451692
1.81058e-07;0.00507668;4.94046e-07;4.61045e-07;1.82953e-07;0.000201079;2.14248e-06;2.13705e-06;3.04634e-07;1.59451e-06;1.26899e-05;1.16276e-05;0.994679;1.12963e-05
1.00971e-05;0.115793;0.836807;0.000590009;1.9078e-05;0.00085368;0.00359781;7.90543e-07;6.18843e-07;0.00787296;4.83108e-06;0.0336278;0.000551732;0.000270659
1.87688e-08;7.30597e-08;0.999998;3.91471e-08;1.06046e-08;1.18554e-08;5.60468e-07;1.85452e-08;2.66962e-08;2.19677e-08;5.61801e-07;2.85446e-07;8.07981e-10;2.06237e-09
3.1133e-08;5.08662e-05;3.09597e-11;2.4545e-09;1.98846e-05;2.24789e-09;3.27125e-09;0.999921;6.97243e-08;4.02804e-09;1.08718e-08;5.4089e-07;7.24481e-06;6.60867e-08
4.91712e-08;0.00116062;0.998682;1.14862e-06;2.38715e-06;8.58962e-06;5.87528e-07;1.68549e-06;1.49768e-09;1.02062e-05;2.69394e-07;1.45054e-06;0.000127309;3.88617e-06
3.13657e-09;1.03493e-09;1;2.98154e-10;3.37743e-10;3.64583e-10;2.1485e-09;1.82004e-08;9.46051e-10;4.97693e-11;2.37119e-08;2.00002e-07;8.33048e-11;5.79134e-12
1.36212e-07;1.91526e-05;0.00018268;1.74108e-08;2.33632e-07;1.31326e-07;1.00009e-09;3.90542e-06;5.14518e-07;4.2105e-09;9.93352e-07;0.999783;8.29079e-07;8.61549e-06
2.5271e-06;0.98966;1.10291e-08;4.5513e-09;5.49989e-06;5.02437e-05;8.9115e-08;1.00324e-05;1.20966e-07;1.85768e-08;4.53718e-08;1.25832e-06;0.0101438;0.000125957
2.53247e-06;0.000286763;1.5396e-05;4.91707e-08;0.000704123;1.0882e-05;2.45336e-09;0.000237868;6.04658e-08;1.95448e-08;2.39546e-09;0.998099;9.86565e-05;0.000544756
9.7209e-06;0.000589949;8.6794e-08;6.55362e-08;1.21229e-06;2.95538e-07;7.94085e-08;0.998537;0.000528746;2.46503e-09;1.30498e-07;9.35215e-07;0.000331314;1.09687e-08
6.64184e-08;0.990825;2.74116e-10;1.99175e-08;8.70674e-08;2.67729e-09;1.35989e-07;0.00916861;8.1971e-09;4.93476e-07;2.13734e-11;2.61394e-09;7.53977e-07;5.01251e-06
9.20071e-10;2.15378e-08;0.999998;1.34406e-09;3.84845e-10;5.43201e-12;5.29114e-09;2.5607e-07;1.68954e-10;4.33641e-10;5.16093e-10;1.89191e-06;4.52977e-11;1.26659e-12
1.39853e-07;0.000106083;4.58559e-07;7.02412e-07;3.92372e-07;2.04341e-07;7.87657e-08;3.90839e-05;4.44191e-07;1.44236e-08;4.23249e-06;0.999806;3.77922e-05;4.76748e-06
1.04399e-07;0.0203991;1.34431e-08;2.19199e-08;1.39587e-05;3.41598e-06;1.33405e-08;0.00372778;1.26419e-09;3.86101e-08;9.87128e-09;1.30342e-06;0.975851;2.83325e-06
1.85658e-05;0.0138543;4.58212e-05;0.000807853;0.000227284;0.0996204;8.50741e-05;0.000635108;6.85964e-05;0.00429559;6.17095e-05;0.0330735;0.831422;0.0157846
1.41773e-05;0.00149186;0.992609;8.21625e-05;1.19413e-06;3.25956e-05;0.00505366;1.23102e-07;4.99647e-07;0.000541539;1.04928e-05;0.000157333;1.82497e-06;3.86723e-06
4.03627e-07;2.99488e-08;0.999983;4.69393e-08;8.58875e-08;1.46798e-08;9.83222e-06;5.76814e-07;5.76421e-07;2.34796e-08;4.31488e-06;1.63531e-06;5.79369e-09;1.29988e-10
3.8903e-07;0.999218;3.11551e-11;7.60834e-08;2.56338e-06;6.78692e-09;0.000118103;0.000616975;7.69803e-07;4.67803e-06;8.47056e-07;1.74186e-07;3.4642e-05;2.71602e-06
6.33376e-05;0.00608097;0.00236202;0.0047283;0.00779028;0.00413119;6.48089e-05;5.32745e-05;0.000192549;0.000707292;0.000336782;0.970429;0.000493001;0.00256769
5.85113e-05;0.998911;1.4095e-08;9.18239e-07;1.02882e-06;1.60244e-07;0.000118546;0.000121935;9.00519e-05;1.09817e-07;0.000297303;0.000217988;0.000172916;9.22071e-06
7.08264e-07;0.998891;2.17557e-11;9.85138e-09;1.0896e-07;2.66614e-09;0.00059585;0.000269445;3.39945e-08;3.02842e-06;2.96405e-08;1.73826e-08;9.89702e-05;0.000141288
1.2219e-08;1.56643e-09;0.999955;2.27608e-09;1.25211e-07;7.41944e-08;1.36019e-08;1.29771e-08;5.45919e-09;4.69201e-10;3.14083e-09;4.49074e-05;5.25327e-11;1.42537e-10
9.95312e-06;0.992364;9.13244e-07;4.7728e-05;5.85173e-06;3.05461e-05;8.36295e-05;0.000980399;0.0010795;4.69822e-07;0.00105263;0.000173326;0.00413945;3.16755e-05
5.32228e-06;0.991821;1.13781e-07;2.52468e-07;3.66805e-09;2.37152e-09;0.00632228;0.00170667;4.81174e-06;1.73086e-05;3.49158e-05;1.20575e-06;8.6025e-05;2.77545e-07
1.2785e-10;1.20141e-10;0.999997;1.56503e-09;1.40241e-09;9.59104e-11;2.80764e-10;4.67049e-09;1.86816e-10;1.802e-10;9.63016e-10;2.54199e-06;8.19228e-12;2.78247e-11
6.52962e-06;0.0060295;1.82014e-06;1.64263e-05;0.00018068;6.11159e-06;5.71915e-08;0.976726;6.30978e-05;6.1215e-07;9.47479e-05;0.0154369;0.00137499;6.23193e-05
3.66368e-08;0.983576;1.58314e-09;6.35641e-07;4.67565e-07;7.40094e-08;3.29604e-06;9.45038e-06;4.33065e-08;3.70857e-06;2.36806e-06;0.000282612;3.36527e-05;0.0160875
4.5664e-05;0.605295;3.60139e-07;1.32976e-05;5.67563e-07;1.1224e-05;0.0473923;0.0450547;0.00126093;1.4904e-05;0.0100449;3.01677e-08;0.290866;1.60592e-07
1.45338e-07;6.17131e-07;0.999995;2.6249e-07;1.34026e-08;2.3902e-09;3.25666e-07;1.32198e-06;1.17945e-07;4.35541e-09;1.41493e-07;2.45756e-06;1.61459e-08;6.73141e-11
4.57313e-06;0.0116347;0.000233098;1.37886e-05;3.46047e-06;2.028e-07;8.38781e-09;0.00150937;7.14078e-05;4.00952e-08;2.47241e-06;0.986401;6.15778e-06;0.000119453
0.000117099;0.00689898;1.00892e-05;6.27547e-05;7.51505e-05;0.000285789;2.11083e-06;0.000569373;0.00119975;7.14563e-06;0.000285577;0.00177926;0.986621;0.00208595
3.32612e-05;0.959496;1.39411e-09;8.79622e-06;7.42012e-05;9.14007e-06;6.07981e-07;0.00101327;7.10706e-06;1.4798e-06;1.50207e-05;0.0016191;0.000136387;0.037586
0.000503346;0.000357528;0.000518321;1.87697e-05;0.910222;1.2917e-05;1.04299e-06;0.0788844;4.06566e-05;2.83572e-07;8.32955e-07;0.000228659;0.000845256;0.00836647
7.64765e-07;0.000938135;7.99922e-07;6.16353e-09;9.73245e-05;1.77078e-08;1.86841e-08;0.998939;7.00106e-08;3.2816e-08;5.21326e-10;3.7483e-08;2.33423e-05;3.5129e-07
5.13321e-07;2.90388e-05;0.999834;4.85351e-07;8.28477e-05;6.10734e-06;2.15218e-11;1.85771e-07;9.71347e-11;5.37584e-08;2.42506e-09;4.08283e-05;2.20227e-07;5.5322e-06
3.70651e-06;0.994506;7.87405e-07;3.98243e-07;1.77179e-06;6.10065e-07;3.94502e-06;0.00524351;0.000121934;4.5678e-08;1.12727e-05;4.35872e-05;6.08395e-05;1.45347e-06
