2.19726e-05;0.994025;0.0041875;6.62885e-05;4.46676e-06;3.87687e-06;2.28314e-06;0.000808956;2.30638e-07;7.87343e-06;2.20481e-07;0.000355235;0.000227676;0.0002883
0.00011444;0.386185;0.00617111;0.000346046;0.000154962;0.000101252;0.000149861;0.604176;0.000113854;4.50535e-05;0.000135606;0.000159507;0.00158356;0.000563326
0.00274513;0.0498766;0.00015405;0.00367261;0.01356;0.240903;0.000630545;0.0473433;0.0210762;0.000264504;0.0733192;0.0339404;0.343507;0.169007
0.00343954;0.83796;1.24773e-08;0.000768945;0.0153378;5.50482e-05;5.99033e-05;0.120086;0.00245284;0.000120979;0.0038572;0.0131054;0.000594129;0.00216159
0.0200009;0.155229;0.201036;0.00617193;0.0165765;0.00449659;3.87954e-05;0.0149616;0.000209624;7.95415e-05;0.00370165;0.507806;0.0264614;0.0432304
5.16003e-05;0.984999;1.65922e-09;2.87234e-08;9.54741e-07;1.65722e-06;0.000192589;5.62799e-05;2.17424e-07;5.019e-06;5.06542e-07;5.08968e-08;0.000407542;0.0142844
5.06568e-11;4.50835e-13;1;6.36087e-12;1.70574e-09;1.83302e-09;7.72126e-12;1.05943e-11;1.81825e-12;1.15898e-12;1.53502e-11;1.99647e-07;1.33192e-13;2.55083e-11
4.95889e-06;0.938094;3.28576e-06;8.25915e-06;1.86262e-05;5.98687e-05;0.00687094;0.0503478;0.000279421;2.25703e-05;8.93052e-05;1.48282e-08;0.0039131;0.000287677
1.53202e-10;2.17768e-10;1;1.16341e-09;3.53336e-10;1.7214e-09;2.02354e-10;9.10891e-09;6.69961e-10;1.24251e-10;1.13288e-09;1.51283e-08;3.07011e-11;9.15299e-12
1.7826e-07;0.000218726;0.9971;6.06055e-07;6.65953e-07;6.51054e-07;1.19558e-08;6.23385e-05;1.78272e-08;2.65152e-08;1.05581e-07;0.00258365;4.23842e-06;2.88178e-05
3.44118e-06;0.000255576;7.49697e-07;1.99743e-05;0.976869;0.00416651;7.05709e-07;0.00593466;2.83591e-05;3.50441e-06;0.000177731;2.2531e-05;7.54054e-06;0.01251
0.000113553;0.123728;0.299471;0.00042652;0.387107;0.0343252;2.45808e-06;0.0139184;2.2732e-07;7.0517e-05;2.62799e-05;0.133305;0.00374925;0.00375702
0.000915664;0.399081;0.0027963;1.48784e-05;4.67407e-05;0.000634802;8.01551e-06;0.0387221;0.000379012;1.17803e-07;0.00415021;0.00519938;0.548051;7.46623e-07
4.08828e-07;0.999734;3.53749e-09;8.45651e-08;3.97961e-08;1.85787e-07;6.18508e-06;0.000151523;2.44534e-08;8.27217e-06;5.36085e-08;4.79677e-08;9.77936e-05;1.31383e-06
1.48641e-10;2.66088e-10;0.999982;2.72702e-09;3.01624e-10;1.57764e-10;1.18383e-09;7.09321e-09;1.37689e-10;2.3978e-10;1.90944e-09;1.83892e-05;3.69405e-11;4.53975e-12
3.38386e-05;0.0231176;4.35563e-06;9.70847e-05;0.00139893;1.45498e-05;5.30351e-06;0.962249;0.00102294;1.42673e-06;0.00448768;0.00451945;9.65284e-05;0.00295091
2.98903e-07;0.736798;1.08099e-10;1.52224e-07;7.03932e-08;3.1971e-09;0.000106397;5.16476e-06;1.76613e-07;3.21322e-06;8.36956e-07;5.73793e-08;9.9422e-07;0.263085
4.31766e-05;0.00294226;1.38755e-05;2.26797e-05;1.32404e-07;7.58608e-08;0.262088;2.75777e-05;0.15148;3.84001e-07;0.58286;5.66203e-05;0.000465427;1.97854e-08
0.000222558;0.954048;4.62872e-07;0.000262031;8.14353e-05;4.3802e-05;0.000157915;0.00180606;0.000772613;1.88722e-05;0.000967651;0.0281354;0.0120162;0.00146682
1.59417e-05;0.0268598;1.24609e-05;7.10545e-06;1.47546e-05;3.74756e-06;6.48608e-08;0.00158208;1.21556e-06;6.10363e-08;3.18109e-06;0.967935;0.00298661;0.00057769
9.42921e-06;0.0814693;2.2239e-09;6.47588e-05;0.00309383;2.23654e-06;7.32431e-06;0.912921;0.000368133;8.35355e-06;0.000180212;0.00047264;5.2576e-05;0.00135024
5.23066e-05;0.0800866;0.914588;0.000552787;0.000932012;8.18524e-05;7.28375e-06;9.68886e-05;3.66588e-06;1.93258e-05;7.24487e-05;0.00124288;0.00115262;0.00111121
0.000463964;0.198949;4.28916e-07;1.80519e-05;0.000140007;0.000104849;5.481e-05;0.565072;0.0188162;3.23298e-06;0.0494096;0.00347166;0.163312;0.000183471
2.38502e-05;0.923407;1.46746e-08;1.21533e-06;1.01575e-06;4.39177e-06;1.20923e-06;7.54484e-06;1.43062e-06;4.98587e-07;7.74514e-06;0.0225027;0.0540375;4.00159e-06
7.43093e-05;0.0136325;0.000192508;3.28289e-07;0.000129279;6.03566e-06;1.18782e-09;0.00243088;4.31644e-07;1.1223e-07;1.03154e-08;0.981429;0.00197485;0.000129607
5.5444e-05;0.153537;1.66046e-07;9.77866e-06;9.72532e-05;0.0004348;8.26828e-06;0.805641;0.00116628;4.66545e-06;9.98291e-06;0.000324891;0.0384779;0.00023281
0.000452954;0.0344546;3.15354e-08;0.000135502;0.000529745;0.000333102;5.13672e-06;0.934168;0.00248695;4.17849e-05;0.000198965;0.000165436;0.0268155;0.000212709
0.000307288;6.17684e-05;3.02018e-06;1.85886e-06;3.82247e-06;7.0955e-08;3.50145e-07;0.998814;0.00077363;1.90158e-07;8.86961e-06;1.83652e-05;5.54536e-06;9.7041e-07
7.253e-07;0.989522;7.22538e-08;1.77102e-06;7.67354e-07;5.81867e-08;1.59405e-06;2.43842e-06;1.20503e-08;5.69674e-05;7.04481e-09;2.42145e-07;2.61671e-08;0.0104133
9.17202e-09;9.22412e-08;0.999999;2.51541e-09;6.59796e-09;1.01891e-07;8.08541e-07;4.85679e-08;2.72561e-09;1.59419e-08;2.63487e-08;9.09814e-10;2.22103e-08;1.12801e-09
3.10649e-09;5.34461e-10;1;6.60383e-10;1.92373e-10;1.90679e-10;3.15876e-10;3.79147e-08;1.72073e-09;8.11073e-11;1.21636e-09;8.38885e-08;1.50234e-10;1.93073e-13
2.28112e-06;5.14881e-05;0.000374491;5.48392e-07;3.79058e-06;9.19882e-07;1.13018e-09;9.275e-05;1.16277e-05;6.02727e-08;7.11574e-07;0.999414;5.15153e-07;4.67499e-05
9.8924e-06;0.995757;4.54903e-09;1.56678e-08;2.34309e-06;1.29654e-05;1.14723e-06;1.76378e-06;2.33998e-07;1.28062e-07;1.4947e-07;4.096e-07;0.0039033;0.000310755
4.319e-07;2.7174e-05;2.33615e-05;3.01526e-08;6.11128e-05;9.03834e-07;8.94999e-10;0.000143419;3.59502e-08;2.47206e-09;3.65229e-09;0.999725;1.13543e-05;6.78886e-06
4.58966e-06;0.00842945;9.79614e-09;1.94408e-08;1.25721e-06;5.32808e-07;1.13835e-06;0.991353;1.42018e-05;7.16797e-08;7.41943e-09;6.40231e-10;0.000195134;2.19276e-07
2.94167e-09;5.18655e-09;0.999993;1.66562e-09;2.18072e-09;1.71206e-10;8.7103e-11;6.47026e-06;2.68374e-10;4.61434e-11;6.37171e-11;3.10269e-07;2.76449e-09;9.9294e-12
8.96039e-08;0.00147579;0.00334606;1.2485e-07;7.47302e-08;1.41414e-08;6.84945e-09;2.95849e-05;8.35799e-10;4.6401e-08;9.21686e-11;0.0027288;1.01756e-06;0.992418
3.66713e-06;0.00126954;4.09491e-09;1.76855e-06;0.00388865;0.000117666;1.10331e-06;0.993006;2.39919e-05;1.66855e-06;1.45917e-06;2.2063e-05;0.000632304;0.0010301
3.62297e-06;6.62875e-05;0.998298;9.06453e-06;0.000660114;0.000214278;2.02269e-07;8.31852e-05;2.2258e-07;7.16711e-07;7.58811e-07;0.000607591;2.93225e-05;2.63145e-05
1.68527e-05;0.976583;1.48704e-08;7.62767e-08;0.000223683;5.91027e-05;5.54684e-05;0.019741;4.58974e-07;3.06139e-06;2.92183e-07;3.91838e-06;0.000499489;0.00281402
1.49048e-09;3.37493e-10;0.999995;2.83728e-11;3.83844e-08;1.18086e-10;1.16411e-11;1.27456e-08;5.56429e-12;1.42167e-11;3.0434e-12;4.55915e-06;5.45763e-11;1.16062e-11
2.39673e-05;0.204232;2.91695e-06;1.3074e-06;0.00066349;4.1705e-05;1.51213e-06;0.782588;1.54e-06;4.45431e-07;1.02291e-06;0.00879254;0.00160734;0.00204183
4.48349e-05;0.00311173;1.59116e-07;5.28929e-06;0.00407481;0.00188692;6.33689e-06;0.0329049;8.26823e-07;3.21276e-06;1.14813e-05;0.877267;0.0746584;0.00602374
1.36018e-05;0.674195;3.66577e-08;1.46728e-05;3.70868e-06;5.38704e-06;0.0060406;0.000180018;4.72142e-06;0.00152654;6.66537e-07;8.49222e-07;8.75325e-05;0.317926
1.38781e-09;2.83226e-10;1;4.7389e-09;5.50655e-11;2.48156e-10;9.17243e-08;4.75815e-10;5.83893e-10;1.16359e-09;1.30596e-08;6.99473e-08;7.92462e-12;1.58892e-11
1.35244e-06;0.00128215;2.08141e-10;6.44293e-08;1.50396e-05;2.59499e-08;3.87864e-07;0.998688;1.3521e-06;1.39389e-07;2.03903e-07;4.26751e-07;9.5895e-06;1.40695e-06
5.5926e-07;0.000119752;0.996619;2.80561e-06;3.58943e-06;6.10713e-05;3.01388e-08;1.25464e-06;1.47825e-08;1.80839e-06;5.99155e-07;0.00255872;0.000628027;2.91228e-06
3.51057e-05;0.995666;2.90597e-08;1.28061e-07;1.14011e-06;2.3456e-06;0.00271802;0.00142034;4.53184e-06;1.35496e-05;1.8021e-05;6.09888e-07;7.58129e-05;4.43685e-05
7.3014e-08;2.17487e-07;0.999994;3.71078e-08;1.70542e-07;3.81476e-08;1.85765e-06;1.27514e-07;7.63989e-08;1.06553e-07;5.88704e-08;3.68535e-06;2.05056e-09;1.62314e-09
6.33089e-06;0.999094;8.90946e-07;1.6501e-06;4.35497e-07;6.95128e-08;4.60892e-06;0.000792084;9.0484e-07;2.44284e-07;3.35594e-07;4.85678e-06;9.19901e-05;1.34788e-06
2.41132e-05;0.00779835;2.50418e-07;6.52677e-06;3.27758e-05;1.25082e-05;1.44844e-05;0.114377;1.32068e-06;1.66341e-06;2.36841e-05;0.161584;0.715607;0.000516335
2.34758e-06;0.0609245;1.12057e-08;2.67204e-05;3.33861e-05;4.02318e-05;0.00272355;0.00346684;8.78993e-06;0.00136953;1.3438e-05;2.10722e-07;0.000110295;0.93128
1.19061e-10;1.37747e-09;1;4.53382e-10;1.02006e-10;5.03847e-11;2.40926e-09;2.38764e-09;1.09914e-11;9.15943e-11;1.31179e-09;6.80094e-10;2.47565e-12;2.20657e-12
8.00172e-05;0.0884005;1.56119e-05;2.60613e-05;0.000562968;0.000116168;1.00243e-05;0.845439;0.000292245;5.80433e-07;0.000562654;0.0244222;0.0397533;0.00031867
1.08133e-06;0.00211169;3.36258e-10;2.85324e-07;4.39247e-06;5.42995e-06;1.67509e-06;0.000157305;8.64071e-08;1.37779e-07;9.57059e-06;0.000370647;0.997327;1.10525e-05
0.00463433;0.0169432;0.0174528;0.141302;0.689418;0.00577053;0.000410547;0.00717107;0.00122193;0.00146739;0.00112862;0.00472092;0.00166942;0.10669
0.00311372;0.570035;6.71447e-10;7.47818e-06;0.00011176;6.0027e-08;9.14966e-06;0.4153;0.0103068;8.78451e-07;0.000551262;4.2158e-05;0.000518859;2.24974e-06
0.00244228;0.00699437;0.0377311;0.000459459;0.00812535;0.000118763;2.21279e-06;0.0252422;6.16744e-05;1.90547e-05;5.68609e-06;0.915557;1.78465e-05;0.00322314
0.000205048;0.00111189;4.23373e-05;3.22639e-05;7.84917e-07;5.85252e-07;0.000246592;8.21871e-05;0.987289;2.72131e-07;0.010895;9.36072e-06;8.42772e-05;3.34622e-07
1.5434e-07;0.999817;1.77443e-12;9.96579e-08;4.69592e-11;4.11569e-10;0.00012293;2.4379e-05;1.69062e-05;5.52985e-06;8.85996e-07;3.86569e-10;3.10428e-06;8.72492e-06
2.66262e-10;1.43415e-09;0.999981;2.53809e-08;9.30301e-10;2.56087e-11;2.36484e-09;1.58514e-09;1.88336e-09;3.04492e-10;1.56095e-09;1.85797e-05;1.10289e-12;2.86731e-11
0.000149863;0.144831;0.000138447;0.00120615;0.000237519;1.64909e-06;3.57263e-05;0.848804;0.00182616;9.91459e-06;0.000336806;0.0016861;9.53681e-05;0.000641301
9.32297e-05;0.00011599;5.56627e-05;2.2849e-06;0.00113248;1.12089e-05;2.50743e-05;0.994659;0.000347259;2.6082e-05;0.000127063;1.58416e-06;0.00340099;2.46534e-06
2.82576e-06;0.000448344;0.999208;1.03121e-06;0.000192665;1.58244e-05;1.21513e-09;1.37621e-06;3.14989e-08;1.50429e-07;2.20167e-07;0.000118431;6.92336e-07;1.0928e-05
8.68123e-06;0.960442;1.81947e-05;1.48382e-06;1.89334e-05;3.98701e-06;4.37791e-06;0.0367131;0.000815223;2.51571e-07;0.000642659;0.000283555;0.000975383;7.26256e-05
