1.17853e-05;0.963515;8.23598e-08;0.00034558;0.000140605;0.000145965;9.86988e-07;0.0288282;0.00018057;1.44114e-05;9.14889e-05;0.00325114;0.00274607;0.000727823
8.2219e-05;0.0133721;0.000176947;0.000121533;4.19325e-06;1.43027e-05;1.53479e-06;5.67458e-05;3.52189e-06;1.01376e-05;3.22368e-05;0.985734;0.000258078;0.000132325
0.000102566;0.897151;4.31113e-07;1.90913e-06;6.55835e-07;6.74265e-07;9.25228e-06;1.17001e-05;6.63974e-06;1.4461e-07;3.00552e-06;0.00337562;0.0993302;5.99181e-06
2.69436e-05;0.67668;3.46051e-05;1.66435e-05;0.00122035;0.000295622;2.41352e-05;0.0355715;8.94632e-07;5.08673e-05;3.57058e-07;0.0435094;0.00182768;0.240741
1.05898e-05;0.0706989;1.45046e-05;2.40942e-05;7.75119e-05;0.00153343;8.30137e-06;0.000279473;4.38307e-06;2.15096e-06;3.09966e-06;0.918392;0.000344375;0.00860707
9.77891e-07;0.997768;5.87098e-10;1.03752e-07;2.156e-08;1.05921e-07;0.00110779;0.000123034;1.24876e-06;2.65904e-06;1.12591e-07;6.24484e-08;8.47409e-05;0.000911248
1.19823e-10;1.10971e-10;1;1.01708e-10;1.66026e-10;1.41347e-10;4.35643e-09;2.49189e-10;9.88668e-11;1.85957e-10;3.40972e-10;2.99034e-07;6.64166e-14;1.46033e-12
5.05775e-07;0.998639;9.45463e-08;4.1676e-09;6.12679e-09;1.40684e-08;6.45254e-07;5.26798e-06;6.11295e-08;1.4847e-08;2.46577e-08;5.43535e-06;0.00134852;3.00151e-08
1.84017e-05;0.00974029;0.000277945;3.70808e-05;7.21419e-05;0.000298648;5.90805e-06;0.00269821;8.53049e-05;6.89024e-07;0.000156794;0.933968;0.001588;0.0510527
5.9522e-06;0.944087;6.39245e-07;5.28787e-06;1.73897e-05;6.34724e-06;7.91854e-07;0.0244592;2.46142e-05;4.00042e-08;2.09293e-05;0.00233592;0.0289511;8.45728e-05
1.64852e-05;0.0996651;4.67039e-06;1.77828e-05;6.26531e-05;9.82947e-06;1.2484e-05;0.000532739;3.05297e-06;3.77047e-06;2.35895e-06;0.0832143;0.00619829;0.810256
2.96926e-05;0.0361637;4.77868e-05;7.30433e-06;9.26259e-06;8.91108e-06;2.87926e-06;0.942639;7.43698e-06;6.14809e-07;1.20944e-06;0.012292;0.00760827;0.0011819
0.00010523;0.964032;0.000398209;7.73401e-05;4.08725e-05;2.56849e-05;0.000106798;0.000185195;1.98337e-05;2.4207e-07;1.50156e-05;0.0287279;0.00305811;0.00320782
6.4782e-05;0.884502;3.63378e-07;7.15108e-06;2.44867e-05;3.29015e-05;4.14117e-07;0.0486846;9.16534e-07;1.11638e-06;2.83371e-07;0.00495262;0.0568437;0.00488502
2.27784e-06;0.0065753;9.5678e-08;1.89757e-07;7.54361e-07;8.48632e-06;3.33505e-08;0.00391784;2.11874e-07;9.6218e-08;4.7493e-07;5.884e-05;0.989435;8.038e-07
0.000126736;0.546386;0.435911;0.00113928;7.20074e-06;0.000647867;0.00208411;0.000145527;2.90117e-05;0.00170614;2.36199e-05;0.0038053;0.00686402;0.00112339
4.15692e-09;5.24965e-09;0.999995;1.34057e-08;5.20961e-10;5.64277e-10;3.37784e-08;8.50684e-08;9.63924e-09;2.40636e-09;5.24289e-08;4.36349e-06;6.71113e-10;1.50217e-11
1.39881e-05;0.339974;0.0057395;3.45184e-05;1.47037e-05;2.0933e-06;0.0127236;0.00208396;3.37366e-05;0.00328694;0.00026776;0.00267747;2.49024e-06;0.633146
8.69978e-10;7.37993e-07;0.999918;1.31164e-09;2.06452e-08;1.02304e-09;1.86882e-08;4.57593e-08;3.83619e-11;1.95424e-10;2.31722e-09;8.1527e-05;1.10036e-10;1.86718e-09
1.85497e-05;0.93183;9.07374e-08;1.41274e-05;5.50993e-05;2.67612e-05;2.32554e-05;0.0159237;6.29022e-06;9.95146e-07;1.23775e-05;0.000295416;0.00834367;0.0434497
1.00857e-05;0.942549;0.00103176;5.97465e-07;2.86837e-06;5.0809e-05;1.96511e-05;0.0241819;8.32084e-08;7.98611e-07;1.54915e-06;0.0109477;0.00450061;0.0167029
3.87958e-07;0.0301733;2.48573e-05;8.89749e-07;0.000377577;0.000347572;2.19399e-07;0.00346007;1.9936e-08;7.06276e-10;1.50269e-07;0.960584;0.000866467;0.0041642
1.31321e-08;0.996107;6.20815e-11;2.2083e-09;9.28679e-09;1.67769e-08;5.17294e-06;0.000346479;1.08534e-10;2.28336e-07;3.26641e-11;6.17608e-09;6.70679e-05;0.00347401
3.38949e-12;1.56555e-10;1;2.32495e-11;8.51129e-11;4.71546e-10;2.86595e-11;5.23349e-11;3.63112e-14;4.48915e-12;6.85456e-13;1.69225e-08;1.36206e-12;2.98052e-11
1.41846e-06;0.0135938;7.14213e-08;8.52254e-07;2.06757e-06;9.30402e-07;1.78254e-07;0.0132043;1.11902e-06;7.4506e-08;3.38125e-05;0.00137948;0.97178;1.49747e-06
0.000136979;0.0690345;2.79071e-05;4.47026e-06;7.77708e-05;9.08332e-06;2.43268e-06;0.559426;3.44177e-06;3.00948e-06;2.84552e-05;0.315899;0.0547351;0.000611587
5.46827e-06;0.0376449;9.85092e-05;6.30803e-05;7.5777e-06;5.41569e-05;1.60549e-05;0.000420271;1.40038e-05;3.17496e-06;0.00012148;0.957135;0.00386259;0.000553261
3.85487e-05;0.903476;0.00743545;5.76876e-05;4.1991e-05;3.43538e-06;1.45918e-05;0.0847573;1.14893e-06;3.25132e-05;1.02799e-05;0.00271277;0.000647033;0.000771457
0.00127166;0.195645;0.000273313;7.30145e-05;0.00426968;0.0115588;9.21332e-05;0.0121339;0.000317566;4.4826e-05;0.000699172;0.330604;0.361651;0.0813655
8.85954e-05;0.916976;6.1146e-08;4.96979e-06;2.16044e-05;3.55328e-06;0.0532741;0.000723416;0.000117938;0.000551795;1.17539e-05;1.0072e-05;0.000236187;0.0279797
4.94731e-08;1.26769e-07;0.999998;2.48195e-08;7.85068e-09;3.13754e-09;1.02044e-06;6.5697e-08;2.12866e-07;2.55213e-08;3.76931e-08;2.79715e-07;1.10933e-11;1.78211e-10
1.26704e-06;8.04756e-06;2.2441e-10;1.24251e-09;7.66754e-07;5.08641e-09;4.53683e-09;0.999972;1.58136e-05;8.20598e-10;5.32462e-08;3.65362e-07;1.49599e-06;3.15795e-09
2.7228e-05;0.0302078;2.75781e-05;1.01893e-05;0.0238256;0.00327983;3.79156e-07;0.00107062;6.48576e-07;3.00635e-06;8.4614e-07;0.517219;0.00113545;0.423192
1.63012e-05;0.0632625;5.98871e-06;1.54781e-06;4.81212e-05;2.54331e-05;9.3522e-07;0.0474734;1.52573e-07;2.22441e-07;7.63045e-07;0.00445367;0.883391;0.00131997
2.79436e-08;0.0280202;5.6563e-08;5.88084e-06;5.23444e-07;5.09026e-06;0.000254232;3.77613e-07;7.42175e-08;0.000198107;1.55174e-08;2.83132e-08;1.00766e-06;0.971514
1.60839e-11;8.45598e-12;1;7.10273e-10;6.33196e-12;2.21054e-12;1.2147e-08;7.51245e-11;2.85424e-11;6.77185e-11;3.8048e-10;3.06575e-09;8.12412e-15;9.31418e-13
8.3426e-07;0.988933;4.1616e-10;9.45119e-07;3.9626e-09;2.99662e-09;0.0101531;2.47738e-05;4.67009e-07;3.59001e-05;2.2776e-06;8.30078e-09;6.74741e-06;0.000841931
4.04126e-12;5.27911e-12;1;3.25945e-10;8.14784e-12;4.08585e-13;8.62517e-11;6.98253e-12;2.91379e-12;6.35391e-12;2.75682e-10;3.21507e-07;1.23341e-14;3.21913e-12
1.91392e-06;0.000821671;9.74627e-06;1.96384e-06;4.40087e-06;2.24124e-09;3.01251e-07;0.994228;4.98406e-07;2.46287e-08;3.23557e-06;0.00492433;4.10328e-07;3.69263e-06
1.37925e-06;0.0176123;6.82056e-06;3.29183e-05;0.00572993;1.06638e-05;9.75054e-06;0.971489;2.07858e-05;2.48686e-05;6.13205e-05;1.23259e-06;0.00493539;6.38076e-05
6.07652e-07;7.49509e-05;0.952002;5.40358e-06;3.10868e-06;2.09947e-06;1.11009e-09;1.53108e-06;1.24051e-08;3.79357e-07;1.00407e-06;0.0478843;2.52586e-06;2.17029e-05
6.11926e-05;0.880616;6.71757e-06;6.09314e-05;7.60469e-05;7.36189e-05;0.000268194;0.0972354;0.0101514;4.77596e-06;0.00954496;3.51858e-05;0.000565856;0.00130024
