5.47074e-06;0.997869;6.34868e-09;2.27652e-07;1.34128e-06;1.20617e-07;0.000102099;0.00162506;6.46734e-07;9.56261e-06;3.31443e-07;1.93912e-08;0.000303889;8.17349e-05
4.97369e-10;2.16181e-09;1;5.06347e-10;5.57152e-10;1.69188e-12;1.97154e-09;1.03829e-09;2.09421e-10;6.20687e-11;1.45356e-09;2.77189e-07;8.89457e-12;3.17889e-11
8.42937e-07;0.000264322;0.0946597;6.32692e-07;3.66595e-05;2.14288e-08;3.7662e-08;0.000731753;4.64676e-07;7.12898e-08;3.1786e-07;0.876442;3.36864e-07;0.0278626
1.2396e-05;0.0976404;3.05933e-07;7.44945e-06;0.00179645;0.000149837;3.00461e-06;0.107538;4.3236e-05;6.23798e-07;1.12657e-05;0.000405944;0.0216392;0.770752
0.000169107;0.0385182;0.00185479;0.000366937;0.00537855;0.00321619;6.15399e-06;0.11049;0.000185126;4.29426e-06;8.64521e-05;0.59296;0.115805;0.130959
4.28168e-06;0.637666;1.81378e-07;1.49558e-07;0.00021281;0.000128864;2.35573e-09;0.233452;4.25803e-08;1.58044e-08;2.81744e-09;0.000119023;0.125285;0.00313177
1.72444e-06;0.704732;2.92515e-06;6.43964e-07;4.83073e-05;8.21941e-05;1.57789e-07;0.022296;1.22495e-08;2.58216e-06;1.81671e-08;9.42952e-05;0.267841;0.00489863
9.78801e-11;1.8246e-11;1;2.52211e-10;3.43982e-10;2.64447e-10;5.2707e-11;7.22819e-10;5.08379e-12;1.63121e-11;1.33274e-10;3.72774e-08;1.19707e-10;1.43067e-12
2.17654e-06;0.00295868;0.00715374;6.9377e-06;1.14389e-05;6.52668e-06;1.21168e-06;0.00169332;4.43311e-06;4.98329e-06;1.9452e-05;0.987819;7.17325e-05;0.000246066
9.59551e-06;0.460556;2.83942e-07;1.08968e-05;9.60162e-05;0.00667689;2.66691e-05;0.00386237;4.95952e-05;8.87068e-06;0.000839595;2.56766e-06;0.527728;0.000133017
6.07194e-06;0.0273874;0.0648248;0.00131171;0.00843977;7.05907e-05;4.36054e-07;1.99136e-05;2.22645e-07;3.79939e-06;4.27809e-06;0.894713;7.02183e-05;0.00314762
2.14441e-05;0.133808;1.53022e-09;7.20342e-05;4.18119e-05;0.000115744;2.53129e-06;0.0292876;0.000272026;3.49022e-07;0.000314774;3.44497e-05;0.836015;1.39199e-05
2.59999e-07;0.998774;9.42205e-05;4.6493e-07;8.67002e-07;1.09813e-06;5.15012e-09;0.000187217;3.06326e-11;1.14022e-08;8.55636e-11;9.20775e-06;2.92513e-05;0.000903483
1.20111e-05;0.0381363;2.38297e-09;0.000165934;0.000102897;8.03186e-05;1.89804e-06;0.0105007;2.75651e-05;8.9662e-06;7.06221e-05;5.45598e-05;0.950095;0.000743627
0.000646429;0.774204;0.00163258;0.18175;6.53074e-06;1.94084e-05;0.000811885;5.76505e-05;0.00289686;0.000105101;0.0225114;0.0149651;0.000365933;2.68334e-05
0.000280417;0.983128;7.85583e-08;5.47271e-05;1.17197e-07;1.23529e-07;1.25896e-05;0.000236927;4.78279e-05;1.51676e-06;0.000170326;1.53068e-05;0.0160471;4.56659e-06
2.74278e-07;2.48347e-05;3.48916e-09;3.09782e-07;0.000230737;4.63349e-08;6.15115e-09;0.999741;4.11383e-07;5.38764e-07;2.89217e-07;1.28884e-06;2.45395e-07;3.81007e-07
4.13208e-08;2.77515e-06;0.999991;3.87301e-06;2.41171e-08;2.05628e-07;5.16524e-09;4.11516e-09;2.20696e-08;9.27029e-07;5.76228e-07;1.58774e-07;1.83873e-08;4.71283e-07
0.00393762;0.0159713;0.000120487;0.000132075;1.19943e-05;5.03235e-05;0.000707668;0.00717059;0.10058;7.04422e-05;0.863394;0.00187186;0.00595151;3.07246e-05
