8.27757e-06;0.923291;2.91942e-07;3.37001e-06;2.23448e-06;4.37688e-05;6.36754e-05;0.031829;6.95262e-06;8.07056e-05;1.1862e-06;7.14677e-06;0.0445934;6.84398e-05
2.53219e-10;9.03918e-10;0.999998;6.45116e-10;3.76837e-09;3.4182e-10;1.08624e-10;2.65712e-09;2.55804e-11;1.21146e-10;3.7722e-11;2.0662e-06;3.08213e-12;2.40523e-11
1.00051e-05;0.993628;3.28886e-05;1.3266e-05;3.6735e-06;8.39205e-07;0.000183068;0.000940264;3.35301e-06;6.31258e-07;1.42258e-05;0.000168274;0.00499995;1.46221e-06
1.02268e-05;0.984471;1.04759e-05;2.64829e-06;1.8873e-05;6.73801e-05;0.000338295;0.0083313;7.61226e-06;2.77093e-06;5.74858e-05;0.000454724;0.0055474;0.00068014
0.000117444;0.430127;4.31918e-05;0.000156926;0.00286652;0.00610573;8.02466e-06;0.0586428;0.000148288;7.19755e-06;0.000119073;0.0146896;0.482823;0.00414558
8.13564e-05;0.100848;0.000154069;0.000260651;0.00221377;0.000189429;5.52287e-07;0.00373174;0.000671631;1.77591e-06;9.0381e-05;0.874732;0.01589;0.00113485
0.000189725;0.08104;0.000432387;8.92473e-05;0.00117005;0.000528301;7.51481e-07;0.0160211;0.000386465;2.23933e-06;5.36893e-05;0.0893847;0.810395;0.000306203
0.000424304;0.385302;3.27135e-06;0.00219483;0.00688911;0.00802469;4.32977e-05;0.296209;0.0965238;0.000622165;0.00421558;0.00974972;0.187779;0.00201858
6.83888e-05;0.911611;8.26835e-06;3.2356e-06;1.44087e-07;3.82237e-06;3.58996e-05;8.39299e-06;2.93956e-05;3.49623e-07;2.04519e-05;0.00365329;0.0845572;5.49435e-08
0.00113362;0.432742;3.25983e-05;0.000163966;0.00130589;0.000498657;1.27387e-05;0.0294055;0.00179339;3.43704e-05;6.40843e-05;0.48289;0.0447066;0.00521647
0.000500553;0.19956;2.34684e-06;0.000737285;0.0165365;0.00196529;0.00101977;0.00720569;0.00195756;0.000107768;0.000839368;0.00264914;0.00329598;0.763623
0.000242448;0.876332;9.47848e-06;8.14253e-05;1.83901e-05;9.65101e-07;0.000283723;0.000183298;0.000557961;4.67514e-06;0.000144818;0.115973;0.00497478;0.00119301
0.000212867;0.74803;1.61272e-07;7.47052e-05;0.000139949;3.01157e-05;4.96628e-05;0.0317365;0.000594566;3.24703e-05;0.000173629;0.210945;0.00753705;0.000442779
8.22264e-06;0.776548;2.98222e-07;1.23207e-06;1.39362e-08;2.46025e-07;7.12254e-07;4.51127e-06;2.47966e-06;1.87217e-08;1.85942e-06;0.200904;0.0225285;1.09465e-07
2.55294e-05;0.0572126;9.53899e-08;8.0932e-06;0.000410356;0.000669245;4.53922e-08;0.006734;9.43245e-06;1.14915e-06;9.74508e-07;0.910776;0.00587732;0.0182747
4.58762e-06;0.0158534;2.50769e-09;3.50259e-07;1.86712e-05;1.20283e-05;8.5397e-07;0.00150146;5.91885e-07;1.76765e-07;2.0209e-06;6.70666e-05;0.982514;2.47154e-05
4.2864e-06;0.0160084;9.0515e-07;9.39913e-05;6.08942e-05;1.65096e-06;3.623e-07;7.72986e-05;0.000104472;2.27463e-07;4.46118e-05;0.981843;0.000256047;0.00150413
0.000244299;0.867118;1.78544e-06;0.00122821;1.45877e-05;3.2218e-05;0.000900741;0.00193494;0.000743414;1.18464e-05;0.00279903;0.0357586;0.0891207;9.1727e-05
2.37182e-05;0.000406847;2.34683e-08;3.11003e-08;1.14974e-05;1.51666e-07;5.89895e-09;0.994901;1.96416e-07;6.18538e-09;4.43659e-08;0.00449664;0.000150808;9.2483e-06
5.2846e-06;0.974257;1.64171e-05;1.67681e-05;0.000228245;0.000568553;0.000156363;0.0157118;8.88224e-06;0.000126221;1.50198e-06;2.81269e-05;0.00214166;0.0067334
1.63627e-10;1.82366e-10;1;1.06717e-09;8.24353e-11;1.71739e-10;5.42536e-10;1.7526e-09;1.16577e-10;7.33553e-11;1.06565e-09;1.58278e-07;8.94455e-11;9.98911e-13
1.74775e-06;0.000808424;0.00744701;3.6265e-06;2.25923e-06;5.62844e-07;1.10105e-07;2.34403e-05;1.19069e-05;3.72933e-07;1.2338e-05;0.99163;9.00309e-07;5.71408e-05
4.39037e-05;0.761842;2.53044e-08;3.21161e-06;2.07917e-05;0.000692982;0.204519;0.000634722;2.49742e-05;0.00210382;6.50126e-05;1.06249e-09;0.010749;0.0193002
9.81308e-10;1.17078e-09;1;2.56275e-10;4.45801e-09;7.58697e-10;3.90329e-09;9.94193e-11;6.35497e-11;4.35112e-11;1.99766e-11;2.41904e-08;1.07015e-12;1.59815e-10
2.525e-05;4.28425e-05;3.20796e-07;3.81198e-07;0.00504075;1.26117e-06;1.1217e-07;0.994412;4.66974e-06;2.26647e-09;5.61449e-08;0.000100128;2.74829e-05;0.000344862
4.0561e-07;0.000424329;1.44047e-05;2.2876e-08;0.000889685;3.59531e-07;9.16365e-09;0.998655;6.0756e-09;1.51267e-07;6.35052e-10;1.10107e-08;1.3886e-05;1.86937e-06
9.13673e-07;3.61466e-05;0.999768;3.98518e-07;3.81357e-05;5.54572e-06;9.8283e-11;1.44481e-06;4.57997e-10;4.47858e-08;1.53782e-08;0.000142314;1.92567e-06;5.28563e-06
1.45073e-06;0.998308;1.30131e-06;2.30891e-07;1.03221e-06;2.63473e-07;3.24276e-06;0.00151141;5.02758e-05;3.95804e-08;1.93183e-05;6.18869e-05;3.96251e-05;1.80805e-06
