8.59929e-06;0.998606;0.000974526;2.53609e-05;1.19668e-06;7.74159e-07;2.74078e-05;0.00030332;3.95305e-07;1.53882e-05;3.98209e-07;2.30013e-05;1.03454e-05;3.31322e-06
4.20722e-08;6.69963e-08;0.999996;2.25808e-08;4.56036e-08;1.77984e-09;3.17021e-08;1.63281e-06;6.94695e-09;4.4299e-09;9.52498e-08;2.50269e-06;6.59701e-09;1.16696e-10
1.54516e-05;0.00632043;1.72997e-05;1.3115e-05;0.000341147;0.00036264;3.7765e-06;0.00993206;4.70141e-05;1.08091e-06;0.000415688;0.970174;0.00247877;0.00987754
1.54845e-05;0.306003;1.49049e-07;0.000753106;0.016172;0.00513559;7.79844e-05;0.617503;0.00661656;0.000120262;0.0197837;0.00209501;0.00726199;0.018462
7.14417e-05;0.0707921;3.72254e-06;7.04675e-05;0.00102568;0.000181839;5.10438e-06;0.00213345;7.48991e-05;4.42992e-06;0.000296515;0.883315;0.0350847;0.00694039
0.000407731;0.894941;6.23397e-07;5.72532e-05;0.000175691;0.000234095;1.26957e-05;0.0766661;2.02047e-05;9.63504e-06;1.64018e-05;0.0069864;0.000841012;0.0196312
5.00716e-06;0.000209598;4.11908e-09;1.59386e-08;8.88724e-08;1.64736e-07;1.89056e-08;0.0531348;7.86449e-07;2.00717e-09;3.02783e-06;1.28076e-05;0.946634;1.47716e-08
7.34252e-05;0.00659977;8.96747e-06;3.5548e-05;1.57288e-05;1.35306e-05;5.46327e-08;0.00504707;0.000127335;3.09183e-06;2.97423e-05;0.958238;0.0258579;0.00394972
0.00044272;0.389897;4.48606e-06;0.000391676;0.000763236;0.000139358;5.726e-05;0.525377;0.00345034;0.000364463;0.00072891;0.00132158;0.0762689;0.000793344
0.00015747;0.319177;0.000276127;0.000494912;0.000915079;0.000515033;2.50546e-05;0.00442364;0.000139665;3.96665e-05;0.000290863;0.602206;0.000687436;0.0706515
1.30549e-05;0.947459;1.98765e-08;0.000144415;2.34809e-05;1.0875e-05;0.00942625;0.00179922;6.98526e-05;0.00107753;0.000800026;1.59428e-08;0.000460693;0.0387157
1.63579e-10;1.23609e-10;1;1.41732e-10;1.17054e-10;1.57392e-12;6.21021e-10;1.73711e-10;1.0312e-11;2.54246e-11;1.03432e-09;3.66855e-08;2.64093e-12;1.33386e-12
0.0002214;0.930852;4.00328e-06;0.000462004;0.000154946;7.2058e-05;0.00153965;0.00536901;0.0145105;4.89968e-05;0.0196036;0.0138716;0.00737679;0.00591389
0.00248668;0.646397;7.35998e-06;0.00158418;0.00450397;0.000187597;0.00116466;0.00958756;0.0562224;0.00011277;0.00880526;0.181523;0.0749726;0.012445
0.000466907;0.0525668;2.2991e-08;0.00102962;0.0140574;2.47943e-05;0.00131044;0.898221;0.0293182;0.000557963;0.00201251;0.000168231;0.000160439;0.000105426
0.00243675;0.0341907;0.743081;0.000807422;0.0266606;0.000519079;5.91996e-06;0.00031311;6.30501e-05;6.64761e-05;0.000102998;0.185896;0.000889553;0.0049676
2.72962e-05;0.897781;1.808e-08;2.60905e-06;9.23968e-05;3.39578e-06;7.90255e-06;0.0993713;0.000695862;2.70767e-07;6.63228e-05;0.00135734;0.000417363;0.000176873
0.000404676;0.890234;3.75303e-05;0.000548735;0.0296338;0.000670803;4.36869e-06;0.00497663;0.000210141;1.79957e-05;3.24109e-05;0.0543392;0.00310838;0.0157814
0.00048863;0.966986;3.17512e-05;8.04619e-06;2.18135e-06;8.69955e-07;0.000628937;0.000460054;3.54052e-05;1.03175e-05;7.54704e-05;0.00815758;0.0230704;4.40143e-05
9.25572e-05;0.322701;0.00152874;5.65004e-05;1.07651e-05;5.99438e-05;3.62695e-05;0.000276545;3.92966e-05;1.22409e-05;1.03805e-05;0.671831;0.00250174;0.000842656
6.59534e-06;0.984152;8.11039e-06;6.4363e-06;2.21311e-06;7.50972e-05;0.000910321;0.00692913;6.26673e-05;3.91349e-05;8.59869e-06;1.53048e-06;0.00419359;0.00360446
8.66872e-10;5.21804e-10;0.999999;1.0463e-09;3.88975e-11;7.30015e-10;5.63608e-10;7.51653e-10;7.76886e-10;1.2223e-10;9.34535e-10;1.45666e-06;5.62161e-11;2.52896e-12
4.16251e-05;0.723913;1.30048e-05;4.13256e-05;1.32683e-05;3.74255e-05;3.61853e-06;0.231772;0.00240016;2.36585e-05;6.69756e-05;0.0405444;0.000846662;0.000282868
3.46011e-07;0.987108;1.46207e-09;1.14657e-08;2.05971e-08;5.11545e-08;5.86279e-08;1.3455e-06;2.78212e-08;2.77384e-08;1.8869e-08;5.5055e-05;0.0128345;4.88706e-07
5.43991e-06;0.215031;1.35656e-06;6.98247e-07;5.16568e-05;2.61978e-06;6.4943e-08;0.00699624;4.96909e-07;8.7808e-08;2.27339e-07;0.770537;0.00615321;0.00121921
0.00015018;0.448514;4.92013e-06;0.000104252;0.00548121;0.0895571;2.76612e-05;0.104546;0.000118895;4.51424e-06;1.88228e-05;0.00198269;0.277366;0.0721241
3.80517e-05;0.00754653;2.03863e-08;8.37016e-07;2.53552e-05;1.05025e-05;1.69373e-08;0.410077;5.69939e-07;2.13985e-08;5.9629e-07;7.02383e-05;0.582191;3.93256e-05
4.7421e-05;0.943837;1.61371e-06;3.21014e-06;5.02375e-06;5.71438e-06;2.52487e-05;0.000897517;6.99864e-07;9.0962e-05;4.16445e-07;0.0295769;0.0136585;0.0118499
9.48457e-08;3.2913e-06;0.999794;5.91401e-08;3.81672e-07;3.07551e-08;2.18425e-07;2.64526e-06;1.99622e-08;3.90848e-08;1.05686e-07;0.000198951;6.3365e-09;5.54725e-10
5.07166e-05;0.202099;0.000171518;1.04123e-05;1.26585e-05;2.32226e-06;8.37312e-05;0.20765;2.81459e-05;2.76125e-07;4.63561e-05;0.556252;0.0334917;0.000101507
4.9515e-06;0.227442;1.76633e-07;0.000420295;0.0018198;7.40857e-05;5.85406e-05;0.126697;6.15778e-05;2.56593e-06;0.000119534;0.0941136;0.0153148;0.533871
1.18644e-05;0.73304;2.51667e-07;8.93989e-06;0.000314801;2.28173e-06;1.57059e-05;0.111477;2.69218e-06;8.32675e-06;1.70635e-05;0.0598427;0.0952094;4.90273e-05
1.42273e-05;0.0290879;0.266003;4.37195e-05;0.000513275;3.21244e-05;3.61988e-08;0.0031367;9.86785e-08;1.76671e-07;4.1891e-07;0.697353;0.00372722;8.83658e-05
6.2411e-05;0.269225;8.22611e-06;0.00012026;0.000355159;0.00039374;4.14131e-05;0.609607;0.000764274;1.57096e-06;0.00343082;0.072877;0.00858113;0.0345321
5.33525e-05;0.127134;8.01204e-07;7.10411e-07;3.59244e-05;4.13501e-06;1.51051e-07;0.863093;9.62506e-07;3.32596e-07;2.43106e-06;5.29942e-05;0.00951142;0.000109828
3.6349e-08;0.00188294;8.82335e-07;8.78748e-08;3.30353e-07;1.5117e-07;7.00736e-09;2.18116e-06;4.29206e-08;1.67036e-08;1.25376e-07;0.997909;2.96089e-06;0.000201536
2.12573e-07;0.999785;2.87923e-08;3.65745e-09;1.77405e-08;2.92076e-08;4.12579e-08;8.38328e-07;1.80564e-09;4.63669e-08;2.57343e-09;5.09916e-06;0.00020753;1.1519e-06
8.30374e-07;0.00175726;4.4887e-06;3.02409e-09;1.23671e-07;1.03512e-07;3.43928e-08;9.29353e-06;1.39089e-07;5.19636e-09;4.67539e-08;0.998225;2.41193e-06;2.51886e-07
1.29799e-06;0.996957;7.97081e-10;4.18176e-07;9.51179e-07;2.64211e-06;0.000155417;0.000671816;6.92926e-06;2.99275e-05;1.53683e-08;5.99824e-08;0.000273823;0.00189964
1.02693e-08;1.05699e-07;0.999997;1.62835e-09;2.94283e-09;1.51553e-09;2.27612e-08;5.16876e-07;2.60625e-08;9.04939e-09;1.15318e-09;2.39428e-06;1.63048e-10;1.89375e-11
0.000366652;0.0279538;1.00976e-06;8.92823e-05;0.000269438;0.000132354;0.000262291;0.253199;0.670663;0.000106536;0.0078516;0.00208737;0.0370092;8.63244e-06
0.000301229;0.993943;0.00204602;0.000243969;0.000234553;6.92239e-06;6.76021e-05;0.00169173;9.11913e-05;9.37733e-05;1.45984e-05;0.00101537;0.000236597;1.36413e-05
0.000323758;0.90574;2.72054e-07;2.08087e-05;1.95406e-06;5.72671e-07;0.000207011;0.00941059;0.00366998;7.36302e-06;0.000683981;0.0450041;0.0349276;1.61081e-06
0.002906;0.322405;1.28102e-05;0.000296174;0.00449162;0.00017594;0.00260654;0.00141513;0.000833531;0.00321625;6.89735e-05;0.00852358;0.00138033;0.651668
0.000562482;0.00426395;9.5331e-05;1.96655e-05;0.00020162;2.90319e-05;0.000198753;8.83705e-05;0.000447692;7.74617e-06;0.00018623;0.986177;0.000252018;0.00747012
5.66776e-08;0.998427;6.19473e-11;4.97163e-09;5.40021e-09;2.30286e-09;0.00138176;4.41181e-05;1.11623e-07;4.44101e-06;9.27713e-09;9.75305e-11;1.37136e-06;0.000140902
1.44428e-10;2.75483e-11;1;1.53634e-10;1.35425e-09;1.46321e-09;1.54388e-09;4.06365e-10;5.3741e-10;8.75665e-11;9.29e-10;2.93638e-07;4.32969e-13;4.52983e-11
1.54382e-06;0.00820422;4.89044e-09;7.78178e-08;1.41174e-06;3.2324e-07;2.10587e-09;0.0281671;3.71503e-06;3.59971e-09;1.6694e-06;2.26084e-06;0.963617;9.70508e-07
1.66047e-05;0.94;3.22926e-06;2.19774e-06;2.87491e-06;7.18638e-06;4.64649e-05;0.00200589;1.01165e-06;0.000149223;1.85111e-06;0.0061906;0.0329513;0.0186213
4.35173e-10;1.2191e-08;1;1.22823e-09;5.27271e-09;2.3205e-09;1.088e-08;5.96243e-08;4.00678e-10;3.19208e-09;5.07954e-09;9.51873e-08;2.09422e-11;4.72987e-11
5.15513e-05;0.609607;5.3475e-05;4.01284e-06;2.75186e-05;1.10768e-05;3.83899e-05;0.138694;1.67416e-05;6.4057e-07;0.000258335;0.235375;0.0156885;0.000174705
7.40738e-06;0.46629;6.53433e-08;4.44086e-05;0.000588516;0.00037124;1.14537e-05;0.0723592;0.000100526;1.77828e-06;0.000911952;0.00573095;0.446625;0.00695804
0.000180777;0.130397;4.17586e-05;0.00139961;0.000833377;0.000179124;2.84731e-05;0.0162951;0.000420166;0.000120299;0.00152578;0.77696;0.0262538;0.0453653
0.00108312;0.803854;2.25716e-09;0.00160167;0.00040008;0.000338953;0.000316347;0.00956754;0.152116;9.62393e-05;0.021022;0.00127267;0.0081205;0.000211057
0.00264264;0.970999;0.00251456;0.000167854;6.78815e-05;3.18908e-06;8.20183e-06;0.00233734;0.000136373;1.1837e-05;2.92005e-05;0.0206397;0.000434657;7.84203e-06
0.00468621;0.824289;7.57363e-06;1.5006e-05;9.57535e-06;1.98259e-06;4.94026e-05;0.00361808;0.0277213;8.10887e-07;0.00246888;0.124171;0.0129477;1.32528e-05
0.000506298;0.975112;5.26593e-06;1.90486e-06;1.25326e-05;9.61075e-07;2.41906e-05;0.0175949;3.28874e-05;5.08338e-06;8.05788e-06;0.00356712;0.00285733;0.000271975
3.4023e-06;0.0296615;1.46187e-05;3.75051e-06;4.53953e-06;5.01224e-07;5.7488e-08;7.23908e-05;7.72383e-07;1.05328e-06;2.46293e-08;0.969583;2.02185e-05;0.000634395
7.1774e-06;0.969957;2.93354e-10;7.58401e-07;6.78385e-08;1.73974e-07;0.0126665;0.000977198;4.90963e-05;0.000177166;4.89412e-06;2.94291e-09;4.23019e-05;0.0161182
1.71546e-09;2.3413e-09;1;6.44531e-10;1.07849e-09;4.10757e-10;1.09054e-08;7.17939e-10;1.39018e-09;9.25253e-10;1.17783e-09;1.01613e-07;1.29689e-12;1.41812e-11
7.08686e-06;0.951118;2.22793e-08;8.0191e-08;1.01256e-05;8.79362e-08;2.06572e-06;0.0488324;6.35231e-06;6.08776e-07;1.74131e-07;3.41963e-06;1.42998e-05;5.64196e-06
0.000153874;0.00657212;0.0283586;9.80513e-05;0.0120606;0.000806419;9.81451e-08;0.000302737;1.10023e-06;7.26521e-06;5.16115e-06;0.943202;0.000425618;0.00800624
5.84541e-05;0.958066;2.26672e-07;2.08254e-06;7.35464e-05;2.68044e-05;0.000106145;0.0292594;0.000306109;5.78796e-07;6.9481e-05;0.000288632;0.00243505;0.00930711
3.56894e-05;0.0091159;4.68619e-09;6.30484e-07;2.45347e-05;1.20778e-06;3.68168e-08;0.0238977;5.58292e-06;1.01328e-07;2.10275e-06;8.42483e-05;0.966812;2.04229e-05
0.000303127;0.966417;2.32517e-05;7.86469e-06;1.53806e-06;4.07115e-06;0.00413876;0.000113277;6.155e-05;0.00369011;2.04467e-06;0.00228697;0.00134345;0.0216073
2.82485e-08;1.21218e-08;0.999997;2.76314e-08;1.16962e-08;4.0205e-09;1.91039e-07;4.04131e-07;1.79336e-07;2.56891e-08;6.57101e-08;2.13743e-06;1.6385e-10;3.10929e-11
0.000392464;0.149812;4.18637e-05;0.000185164;2.43827e-05;0.00089393;0.000270129;0.110159;0.00136063;9.18981e-05;0.000971753;0.0293413;0.705557;0.000898309
8.17568e-05;0.170595;0.000599819;0.00431258;0.000598328;0.00460219;0.000245946;0.0556137;0.000950703;0.00265145;0.0063244;0.743017;0.00666574;0.00374137
5.85755e-08;0.00557116;5.86034e-08;1.59884e-07;6.47828e-11;8.75711e-09;0.99089;5.22514e-09;6.9477e-08;0.0035262;1.1541e-05;1.47544e-10;1.97841e-07;5.80509e-07
7.888e-13;3.48854e-14;1;1.18215e-12;5.42773e-14;1.9014e-14;1.5612e-11;3.63121e-13;1.3223e-12;1.39592e-12;1.24332e-11;2.75203e-11;6.83141e-17;5.01409e-16
