1.41065e-08;6.4298e-09;4.11099e-09;2.98906e-09;2.56374e-09;9.26844e-09;2.18348e-09;2.7946e-09;2.09137e-08;5.8283e-09;2.26989e-08;2.57515e-10;9.40103e-09;7.73714e-09;6.67567e-09;2.47018e-08;1.80541e-08;2.58607e-09;4.92654e-08;3.65117e-08;8.48974e-09;3.66262e-09;6.98604e-09;7.09234e-09;9.49144e-10;4.90083e-08;4.01155e-09;1.48586e-09;8.04866e-10;7.49895e-10;5.19133e-09;2.38707e-08;1.56282e-09;7.74953e-07;9.64258e-11;9.40742e-09;6.01563e-09;3.76691e-09;1.65821e-09;4.3186e-10;1.03741e-06;4.78585e-09;1.46201e-08;1.21717e-08;1.08289e-08;2.48903e-08;1.02036e-08;2.73423e-09;6.4505e-09;1.44643e-09;1.31988e-08;2.69148e-10;5.50942e-07;1.69203e-09;2.359e-10;5.71579e-09;1.94546e-08;7.70131e-09;5.25019e-09;2.22061e-08;3.35223e-09;3.25361e-09;3.41233e-07;1.36254e-09;3.46415e-09;4.36125e-09;6.09831e-09;2.50427e-08;1.02293e-08;4.76363e-08;1.07249e-07;3.80555e-09;2.25722e-09;8.22596e-07;1.45082e-09;2.23218e-09;6.96412e-09;1.02147e-07;2.05879e-08;2.69154e-06;8.22655e-09;4.93575e-09;1.34774e-08;1.05069e-08;2.82263e-08;8.2194e-10;2.54834e-07;9.51855e-09;1.31701e-08;3.76746e-09;3.36256e-09;4.99947e-09;2.99577e-09;6.5898e-09;4.9663e-10;6.74122e-07;7.7084e-11;1.04667e-09;2.59453e-09;1.37916e-09;1.2421e-09;1.54234e-09;1.9067e-08;7.59291e-10;2.33338e-07;1.71097e-08;1.50722e-09;3.00179e-09;3.70189e-09;6.66168e-11;2.4721e-10;3.88964e-08;7.32317e-09;2.53399e-09;6.76054e-08;2.23395e-09;4.96204e-10;1.96249e-06;1.35975e-08;4.43414e-10;4.36927e-09;4.08675e-10;9.35443e-09;5.45339e-10;2.86394e-10;1.10474e-08;5.4395e-09;1.49648e-10;3.68453e-07;1.40931e-09;5.1186e-09;9.67732e-10;3.31069e-09;4.7655e-10;2.45789e-10;4.8021e-07;4.61977e-09;1.11139e-08;2.54701e-08;3.57452e-09;1.80216e-08;3.50148e-07;1.62933e-08;5.6422e-09;1.03696e-08;7.37675e-09;1.17284e-07;1.09584e-08;7.88852e-09;3.90134e-08;3.79749e-09;2.4387e-08;1.49196e-09;5.53927e-07;1.91146e-10;3.69325e-09;3.60565e-09;2.4333e-09;8.67274e-08;3.87012e-09;4.36379e-09;4.77191e-09;9.10553e-08;3.99344e-10;3.75143e-07;3.10125e-09;9.49187e-09;3.78687e-09;1.9508e-08;6.97843e-09;1.19672e-08;2.45477e-08;1.4346e-08;1.60041e-09;1.64247e-09;1.91426e-06;9.26821e-10;3.28859e-09;1.31195e-09;1.95509e-07;3.09888e-09;1.32346e-08;6.54278e-09;6.6788e-09;1.84472e-10;5.93551e-08;1.9902e-09;1.23723e-09;3.7658e-09;6.22086e-09;1.8618e-09;2.47579e-09;4.97751e-09;9.26944e-09;1.82377e-08;5.43806e-10;3.76823e-07;2.93921e-10;1.30629e-08;2.83084e-09;8.90195e-08;1.81542e-09;6.88389e-09;4.20259e-09;7.75067e-10;1.2558e-09;1.05164e-07;2.68829e-10;7.4032e-09;6.63924e-09;9.50043e-10;1.60988e-09;8.05025e-09;3.70846e-09;1.58561e-09;2.6725e-09;4.30116e-08;7.95793e-10;1.44101e-10;3.19009e-08;9.73339e-10;4.91562e-09;7.05362e-09;2.84721e-09;5.22408e-09;9.36669e-09;1.63032e-07;1.0673e-08;4.04156e-07;1.771e-08;2.60406e-06;1.17955e-08;3.34658e-06;1.8791e-06;1.2488e-05;0.0100592;4.28712e-06;0.98967;3.02329e-06;5.0065e-07;4.81742e-08;4.02755e-05;4.51404e-07;0.000172484;4.96627e-09;1.58122e-09;1.33595e-08;1.66977e-08;8.74861e-09;1.95727e-10;4.21984e-06;3.35308e-10;5.82598e-09;1.30109e-08;1.19503e-08;3.74196e-09;3.35757e-09;3.08847e-09;5.88143e-09;1.25969e-08;1.05154e-07;3.70316e-08;3.49581e-08;3.08669e-10;4.05607e-08;1.2366e-10;5.73906e-09;9.08692e-09;3.527e-09;5.61866e-09;4.42995e-09;1.53999e-07;1.03119e-11;2.53816e-10;3.54454e-09;5.72731e-09;1.08423e-07;1.46527e-09;9.16756e-07;1.19816e-08;6.17394e-09;2.67296e-08;1.3194e-08;2.96638e-11;1.34225e-09;9.43994e-08;5.21583e-09;9.54161e-11;1.45433e-10;1.24942e-09;1.08265e-08;2.19446e-11;4.32026e-08;3.76635e-09;7.15023e-09;5.00192e-09;5.2309e-09;1.00581e-08;1.40647e-09;2.61748e-07;4.15122e-09;2.03703e-09;2.49915e-09;4.93453e-09;1.10685e-09;1.16593e-10;1.70168e-07;5.6275e-11;5.74138e-09;5.5405e-09;2.66544e-11;3.21351e-10;1.76861e-06;2.48333e-08;2.92761e-09;1.21366e-09;3.60117e-09;1.51508e-09;8.97154e-10;8.93202e-08;5.61671e-11;1.83403e-09;1.68792e-09;1.40016e-09;4.62597e-08;4.12409e-08;2.51161e-06;6.05904e-09;5.59047e-07;4.83079e-09;1.21407e-08;8.87261e-09;4.89937e-09;9.93218e-09;3.39217e-08;1.89634e-07;2.30966e-09;7.77194e-11;2.03207e-09;1.23505e-08;4.67919e-09;9.15889e-12;9.62681e-07;1.04103e-09;6.72026e-10;1.69636e-08;1.22496e-08;1.23108e-09;3.50113e-10
1.27543e-06;2.32229e-07;4.34074e-07;2.34976e-07;7.7533e-08;1.84546e-07;9.70222e-09;6.87856e-08;5.10969e-08;5.92299e-08;1.63016e-08;5.06257e-09;5.07208e-09;1.69793e-08;9.2638e-09;6.71634e-09;1.41707e-09;6.53876e-09;1.13844e-09;2.12289e-08;2.49024e-09;2.31969e-08;2.27089e-08;4.27455e-07;8.58636e-08;2.87897e-08;1.41028e-08;1.10009e-09;5.44183e-09;2.35351e-08;4.69702e-09;4.067e-08;1.37287e-08;8.22578e-08;1.20504e-08;1.53762e-08;1.21563e-08;1.14838e-08;1.38053e-08;7.25742e-09;3.81018e-08;1.47951e-08;2.07327e-08;2.22633e-08;1.13527e-08;1.75931e-08;5.35491e-09;1.08545e-08;9.26148e-08;1.16822e-08;1.25534e-08;3.44284e-09;6.9283e-09;6.61482e-08;2.65189e-09;1.82947e-08;1.04102e-07;1.61544e-08;3.57266e-08;2.74836e-07;9.28867e-08;1.10856e-07;3.02736e-08;1.65362e-08;1.41458e-08;1.87261e-07;7.74306e-08;2.95232e-08;1.62971e-08;1.84455e-07;1.3556e-07;1.26107e-08;2.91048e-08;1.06819e-09;2.50436e-08;4.10825e-09;3.0005e-08;8.05855e-08;4.9256e-08;1.80962e-07;4.11464e-08;1.24306e-08;1.57313e-07;1.62321e-07;2.18424e-08;5.33374e-09;1.44791e-09;2.51065e-08;1.4978e-08;1.07768e-08;1.91912e-08;5.11169e-08;8.43067e-09;1.12548e-08;7.77345e-08;5.76941e-09;9.43653e-10;3.62385e-09;1.18118e-08;3.83685e-09;5.91349e-08;3.61472e-08;2.40641e-07;1.5045e-08;5.13715e-10;2.21358e-07;1.89459e-08;2.3364e-08;1.09446e-08;1.4174e-08;2.70416e-08;3.61001e-09;2.45441e-08;1.61815e-08;1.93828e-07;1.3147e-07;4.40102e-08;1.39189e-08;1.85211e-08;3.01868e-08;1.03594e-07;8.49815e-09;3.68889e-08;1.16235e-09;8.89674e-09;1.50957e-09;4.12826e-08;7.5227e-10;1.78547e-09;9.98498e-09;2.22197e-08;6.03441e-08;2.46638e-08;1.92531e-08;2.68604e-09;1.52278e-08;5.70277e-09;1.34863e-08;5.87483e-08;5.96977e-08;8.09989e-09;2.56553e-09;6.51803e-09;2.24307e-08;1.65459e-08;5.79948e-08;2.11475e-08;8.32197e-09;3.98501e-08;8.13015e-08;5.18533e-08;2.15273e-08;5.03292e-10;2.96243e-10;2.5884e-10;6.59506e-09;2.53049e-10;2.22604e-09;5.9302e-09;3.37161e-08;2.26516e-08;6.03159e-09;1.04495e-07;9.9734e-08;1.55563e-08;1.42884e-09;1.09431e-08;4.03468e-08;1.33561e-08;1.97734e-08;1.07162e-08;1.68683e-08;1.40849e-08;7.98751e-10;2.85681e-09;2.20357e-10;2.82314e-09;1.0893e-08;1.17204e-08;6.81382e-08;1.22906e-08;1.48774e-07;1.25219e-08;5.09463e-09;6.56464e-09;8.12819e-10;5.93054e-08;3.04354e-07;7.939e-08;8.36594e-08;1.89243e-08;2.18796e-08;2.81671e-08;1.79723e-08;8.71802e-08;1.61812e-08;9.31893e-10;5.12413e-09;2.24877e-08;1.61109e-08;9.14552e-08;2.75964e-08;2.27133e-08;1.3726e-08;2.12855e-08;1.46916e-08;2.83848e-09;5.76679e-09;3.37395e-08;2.53273e-08;5.67882e-09;1.64381e-08;2.87524e-08;8.64444e-09;1.43168e-08;2.19987e-07;3.40536e-08;3.10683e-07;2.48169e-08;1.07195e-09;1.87529e-09;1.51065e-08;3.12188e-08;4.40017e-09;1.50835e-08;1.00153e-08;5.09279e-08;3.89149e-08;8.33126e-08;3.47442e-09;3.02243e-09;1.75498e-09;1.77922e-08;4.08215e-08;3.486e-08;5.14243e-07;5.82641e-09;5.42314e-10;2.98624e-08;6.98183e-08;2.94613e-08;2.19332e-08;2.59377e-08;1.30021e-08;9.77101e-09;1.75477e-08;5.21149e-08;1.04114e-07;9.53112e-08;1.86519e-08;6.24764e-09;3.12675e-09;3.69527e-08;1.02642e-07;4.85098e-08;1.33597e-07;1.35349e-08;1.29821e-08;1.34627e-08;1.90444e-08;3.63228e-07;3.5586e-08;1.71185e-08;1.2037e-09;5.751e-10;7.86981e-11;1.38925e-08;1.01086e-08;9.71022e-09;1.81174e-08;2.00426e-08;1.24107e-08;1.00573e-12;9.38919e-11;1.45532e-08;3.57973e-08;2.46838e-08;3.20841e-11;2.27115e-09;3.69803e-08;2.37187e-08;2.02766e-07;3.69545e-08;1.03625e-09;7.67726e-09;1.08335e-08;2.76121e-08;7.49827e-11;1.14966e-09;1.92813e-09;1.78652e-07;2.45247e-10;5.20982e-11;1.02953e-09;2.7308e-08;3.91819e-08;7.49301e-09;1.91458e-08;1.92887e-08;1.3676e-08;4.8746e-09;4.78155e-09;7.60673e-09;2.44036e-09;3.35214e-08;7.02962e-09;1.33065e-08;7.17759e-10;3.03457e-08;3.0123e-08;4.44476e-08;1.42933e-08;1.67504e-08;2.59531e-08;1.48726e-08;3.86272e-08;7.58842e-08;9.47237e-09;8.2643e-09;2.3857e-10;2.48704e-09;3.42095e-08;1.09272e-08;9.2954e-10;2.96877e-08;2.72316e-08;7.67681e-08;6.72697e-09;2.47695e-10;4.87369e-08;2.79117e-08;3.59698e-08;1.56874e-08;1.6434e-08;1.78959e-08;4.01078e-08;8.30858e-09;0.995506;5.93033e-06;3.4366e-05;0.00343518;0.000254209;2.5009e-05;0.000483845;4.72128e-06;0.000130118;7.07878e-05;2.97399e-05;5.48541e-06
4.77819e-05;1.16659e-08;1.49008e-07;1.81988e-08;1.50194e-09;3.39879e-09;4.42568e-10;3.24561e-05;2.4976e-05;6.2478e-06;0.861961;0.0311841;0.105227;1.90166e-07;7.33362e-08;2.32643e-06;5.47666e-08;4.9834e-08;9.47431e-08;2.55128e-06;2.04614e-06;2.36578e-06;9.22401e-08;1.60503e-06;7.32403e-07;0.000144569;1.47891e-06;2.22417e-08;1.51498e-08;7.02403e-08;2.8917e-08;2.84023e-07;2.12132e-07;2.87324e-05;8.63096e-09;2.99767e-08;1.42102e-07;1.94596e-08;2.83574e-09;6.00698e-09;2.80588e-07;1.74432e-07;8.2919e-06;5.17334e-08;6.52632e-07;1.15095e-06;1.17535e-07;4.62041e-08;6.0199e-08;4.35833e-09;7.64125e-07;5.56975e-08;1.09948e-06;2.22873e-06;3.0564e-09;4.06055e-07;1.66845e-07;1.8325e-07;6.16037e-08;1.25926e-06;9.60105e-08;4.0506e-08;3.11353e-05;2.08876e-09;1.11982e-07;6.68936e-07;1.81204e-07;4.07346e-07;4.37744e-08;9.99299e-08;3.90304e-07;9.62539e-08;2.81302e-08;5.26605e-06;3.42602e-09;9.72793e-08;1.49815e-07;3.32127e-07;4.32094e-08;7.71431e-06;1.20251e-07;1.13626e-08;1.37769e-07;6.87726e-08;3.88804e-08;1.51894e-08;1.67985e-06;2.92437e-07;9.8485e-08;5.42289e-08;4.20263e-07;5.66856e-07;1.29439e-07;5.55104e-05;2.84369e-07;5.77079e-06;2.70334e-07;7.46016e-08;1.16206e-07;1.4645e-08;2.36527e-08;1.74313e-08;1.15675e-06;1.01677e-08;2.82599e-06;4.00037e-07;1.82421e-08;1.04307e-07;8.14572e-08;1.01817e-08;1.81332e-09;3.68887e-07;1.96365e-08;9.07925e-08;7.86708e-07;4.38273e-08;4.19489e-09;2.78446e-06;8.60492e-08;1.11643e-06;9.38731e-08;2.05065e-08;2.5872e-07;4.63459e-08;1.61806e-07;5.60439e-08;4.63764e-07;2.28145e-08;9.14926e-06;2.47189e-07;3.25082e-08;4.90021e-08;1.01877e-07;2.22687e-08;1.025e-09;1.86213e-06;1.79893e-07;6.4034e-07;6.43912e-07;1.02008e-07;6.21462e-07;2.77731e-06;3.10351e-08;7.82737e-08;4.64213e-08;3.71575e-07;1.12436e-06;9.89929e-07;9.94162e-08;1.69417e-07;1.64596e-07;2.49466e-07;1.65035e-07;6.82063e-05;5.15126e-09;7.11625e-08;5.73565e-07;6.72207e-08;9.88733e-07;1.76651e-07;1.0824e-07;1.3485e-07;1.35806e-06;1.82983e-08;1.8869e-05;5.72161e-08;3.19306e-06;2.0256e-07;5.22349e-06;1.49682e-07;2.43506e-07;2.57346e-07;2.091e-07;2.54922e-07;2.00561e-07;9.7849e-06;4.0009e-08;6.02793e-07;4.22895e-08;9.19374e-07;3.57816e-08;1.57763e-06;1.94334e-08;1.29506e-06;1.25998e-07;1.02446e-06;7.34708e-08;1.37706e-07;6.98409e-08;1.14338e-07;2.03965e-07;2.95559e-08;5.92085e-07;1.26205e-07;2.4774e-07;6.29736e-08;1.49059e-06;7.62343e-08;3.70502e-06;1.31115e-07;1.24248e-06;6.60741e-07;8.08551e-06;4.44459e-06;3.04833e-07;4.51913e-07;3.94718e-06;2.15713e-07;7.28006e-08;1.68135e-07;8.60056e-08;1.28417e-07;2.34363e-07;2.1697e-07;5.54166e-07;6.7115e-07;6.57883e-06;1.51688e-07;1.21563e-07;0.000195234;1.43439e-07;7.68841e-08;1.4671e-07;3.97539e-08;1.05184e-07;2.83228e-07;1.32645e-06;2.27361e-07;2.98119e-05;2.04803e-07;7.55653e-05;3.56995e-07;9.91613e-08;1.83078e-07;9.6747e-08;6.58659e-08;4.91773e-09;0.000109505;5.83424e-08;1.71873e-07;3.26221e-07;3.21445e-07;2.58854e-08;1.22391e-06;2.09424e-07;1.87497e-07;2.11055e-06;3.12897e-07;1.74309e-07;1.76088e-08;3.10778e-05;5.57461e-08;3.66699e-08;6.01281e-08;3.70861e-08;5.67899e-08;6.37831e-09;1.49698e-08;2.30544e-07;2.21681e-07;6.39021e-07;1.07899e-06;1.20991e-06;6.71031e-08;1.3592e-06;4.82964e-08;1.27603e-07;9.37774e-08;4.21506e-07;2.93382e-07;1.13886e-07;4.85692e-06;8.26831e-11;9.44537e-09;1.12482e-06;5.42535e-08;5.81726e-07;1.55134e-08;5.62902e-06;1.06244e-07;3.5164e-07;3.83335e-07;4.015e-07;2.10532e-11;2.27239e-09;1.45021e-06;1.88958e-07;5.98553e-09;1.48836e-08;5.45779e-08;6.46535e-08;2.64261e-08;5.32695e-07;3.13493e-09;1.61503e-07;1.79121e-07;1.14189e-07;4.35306e-08;2.45685e-07;4.42038e-06;9.7376e-08;1.05843e-08;9.40334e-08;7.59543e-08;6.78532e-08;5.02011e-09;9.1056e-05;8.06541e-08;1.23634e-07;8.65879e-08;1.05876e-07;5.11595e-08;2.85361e-05;7.03863e-07;1.11967e-07;3.44514e-08;5.0506e-08;1.70359e-07;4.14452e-08;0.00041007;2.59779e-09;1.71035e-07;2.33276e-07;6.78991e-09;4.73525e-08;2.36497e-07;1.50321e-07;8.96546e-08;4.23375e-07;4.4883e-07;1.48291e-07;1.77236e-07;1.40794e-07;6.05236e-08;2.95341e-07;1.68998e-07;2.49366e-07;1.4879e-08;2.99459e-08;3.0747e-07;2.00455e-07;2.24289e-08;2.80167e-06;1.12677e-07;4.79398e-08;3.01954e-07;4.40912e-07;1.27409e-08;1.52944e-08
1.07374e-06;2.92356e-08;3.55258e-08;4.55917e-07;1.96094e-07;5.80693e-08;2.0012e-08;2.14679e-07;6.48175e-08;6.59111e-08;1.1108e-09;4.7824e-08;7.43174e-08;4.62457e-08;4.29593e-08;9.05349e-09;3.93808e-09;2.55442e-08;5.6687e-10;3.40422e-08;9.80596e-10;7.03784e-08;1.90276e-08;3.52158e-07;6.68783e-07;3.43509e-06;4.8849e-07;1.16503e-08;1.22762e-10;3.58296e-10;7.16209e-10;4.01063e-09;1.41945e-08;2.74344e-08;5.04655e-08;1.40515e-08;5.2474e-08;2.57901e-08;6.87128e-08;2.92267e-09;5.10883e-10;9.76204e-08;3.87998e-07;1.13807e-08;5.29168e-09;4.59792e-08;9.60039e-09;2.6242e-09;3.09044e-08;4.27972e-09;8.94453e-10;1.663e-08;1.32963e-08;3.35918e-08;3.4598e-09;5.92415e-08;9.11756e-08;2.05821e-08;7.88001e-08;1.34416e-07;5.27543e-07;7.26159e-09;9.95068e-08;4.06304e-07;4.5026e-08;2.50201e-07;1.94007e-07;8.06233e-08;8.64252e-09;5.18922e-08;1.30168e-07;1.84688e-07;3.78331e-06;1.83116e-07;1.7651e-06;2.84815e-08;5.7668e-08;2.04313e-07;1.18907e-07;8.17245e-07;3.622e-08;1.7834e-09;1.28842e-08;8.77061e-08;9.09728e-07;8.77663e-09;5.84762e-08;6.60696e-06;4.35436e-07;7.12887e-08;1.08079e-07;5.11544e-07;9.26274e-08;3.41497e-09;4.54564e-06;7.06395e-09;2.12516e-07;8.33487e-07;3.04054e-07;1.69345e-08;3.55019e-09;3.12765e-08;5.29874e-08;8.23502e-08;2.30645e-08;6.08798e-07;2.47854e-08;3.9734e-08;3.0598e-08;5.79743e-07;1.10217e-07;6.47161e-07;6.91044e-07;2.30764e-08;2.28379e-07;3.31733e-09;9.98377e-08;7.11335e-08;3.88102e-07;2.38407e-07;1.08362e-06;1.00265e-07;2.47312e-07;3.42931e-11;1.85399e-09;1.55554e-09;1.07621e-08;4.06117e-08;6.13739e-08;8.46246e-07;4.34289e-09;3.73203e-07;4.74997e-07;6.81567e-10;1.22076e-07;2.08968e-08;4.68708e-09;5.89119e-08;9.5584e-08;7.85531e-08;2.24668e-08;2.77807e-07;3.2314e-06;8.47336e-08;2.29733e-07;7.92376e-07;4.11788e-08;7.82154e-08;1.66563e-08;8.7484e-09;4.91163e-07;1.10332e-09;3.38391e-08;1.02148e-08;6.34721e-08;1.64231e-08;1.52506e-08;2.9901e-08;1.30459e-07;3.70062e-08;2.2052e-08;5.66779e-08;3.88558e-08;4.86047e-08;4.47224e-08;4.56422e-07;5.8417e-08;3.0746e-07;2.61618e-07;7.91481e-08;9.46768e-09;4.43889e-08;1.32875e-08;3.76139e-09;2.15805e-08;8.43821e-08;5.26511e-07;3.88045e-09;3.42664e-07;1.14341e-07;1.32525e-08;1.07694e-07;3.96478e-08;7.78056e-07;1.83342e-07;3.71009e-08;1.91437e-07;2.12167e-07;3.90395e-07;1.32183e-07;8.81837e-08;6.18494e-09;7.2048e-09;7.00893e-09;4.29687e-09;1.99239e-07;4.9955e-08;1.57857e-07;1.47871e-07;1.34005e-07;5.37291e-08;2.11021e-08;1.11998e-07;1.21846e-07;1.17766e-08;1.76051e-06;2.21652e-07;2.56167e-07;5.66515e-08;6.11578e-08;1.48969e-08;1.38036e-07;4.03805e-07;9.50978e-08;2.87194e-08;7.79954e-07;4.23938e-07;2.51666e-07;8.90126e-08;2.69507e-07;1.59641e-05;3.59849e-08;1.48627e-07;2.44232e-08;1.24843e-07;1.28283e-08;3.55469e-08;1.31829e-07;4.28814e-09;1.89463e-07;5.45749e-08;6.60725e-07;3.15449e-09;1.29624e-08;8.09871e-08;1.66926e-08;1.29365e-07;9.22505e-08;1.07676e-06;1.21819e-07;5.43756e-07;1.61633e-07;9.9652e-08;7.04004e-08;5.21134e-08;1.18591e-09;4.78383e-08;4.68511e-08;1.18708e-09;2.13245e-07;1.3449e-07;4.67047e-07;2.42859e-08;1.11868e-07;9.01177e-08;5.71776e-07;1.67857e-07;1.21299e-07;3.52428e-08;1.28145e-08;3.39243e-09;2.5203e-08;2.16207e-09;1.53191e-09;3.57897e-09;4.85048e-08;1.52364e-08;4.17179e-08;1.39176e-06;1.15038e-08;4.61274e-08;1.25681e-08;8.39439e-07;2.37439e-10;1.37294e-08;9.42711e-09;1.65856e-08;7.69634e-09;1.25859e-09;1.76361e-07;6.93752e-08;1.92311e-08;6.15949e-07;1.19811e-08;7.17795e-08;3.72949e-08;7.2872e-08;3.02906e-10;1.68147e-09;6.47167e-09;1.89893e-09;4.69987e-08;6.05081e-09;9.45686e-08;9.33165e-08;1.32362e-07;4.20831e-08;5.03414e-08;1.0564e-06;1.63212e-06;1.38508e-08;5.07177e-11;1.85883e-10;3.42909e-09;1.23578e-10;8.84979e-10;6.79599e-09;5.12519e-08;1.07867e-07;2.04076e-08;7.7133e-08;5.47712e-07;9.82492e-08;8.91023e-08;4.43968e-08;1.09307e-07;2.71519e-07;9.17428e-09;5.75916e-09;9.96491e-08;2.48603e-06;4.14022e-07;8.986e-07;1.23103e-09;1.66172e-08;2.05913e-08;3.48572e-10;3.56793e-08;6.18378e-08;3.25699e-07;1.02244e-08;3.61279e-08;4.45652e-08;3.49403e-07;7.29981e-08;6.87491e-07;1.11559e-07;0.00043585;4.70911e-06;9.69261e-06;0.000201918;0.00061804;4.76367e-05;0.973509;2.45352e-06;5.16068e-06;0.000110874;0.0206586;0.00430411
0.0037056;2.057e-06;0.000111895;0.00877157;9.34875e-08;9.07503e-06;6.93932e-06;2.9989e-05;1.25341e-05;1.60278e-06;1.47481e-07;4.33602e-06;6.12125e-08;1.09418e-05;8.00198e-07;4.25556e-05;5.03095e-07;1.33012e-06;3.23023e-06;1.94172e-05;6.10451e-06;4.54978e-05;1.18658e-06;4.85499e-06;6.27113e-05;5.75677e-05;8.25486e-07;2.63504e-06;7.78951e-08;4.96361e-05;0.000317077;2.5282e-06;0.00917248;1.52265e-07;3.94549e-08;2.55456e-06;1.54567e-06;1.42646e-06;7.0854e-07;4.49378e-09;9.55184e-08;6.44373e-07;3.4617e-06;3.7418e-05;1.70337e-07;7.28753e-08;2.28437e-06;2.24615e-05;0.000114675;0.000227825;4.84598e-05;7.64771e-06;5.15804e-07;1.28597e-06;3.08095e-06;3.05818e-05;2.11908e-05;3.63203e-06;5.08542e-06;0.00129311;0.00010782;0.000275679;3.37607e-05;4.05386e-06;9.51874e-07;1.20724e-05;1.59405e-05;3.08482e-06;1.04059e-07;1.45632e-05;6.61402e-05;3.25694e-07;4.64351e-05;7.64251e-07;2.32486e-08;1.59748e-06;1.89932e-06;9.86781e-09;1.88707e-05;1.80229e-06;1.0589e-06;1.18904e-08;7.64581e-07;1.25844e-05;9.8525e-08;6.05905e-07;4.534e-07;3.39602e-09;7.12349e-06;3.52101e-06;1.01244e-05;1.21367e-05;2.82307e-06;2.11607e-06;0.000105873;2.86701e-06;2.55919e-06;9.22627e-07;2.75672e-05;4.9064e-09;5.93374e-06;0.000275398;2.79695e-07;7.40484e-05;4.51854e-06;1.57384e-08;1.53024e-07;1.64415e-06;5.52497e-06;1.80111e-07;7.18847e-06;3.61249e-07;1.0548e-07;1.05428e-06;6.43587e-06;5.08625e-09;1.45789e-05;6.84076e-08;8.0677e-07;2.69889e-06;1.18638e-06;7.2761e-07;9.01827e-07;1.93866e-08;7.52842e-05;0.000634077;7.36807e-07;0.000231371;7.46297e-06;8.51013e-09;8.63357e-08;2.20272e-05;2.7158e-05;2.81882e-09;6.48703e-07;1.91779e-07;3.52683e-06;0.000318098;0.00170423;0.00110685;0.00147423;0.000208734;3.27188e-05;1.8172e-06;3.22259e-07;0.00151514;1.03739e-06;4.78831e-06;3.54458e-07;2.97318e-05;0.000284575;2.26388e-05;3.87374e-05;9.21183e-05;1.98169e-06;1.0601e-06;9.44667e-08;6.13385e-06;3.90035e-06;3.48931e-06;1.02307e-06;4.11475e-06;2.00524e-05;0.000221951;5.89101e-06;7.73627e-06;8.38656e-07;2.40203e-05;1.10256e-06;1.70614e-05;9.95676e-05;0.000190491;0.0451249;0.122059;0.760871;0.00869311;0.00153702;9.67876e-05;0.0123944;7.9642e-05;1.13088e-06;7.25878e-05;0.00136113;4.46412e-05;0.000170924;0.000145442;7.00351e-07;2.04408e-06;8.99529e-05;3.81341e-06;9.73159e-06;5.99053e-06;0.000268882;0.000944379;6.39299e-05;0.00353884;2.57607e-05;2.92632e-05;3.1934e-05;0.000189599;3.69308e-05;6.92622e-06;9.38259e-05;0.000150975;1.67061e-06;0.000105359;3.73892e-05;4.87888e-06;8.42048e-07;7.43428e-06;1.34496e-07;2.79489e-06;5.14393e-05;3.60268e-06;7.45555e-08;4.70884e-06;3.05444e-05;4.65008e-09;1.52279e-05;1.45873e-06;2.43552e-09;2.12458e-06;2.7086e-06;1.00286e-06;1.48431e-06;9.38699e-06;8.25896e-05;0.000128573;1.93854e-06;0.000593271;2.12677e-05;7.31534e-06;2.71742e-07;3.58393e-05;7.96113e-05;3.34764e-07;0.00189177;4.97841e-07;1.94668e-07;1.01002e-06;2.37015e-06;3.82668e-07;4.65203e-05;3.61336e-06;1.18936e-06;3.62491e-07;0.000348924;0.000880115;3.14098e-07;1.19732e-05;3.71143e-06;1.08987e-06;3.23744e-07;2.95758e-05;0.00010171;2.52579e-07;0.000114577;7.77622e-05;3.54168e-06;4.7816e-06;8.48278e-05;0.00026498;0.000279702;4.01747e-06;4.35876e-06;9.09457e-07;6.89191e-07;7.73004e-07;0.000106586;1.50303e-07;2.19552e-06;3.36855e-07;7.39932e-11;3.5826e-07;8.7042e-05;0.000877021;2.15904e-06;0.000135878;1.607e-07;2.38393e-08;1.72042e-07;1.18836e-07;1.33583e-05;2.514e-10;1.47319e-06;2.5602e-06;1.78362e-06;2.30431e-08;3.17716e-06;0.00045308;3.47522e-08;1.13348e-07;2.56891e-09;4.03427e-08;3.38008e-07;4.73443e-06;1.78695e-06;4.91192e-09;3.42127e-06;3.44539e-06;1.85822e-06;2.30861e-09;7.13412e-06;0.000504011;4.11991e-07;5.9064e-07;3.21715e-06;7.42366e-08;5.4522e-07;7.93238e-06;1.90233e-09;1.17288e-05;7.7274e-08;6.95435e-07;1.9187e-08;2.88093e-06;8.72287e-06;2.66006e-08;5.65454e-07;3.25995e-06;3.2942e-08;7.78541e-07;5.95679e-06;2.70902e-07;1.38292e-07;1.22718e-05;1.62929e-06;4.13682e-05;4.3478e-05;1.0987e-08;4.46567e-07;3.10128e-06;3.91142e-06;1.73598e-08;3.91681e-06;4.04996e-06;6.6711e-05;1.17459e-06;2.07304e-07;9.56573e-06;3.72306e-06;4.11117e-05;2.50288e-06;2.61211e-10;1.77834e-08;3.51178e-06;7.05134e-06;2.27868e-08;3.12445e-08
0.000148741;2.04134e-07;5.39855e-08;1.40661e-05;7.83079e-07;5.04541e-07;6.23649e-06;3.79571e-05;1.41977e-06;5.88188e-07;2.03617e-06;1.07379e-07;9.40554e-06;1.77247e-06;1.24692e-06;1.46464e-05;1.70884e-06;1.15633e-06;3.06986e-06;1.22669e-05;2.56689e-06;1.42065e-07;6.91549e-07;2.24166e-06;2.43986e-07;6.21755e-06;7.48878e-07;6.02094e-07;8.68944e-08;2.32107e-07;1.0988e-05;1.23392e-05;1.30904e-06;9.06973e-05;1.0443e-05;1.6461e-06;5.54292e-07;4.25965e-06;5.12081e-05;6.63292e-09;4.85101e-07;2.76443e-08;2.7889e-08;1.64418e-05;1.18479e-07;2.42518e-08;2.95862e-05;2.85031e-06;6.64893e-07;3.94221e-07;1.94386e-07;1.86659e-08;5.51296e-06;4.13458e-05;4.77802e-08;1.76432e-06;3.40429e-06;5.66919e-07;2.40266e-06;4.91994e-06;1.71829e-06;9.05902e-07;5.30776e-05;2.61841e-05;6.3763e-07;8.74048e-06;7.85195e-07;5.3786e-07;3.79944e-07;8.21404e-07;8.90954e-06;2.47089e-05;3.60398e-07;6.96075e-06;1.63426e-05;8.70911e-07;8.88271e-07;3.57813e-06;2.06271e-07;1.85926e-06;9.70956e-07;5.22465e-07;3.9498e-07;1.39989e-06;2.11123e-05;7.40649e-07;1.00345e-06;1.73401e-06;1.57649e-05;1.70966e-06;1.63923e-06;1.1188e-06;1.50363e-06;8.09719e-07;1.40272e-06;8.29979e-06;2.31884e-06;3.74584e-05;2.36745e-05;4.50928e-08;6.37255e-08;9.23062e-07;1.43584e-05;1.70441e-06;7.94603e-05;3.01928e-06;7.54133e-07;1.32387e-06;7.87537e-07;1.49465e-05;1.85522e-07;7.56187e-05;5.54709e-07;6.5003e-07;2.89253e-06;1.33186e-06;3.25584e-07;5.27196e-06;1.34634e-05;9.8305e-07;3.70258e-07;6.90176e-06;2.41628e-06;4.61424e-07;4.74755e-07;0.000118869;3.20293e-05;6.46289e-05;0.000159528;0.000104567;1.27092e-06;1.13457e-05;3.07439e-06;8.83693e-07;3.37485e-06;7.14176e-05;9.5703e-07;8.28576e-07;1.03575e-05;3.33796e-07;7.34957e-07;2.78871e-06;1.61409e-06;5.0513e-07;2.04224e-07;9.23843e-07;4.72395e-07;2.52769e-06;3.45195e-07;7.24791e-07;3.19492e-05;5.1923e-08;7.43015e-08;9.08045e-06;7.53144e-07;1.31371e-06;8.22896e-07;5.00445e-08;1.00432e-06;3.88366e-07;4.45634e-07;5.79089e-07;4.41275e-06;3.35005e-07;3.9924e-05;0.000148041;7.46822e-06;4.70025e-06;1.3721e-05;4.5657e-07;2.06655e-06;7.44393e-07;2.02314e-05;7.70476e-07;2.59094e-06;0.000106952;2.59782e-06;1.2217e-07;2.27007e-07;1.61307e-05;8.06245e-07;6.59251e-07;3.21451e-05;3.14261e-06;5.71109e-06;9.52932e-05;2.9626e-05;1.46413e-05;1.56727e-05;1.52515e-06;1.41398e-06;4.34273e-07;6.11071e-07;2.32139e-06;1.62424e-05;4.09335e-06;2.96543e-06;2.44089e-06;5.13812e-06;7.69489e-07;8.393e-06;6.70535e-07;1.85352e-06;2.63697e-05;2.73961e-07;4.55601e-06;3.69853e-05;3.35496e-06;1.02669e-06;9.37345e-07;1.349e-07;2.37168e-06;3.1714e-06;2.4928e-06;5.4282e-08;4.99106e-08;9.86237e-06;2.08437e-08;6.30761e-08;2.61733e-06;8.81176e-07;1.43244e-06;1.62117e-06;6.06521e-07;1.14362e-06;3.69529e-06;3.22992e-06;4.82657e-06;5.8782e-07;7.67701e-05;5.28928e-05;1.87152e-05;1.07247e-07;4.13995e-07;1.60706e-05;5.23995e-07;2.99029e-06;1.03252e-05;3.63615e-05;2.11794e-06;3.00333e-07;5.36588e-07;7.88402e-07;1.69821e-05;2.30811e-06;7.43349e-07;3.29441e-06;3.92469e-05;1.64311e-05;1.11409e-05;0.000185469;1.08981e-05;6.39832e-07;7.49315e-07;6.26792e-06;3.47893e-07;4.84345e-07;2.37883e-05;1.27274e-06;3.78102e-06;7.23251e-07;1.17746e-05;0.000347059;3.20302e-06;1.14942e-05;1.56154e-05;5.45545e-07;9.20629e-07;9.23867e-06;2.81137e-05;7.09251e-07;8.14262e-06;5.52355e-07;3.17281e-07;7.2864e-08;3.464e-05;2.92925e-08;2.67336e-06;1.82909e-05;1.14891e-07;4.07647e-07;6.12773e-08;5.05809e-07;1.01488e-07;2.26854e-07;2.32596e-07;1.39645e-06;1.28071e-06;3.28899e-08;9.12814e-05;7.58174e-06;1.41162e-07;6.11777e-06;8.37552e-09;4.95792e-07;1.94065e-06;1.55589e-06;1.02206e-06;5.01487e-08;1.713e-06;9.44151e-07;3.79274e-08;5.899e-08;1.75108e-05;1.4499e-05;3.47538e-09;2.73197e-05;1.56668e-06;1.64003e-06;8.2655e-07;2.87896e-08;4.0672e-07;6.97736e-07;8.3776e-07;7.42832e-08;7.16592e-08;2.8017e-06;3.10128e-09;8.61011e-10;2.14641e-06;5.08622e-08;1.98733e-05;3.90768e-05;0.569274;8.46572e-05;1.32612e-05;0.164889;0.000100218;0.165201;0.0197766;0.000123736;0.000177824;1.94657e-05;0.0657704;5.25741e-05;0.00664133;3.08645e-06;0.00404422;1.8257e-06;1.05948e-06;2.25891e-06;8.84794e-09;1.0181e-06;8.17991e-05;2.85091e-07;2.92273e-07;6.62521e-06;1.07976e-06;1.86891e-08
2.08765e-07;3.5062e-08;6.67503e-10;1.13032e-07;5.21711e-09;1.98417e-09;1.44511e-08;3.31647e-08;3.2964e-09;1.00251e-09;2.84045e-09;8.24048e-10;9.97634e-10;9.30499e-09;1.73001e-09;3.59747e-09;1.14488e-09;1.13915e-09;1.57172e-09;3.80134e-09;2.13019e-10;1.44966e-08;1.55942e-09;1.5624e-07;7.91025e-10;1.11105e-09;2.47655e-08;1.98559e-10;1.9754e-09;5.48775e-11;4.83347e-09;5.04297e-08;2.301e-10;8.00313e-09;4.94366e-11;9.8535e-09;7.85312e-10;2.25074e-09;1.49568e-07;1.28732e-11;2.74797e-09;4.53376e-10;6.26477e-11;1.27305e-07;1.27071e-10;9.66186e-12;6.55326e-09;1.3126e-07;3.97288e-09;4.7554e-09;2.00483e-09;2.77707e-11;5.61492e-10;4.9026e-10;7.2029e-10;1.00114e-09;1.88622e-09;2.58725e-08;2.45391e-09;2.67882e-08;1.5648e-08;9.51298e-11;1.3661e-09;4.50966e-10;8.63727e-10;4.04811e-09;2.93588e-09;1.46646e-09;5.90233e-08;7.41995e-09;1.30296e-07;7.64376e-07;7.15766e-11;1.9882e-09;1.05805e-09;1.01053e-09;1.31974e-09;3.30253e-09;8.12675e-10;1.27839e-09;1.25987e-09;4.48761e-08;1.09161e-08;1.25796e-07;6.11663e-08;1.36326e-09;1.38344e-09;7.82073e-12;7.02076e-08;2.58156e-09;6.35217e-08;2.4091e-09;1.48931e-09;9.30159e-09;1.31087e-09;1.82316e-08;4.86594e-11;1.62202e-09;5.98691e-09;1.55887e-09;5.60384e-10;4.22168e-09;1.21941e-07;1.72426e-10;5.24788e-10;8.28548e-11;6.6695e-09;2.39412e-09;2.53738e-09;1.48293e-07;1.14697e-10;2.79962e-10;9.51683e-09;1.38699e-09;4.16812e-09;4.86403e-08;3.00337e-09;2.94917e-09;1.30125e-10;1.09548e-08;2.2252e-09;4.28393e-09;3.15304e-07;0.000139907;5.42779e-05;0.00105727;0.9941;0.000691207;0.00245364;0.000105938;3.30905e-06;1.35199e-05;4.51319e-06;0.00136133;2.70107e-06;3.68285e-06;4.88584e-08;1.90304e-08;9.42802e-08;2.25532e-08;4.95537e-10;4.70793e-09;6.45103e-09;2.30921e-09;6.91137e-09;1.63977e-09;3.4902e-10;2.87906e-09;7.29026e-09;7.99163e-09;1.99759e-07;1.14148e-07;3.61051e-09;3.2065e-09;8.70051e-11;1.17941e-09;1.84784e-09;3.06943e-10;6.41495e-10;2.15465e-08;2.51883e-09;1.26403e-09;2.13942e-07;1.77274e-08;1.60527e-07;1.06208e-09;2.47892e-09;5.86977e-09;3.28153e-08;1.0624e-09;6.30635e-09;1.27752e-08;5.80192e-08;3.67944e-08;8.43941e-10;1.38346e-09;1.394e-10;7.11816e-09;2.19149e-10;9.77551e-10;6.16899e-09;4.04843e-09;9.85536e-09;3.64081e-08;3.72886e-09;9.17084e-09;6.40524e-11;7.24807e-09;2.07216e-09;2.3799e-09;5.50149e-09;1.77385e-08;2.58308e-09;2.21482e-08;8.79521e-09;1.09492e-09;2.43073e-09;6.23358e-10;4.75441e-09;8.03315e-10;5.43138e-09;7.92298e-08;1.28879e-08;3.60901e-08;6.06494e-08;5.22893e-09;8.24364e-09;2.12815e-09;1.91545e-08;2.00461e-09;1.14433e-09;4.67861e-09;3.15144e-09;1.51729e-09;1.10278e-09;8.32326e-10;1.79263e-08;6.34683e-09;6.46923e-12;6.80336e-10;9.50707e-10;2.43566e-09;1.98005e-09;2.92468e-09;6.62878e-10;2.24326e-08;5.77298e-09;1.05533e-08;3.98701e-08;4.02651e-09;6.95819e-09;4.42953e-10;1.41113e-09;5.90635e-10;1.72217e-08;1.27388e-10;4.06412e-12;1.82328e-10;9.06236e-12;5.76099e-09;4.0782e-10;5.06546e-08;7.35625e-10;3.55642e-09;1.02117e-09;5.1788e-10;1.56998e-09;6.13704e-09;7.5422e-09;9.87754e-12;3.91266e-10;1.6912e-10;9.8159e-10;2.55221e-10;2.11105e-09;2.89085e-10;4.92898e-11;1.50708e-09;1.04633e-09;2.50632e-08;1.91568e-09;1.38817e-08;2.095e-07;2.7032e-11;9.32929e-10;3.47697e-11;7.36735e-10;2.2766e-09;1.28953e-08;4.06409e-08;6.39122e-10;9.69502e-10;1.13597e-11;1.20245e-09;6.52903e-10;1.6592e-08;3.69649e-09;3.36848e-10;5.1241e-11;3.25547e-12;2.29094e-09;4.35811e-10;4.39229e-10;3.12892e-09;6.43121e-11;2.78202e-09;1.66037e-10;5.35764e-09;5.75549e-11;2.97712e-08;8.56429e-09;9.5552e-13;8.48505e-12;2.4711e-13;7.47056e-09;1.48136e-09;3.27325e-09;2.09587e-10;2.68538e-11;1.67382e-10;1.17805e-09;1.79231e-09;2.38669e-10;8.8844e-08;3.86272e-06;2.04583e-12;7.45486e-09;2.26938e-13;6.60981e-09;3.02523e-09;4.34757e-11;2.11586e-11;1.70248e-11;1.38663e-09;6.87211e-09;2.13915e-09;1.5432e-08;4.79718e-09;9.98277e-12;2.59394e-10;9.37001e-11;2.87285e-08;1.45788e-08;3.86894e-11;1.17787e-09;1.00326e-09;2.44237e-09;5.42557e-10;6.81345e-10;3.51107e-12;2.95899e-09;1.99612e-09;4.80627e-09;6.68231e-08;1.93386e-09;3.28644e-09;1.35517e-09;2.23429e-11;5.94684e-09;1.16789e-09;2.72332e-09;8.49361e-12;3.32764e-10;7.07601e-10;1.13087e-09;1.76145e-10;7.41172e-10;1.64069e-08;2.92403e-12
9.68223e-07;1.10025e-06;1.16937e-06;1.50578e-06;7.89356e-07;1.0764e-05;2.4164e-06;0.000143435;3.4528e-06;5.96806e-07;5.51089e-06;1.69427e-06;5.1639e-08;6.96042e-07;1.1929e-06;3.11748e-06;9.18149e-06;4.1819e-07;1.28737e-05;1.4313e-05;3.12822e-06;5.9622e-07;8.82271e-07;3.89194e-06;5.80404e-07;8.30068e-07;1.67104e-07;0.000102645;2.26184e-07;3.83424e-07;4.21419e-06;2.78689e-07;6.62422e-07;5.9934e-07;2.307e-09;1.81652e-06;7.98351e-07;2.88322e-06;4.59363e-06;1.72609e-06;2.30061e-05;0.0101885;0.00147657;0.91491;0.00428009;0.000316029;0.0672369;4.50106e-07;1.38332e-06;6.53599e-06;3.75964e-06;5.36592e-07;6.283e-07;5.04324e-06;9.11062e-09;1.55191e-06;4.31049e-07;1.33736e-06;3.49655e-06;6.43141e-05;3.87942e-06;9.31e-05;1.26636e-05;5.08716e-07;4.19784e-07;1.19183e-05;1.76108e-06;1.38083e-06;6.13244e-07;3.4051e-05;9.26166e-06;3.68651e-07;7.61305e-07;3.18616e-08;4.60199e-08;3.82677e-07;4.89683e-07;5.35436e-08;2.46117e-07;6.45052e-07;2.75477e-06;9.73e-07;7.93806e-06;4.79395e-06;4.20488e-07;1.57737e-07;3.20537e-08;5.13008e-07;5.70491e-07;3.69975e-07;8.99222e-07;1.02953e-06;7.28742e-07;1.84923e-06;8.94746e-07;2.48418e-06;9.10761e-09;2.86957e-07;1.19019e-07;2.81023e-07;5.30133e-06;1.5352e-06;1.77131e-06;7.15148e-08;1.49958e-06;6.52838e-08;1.05061e-06;8.42252e-07;9.64814e-07;1.27067e-06;3.73127e-06;3.15484e-06;5.70436e-07;4.46181e-07;3.12459e-06;2.86677e-07;7.04196e-07;5.96287e-07;1.79286e-08;2.71892e-07;6.28396e-07;5.98484e-08;4.33988e-07;6.70051e-08;3.23245e-07;2.54137e-05;4.53669e-06;7.22831e-07;7.10005e-07;4.4215e-09;1.24274e-06;3.36911e-06;1.17441e-05;2.49603e-07;3.26786e-06;1.12111e-06;2.32828e-06;3.28854e-07;2.82091e-06;2.83556e-06;3.9568e-06;1.79838e-07;8.66365e-06;2.63194e-07;1.27954e-07;3.56786e-07;4.16106e-07;7.77338e-07;4.90463e-07;5.83343e-06;4.09959e-05;6.00776e-06;2.99475e-05;1.25125e-07;7.23074e-09;5.14199e-07;2.39093e-06;1.0494e-07;2.66699e-07;1.42316e-06;6.82075e-07;4.57489e-07;4.05088e-07;8.50181e-07;3.47501e-06;6.28769e-08;7.36945e-07;1.12038e-06;1.21456e-06;2.62556e-07;8.33692e-06;2.69009e-06;3.22658e-06;4.73908e-06;1.9831e-06;3.96318e-07;7.12245e-07;4.86036e-07;1.07577e-07;1.60271e-06;5.39261e-06;2.55012e-05;4.32008e-06;4.2865e-07;1.74764e-07;1.86815e-06;1.75223e-06;4.47403e-07;4.19459e-07;6.96903e-07;3.8367e-07;6.04662e-06;5.18551e-06;2.54478e-05;1.70637e-05;1.13178e-05;5.54592e-07;5.52812e-07;4.9886e-07;9.79933e-07;5.23049e-07;2.50373e-06;1.62287e-06;3.48912e-06;2.09602e-06;6.821e-07;9.82125e-07;2.86549e-07;5.51541e-07;1.06245e-06;1.53081e-06;2.17777e-06;3.63556e-06;3.61837e-07;5.92498e-07;2.75269e-07;1.38768e-05;1.33851e-06;1.34579e-06;2.26208e-06;4.82022e-07;5.19832e-07;7.23114e-07;4.4289e-07;3.97505e-07;4.14303e-06;1.95833e-06;2.64083e-06;4.28114e-06;4.7742e-07;8.71453e-07;9.52686e-08;9.10403e-07;3.67874e-06;6.62971e-05;9.56092e-06;3.65284e-07;4.91565e-08;6.13422e-08;3.78592e-06;5.44116e-07;7.76233e-07;5.90228e-07;6.41431e-07;4.5566e-07;5.71938e-07;1.11687e-06;9.6195e-06;7.48597e-06;5.44889e-07;8.59516e-07;2.72184e-09;2.52011e-07;8.74331e-07;2.78342e-06;5.17548e-09;8.30455e-08;6.7136e-07;5.74668e-07;9.08573e-07;5.06854e-06;9.50871e-06;2.15343e-05;3.38738e-07;9.04678e-08;1.20691e-07;6.59863e-07;8.27171e-07;7.979e-06;2.21971e-08;3.83087e-07;1.00866e-07;5.31435e-12;6.1502e-08;2.74361e-06;3.70142e-06;9.80721e-06;1.59501e-08;3.01376e-06;1.51252e-08;1.44468e-06;8.51698e-07;6.26125e-07;1.85028e-08;2.37762e-07;4.13115e-07;4.60653e-07;4.10192e-08;2.53502e-07;1.65964e-06;1.43512e-06;1.21653e-07;2.04759e-05;2.37818e-07;1.34812e-06;5.40792e-07;1.19352e-06;1.34205e-06;1.52073e-06;2.85139e-06;4.41819e-07;9.13177e-08;6.10228e-07;2.07529e-06;8.90186e-06;1.17857e-08;1.68287e-07;3.08607e-10;7.83399e-07;3.64853e-07;6.41215e-07;3.0194e-08;7.21371e-09;6.956e-07;7.18647e-06;7.31482e-06;5.79129e-06;3.75313e-07;3.35727e-06;3.76483e-05;1.58709e-07;5.71413e-07;7.31521e-07;8.85736e-08;1.85381e-07;1.69829e-06;7.34003e-05;6.05773e-08;8.19461e-08;1.88567e-06;9.16714e-07;7.39415e-07;2.15028e-06;1.08346e-07;5.56233e-07;2.39882e-07;0.000149136;8.69181e-07;6.36606e-07;9.78031e-07;1.32568e-07;3.91099e-09;1.21069e-06;6.83937e-09;1.08596e-06;8.11136e-07;7.25627e-06;1.05611e-06;3.0187e-07
2.35239e-06;1.20794e-06;5.35162e-09;2.09767e-09;2.61371e-08;3.8419e-09;3.06398e-08;6.47968e-07;1.29462e-08;1.05614e-08;8.84934e-08;5.70877e-08;2.14978e-09;2.02285e-07;6.78378e-09;1.36484e-06;4.46593e-07;8.8721e-09;2.7899e-08;2.47004e-08;1.86748e-07;7.07338e-07;7.50466e-09;1.44655e-06;1.25953e-08;2.21882e-08;3.32289e-09;9.19789e-08;6.84411e-06;7.35474e-09;4.04146e-08;3.90445e-07;5.84813e-10;6.04681e-09;3.44145e-10;4.53355e-07;1.2684e-08;1.02693e-08;3.41667e-08;2.20041e-10;2.44388e-09;3.34772e-09;1.12895e-09;1.94058e-07;2.93231e-09;1.45051e-09;8.0864e-08;2.51979e-06;1.01254e-08;2.14345e-08;4.5678e-08;1.34096e-10;1.71735e-08;3.38153e-11;2.7283e-09;2.3789e-09;3.85955e-09;4.25993e-06;1.64465e-08;3.74357e-08;5.43581e-07;8.26726e-08;1.83569e-08;2.67237e-09;8.81158e-09;4.00202e-07;4.75603e-09;4.50982e-09;1.76722e-06;3.1607e-08;2.33653e-08;4.15635e-07;9.88496e-10;4.96466e-09;1.32644e-11;1.44282e-08;2.02275e-08;3.46808e-08;3.21929e-09;3.57432e-09;2.91493e-08;4.36541e-06;9.70359e-09;3.0265e-08;2.32627e-07;9.7591e-10;7.33171e-09;1.87904e-11;1.04959e-07;9.47546e-09;8.92344e-07;1.23171e-08;1.00602e-08;2.21601e-06;9.90133e-09;1.53556e-08;8.57353e-10;7.30584e-09;1.58779e-09;1.37799e-06;1.47305e-09;3.04891e-08;7.78907e-08;9.10396e-10;2.42251e-08;1.68816e-11;4.56413e-07;2.01857e-08;2.48594e-08;1.17353e-08;3.11403e-10;7.4483e-10;7.22031e-08;9.35495e-09;1.04676e-08;1.00599e-06;4.84699e-10;5.81525e-09;1.56982e-12;9.19343e-09;1.93979e-09;5.25222e-10;4.41904e-09;3.59551e-05;1.51948e-08;4.65667e-07;4.90865e-06;2.60796e-08;1.22804e-08;1.22012e-09;2.39231e-06;9.85746e-08;6.81863e-08;1.79275e-07;1.05862e-09;2.38273e-09;2.36595e-06;8.28516e-09;5.2375e-08;1.60441e-06;6.28292e-09;5.88597e-08;1.10271e-09;9.44318e-08;4.16777e-08;6.4555e-09;6.45794e-09;3.00994e-09;3.61312e-06;1.74646e-08;1.3393e-07;4.6e-07;5.31199e-10;4.63088e-10;3.38049e-11;1.14793e-08;3.77024e-09;8.25484e-11;7.49844e-10;1.892e-06;1.27511e-08;1.1308e-08;1.52283e-06;4.13958e-08;3.56728e-08;4.62597e-10;9.93951e-08;7.58246e-09;3.89374e-09;1.68451e-08;6.51338e-07;2.30231e-08;9.47811e-08;6.06074e-06;4.06993e-09;7.6239e-08;1.41424e-09;9.37223e-08;1.21915e-09;1.325e-08;4.57115e-06;8.95185e-09;5.88324e-08;1.85322e-07;7.07568e-09;4.56286e-09;1.2037e-09;2.19406e-07;3.30692e-09;1.35611e-08;7.45464e-09;1.63977e-06;1.58322e-08;5.58994e-08;3.29965e-07;7.17401e-09;4.69177e-09;3.82167e-10;1.69509e-08;1.83641e-09;5.73186e-09;4.34605e-06;3.4078e-08;4.33805e-08;7.84592e-07;3.31245e-09;2.21043e-08;1.75728e-09;9.22898e-07;1.20051e-08;9.62966e-09;9.39547e-09;8.8501e-09;7.4049e-09;6.85182e-07;2.2909e-09;1.97153e-08;1.71888e-08;3.06642e-09;4.26596e-10;1.7251e-11;1.13582e-08;1.63352e-08;7.97173e-09;8.95783e-09;5.09823e-06;7.15144e-08;4.96185e-08;3.16404e-07;7.44907e-09;2.23227e-07;6.41564e-10;7.18618e-07;1.00742e-09;8.81398e-09;7.57105e-08;4.28414e-11;2.2904e-10;3.66936e-12;2.252e-07;6.92096e-09;2.20533e-07;1.31248e-09;1.18307e-09;1.46517e-08;1.64433e-06;4.98086e-08;1.27341e-08;1.15249e-07;1.51358e-10;5.23824e-10;2.3345e-11;7.78917e-07;7.30279e-09;2.74541e-08;2.7795e-09;1.27368e-09;7.86293e-09;1.70911e-08;1.63359e-06;4.45665e-08;4.04926e-08;4.5404e-08;1.10438e-08;2.44509e-08;6.37786e-11;2.62207e-08;1.63786e-08;6.41698e-09;1.35808e-08;5.85767e-09;2.0611e-09;2.45179e-11;3.54048e-07;7.74133e-10;1.04142e-08;1.05039e-07;7.37939e-12;5.04783e-10;6.5039e-12;4.8282e-07;1.35164e-09;2.8575e-09;2.50129e-09;1.96255e-10;2.34029e-09;5.68367e-06;0.000342249;1.39413e-06;4.29301e-05;0.989361;0.000973668;0.00248959;3.061e-06;4.26569e-05;3.39483e-07;1.83895e-07;0.00657939;2.65743e-06;5.37852e-06;7.4876e-09;3.33672e-06;7.62321e-09;3.6144e-08;4.02937e-06;3.05648e-10;4.778e-08;6.16829e-13;2.9003e-07;1.13109e-08;1.6579e-08;1.27711e-10;1.27023e-09;1.19213e-08;1.35458e-06;6.13752e-09;5.96801e-08;2.39684e-06;1.73752e-10;3.76028e-11;1.15023e-09;5.62118e-08;2.28654e-09;3.49748e-09;6.79975e-07;1.38848e-08;5.75311e-07;1.88067e-09;1.4072e-07;7.60433e-09;2.88075e-07;1.95753e-09;8.44816e-09;1.08383e-08;8.74175e-09;1.55767e-09;2.44448e-09;8.44349e-10;1.11939e-06;3.09035e-09;7.51225e-07;2.80465e-09;5.21405e-09;1.84769e-10;6.55964e-06;3.32312e-09;8.03416e-09;2.86865e-08;1.52574e-10
3.48189e-09;2.84371e-09;3.90002e-10;8.35036e-10;7.55021e-10;2.44017e-10;1.1726e-09;1.34153e-08;4.53063e-10;2.6436e-10;3.49224e-09;6.17601e-10;2.0868e-09;2.81341e-10;2.01409e-10;2.40233e-09;4.72616e-09;3.11887e-10;7.94044e-10;6.66297e-10;1.41985e-10;1.5293e-10;1.72327e-10;3.59699e-09;6.08439e-11;1.31547e-08;1.90838e-09;0.999998;4.53538e-10;9.29155e-10;1.38997e-09;2.88342e-09;4.19155e-11;3.37533e-07;2.15193e-09;9.53351e-10;5.91705e-10;5.6078e-10;1.9009e-09;4.07297e-10;1.63357e-09;3.05546e-08;2.75873e-07;2.90589e-07;3.00958e-08;2.9086e-08;5.09302e-08;2.17568e-09;7.03889e-10;3.78382e-09;4.6342e-09;1.622e-09;1.49117e-08;1.34149e-09;7.07863e-10;3.95354e-09;7.70985e-09;7.14031e-10;3.21884e-10;3.30157e-10;9.67377e-10;1.87188e-10;2.89618e-10;1.74547e-09;2.5684e-10;5.76639e-10;8.32886e-11;1.82827e-10;6.27035e-10;5.20963e-10;4.85345e-10;1.21201e-08;1.05134e-09;2.35211e-09;4.44541e-09;1.85235e-10;2.49714e-10;3.57448e-10;1.26488e-10;1.9218e-09;5.40677e-10;9.17745e-10;9.07842e-10;2.87733e-10;6.18526e-09;6.95097e-11;7.41549e-09;2.11025e-09;5.51037e-10;8.32208e-10;1.94995e-10;4.88642e-10;3.6263e-10;1.00231e-09;2.19364e-11;5.60953e-10;8.63775e-09;1.99881e-09;1.74234e-10;1.4401e-10;4.10133e-10;5.18468e-10;3.16557e-10;2.8401e-10;6.55845e-10;1.18393e-09;2.81836e-09;3.72117e-10;3.74828e-10;2.07332e-09;2.39395e-10;5.74425e-10;5.34433e-10;1.46578e-10;1.22618e-08;3.86038e-09;9.77675e-10;3.15745e-10;4.75276e-09;7.30541e-10;7.44155e-10;2.03186e-10;4.48714e-10;4.13952e-11;2.95562e-11;9.8745e-11;4.29035e-11;6.20689e-12;5.47411e-12;3.81653e-10;6.91617e-11;1.05084e-10;1.70952e-10;7.67431e-10;5.04121e-11;3.51214e-11;2.69541e-10;1.05776e-10;6.69408e-11;7.62891e-11;6.71542e-11;3.29416e-11;1.36809e-09;7.35318e-10;2.56596e-09;1.00769e-10;1.94479e-10;4.54775e-10;3.16352e-10;7.59341e-10;2.81524e-09;5.61192e-09;1.03415e-10;8.85467e-11;1.36865e-09;2.43819e-10;4.07789e-08;9.44815e-10;5.37698e-10;9.16863e-10;1.50283e-10;2.15221e-10;7.05694e-10;1.94257e-10;1.05367e-08;7.90683e-09;2.70559e-09;3.58581e-10;1.36841e-09;4.06528e-10;6.17234e-10;1.05413e-09;7.66223e-11;2.70964e-09;1.2645e-10;6.65414e-10;4.25668e-09;5.8418e-11;3.44296e-11;5.7657e-10;5.32831e-10;6.28048e-10;2.7879e-10;1.13993e-09;9.00658e-11;4.2198e-10;4.87244e-10;3.51521e-10;1.63691e-10;1.99351e-10;4.31964e-10;9.04932e-10;1.39609e-10;9.52421e-10;1.23477e-09;5.32302e-10;4.76979e-09;5.15638e-10;2.39597e-09;1.63605e-10;1.16012e-10;5.92815e-10;6.99989e-10;5.20117e-10;1.20355e-09;1.40821e-10;1.97477e-09;4.50665e-10;1.75402e-10;3.26126e-10;2.57734e-10;2.81057e-10;1.71592e-10;2.10339e-10;1.43665e-10;4.49609e-11;7.18815e-10;1.81526e-10;8.34726e-12;2.02609e-10;4.70046e-10;1.31483e-10;8.84038e-11;2.5058e-10;4.56021e-10;7.02974e-10;1.22763e-09;3.80378e-10;5.31042e-10;7.31065e-10;2.80984e-09;1.12344e-08;2.87714e-10;2.46683e-10;1.0284e-09;7.54763e-08;5.065e-10;3.82071e-09;1.09438e-09;3.58924e-09;6.03404e-10;4.02335e-10;7.40977e-11;4.73719e-10;1.86428e-10;1.0126e-10;1.34045e-10;2.16642e-10;5.92294e-11;6.79792e-11;2.56415e-10;1.40134e-10;1.0566e-10;1.014e-10;7.34956e-11;2.78062e-11;6.11901e-11;2.23972e-10;3.17005e-10;1.00971e-10;2.90964e-10;3.84322e-10;5.48754e-11;1.45253e-10;1.05499e-10;1.19849e-10;2.32827e-10;7.87939e-10;1.08978e-10;1.75288e-10;1.26683e-10;1.33524e-10;2.73687e-08;1.00782e-09;1.17068e-09;3.97381e-10;5.56412e-09;8.04549e-11;5.27581e-10;3.35849e-11;1.84016e-09;7.5501e-10;3.54683e-09;3.24205e-10;6.0908e-10;2.68149e-10;2.33179e-10;3.25362e-11;1.33466e-10;1.41511e-09;2.64964e-10;1.67701e-11;9.27147e-11;7.88154e-11;4.94965e-10;2.60601e-10;3.74932e-10;5.10343e-08;1.14835e-10;3.2948e-10;4.36505e-10;6.49767e-11;5.79737e-10;4.69598e-10;5.63943e-10;2.28658e-11;8.7256e-11;4.28374e-07;1.31396e-09;3.73001e-10;3.17403e-11;2.50024e-11;3.89512e-09;3.20057e-10;2.63255e-10;1.85618e-10;5.97436e-10;6.35013e-11;2.63498e-11;3.12358e-11;3.36363e-11;2.26515e-10;2.06193e-10;4.60166e-10;7.95699e-10;3.31827e-10;1.48677e-07;2.14756e-10;1.93159e-09;2.19822e-08;1.31917e-10;1.49777e-10;2.09837e-10;2.48056e-09;2.74323e-10;1.64422e-10;4.54786e-08;7.98384e-11;3.6806e-10;2.30193e-10;2.37088e-10;1.36559e-09;2.39616e-10;2.93846e-10;4.02782e-10;2.58033e-10;3.95712e-10;1.0927e-09;2.01325e-10
6.5653e-08;1.29695e-05;1.4074e-08;2.59516e-08;4.43915e-07;2.49422e-08;4.14724e-08;1.60658e-09;3.86718e-09;2.80565e-09;8.89629e-08;1.33021e-07;1.77512e-11;3.3e-08;2.23264e-09;2.24746e-07;3.02319e-08;2.08048e-09;9.61263e-10;2.25163e-09;3.92565e-10;1.70367e-08;3.40427e-09;7.65812e-07;1.06715e-09;3.45689e-09;4.995e-10;2.2555e-08;2.96002e-07;8.13663e-09;1.16282e-08;1.53203e-06;5.70548e-11;7.17156e-09;1.98372e-12;4.10936e-08;1.72276e-09;1.71437e-09;2.13316e-09;9.526e-11;1.23228e-10;9.83776e-11;2.6593e-10;1.03925e-08;7.37039e-09;6.32502e-10;2.39638e-09;3.99166e-06;6.63304e-08;1.1499e-07;2.22614e-06;5.39401e-09;6.71106e-08;2.85409e-12;3.69209e-10;3.61275e-09;3.41588e-09;1.26277e-07;3.48641e-09;4.40949e-09;2.76108e-08;1.74976e-09;9.82974e-10;7.83371e-12;2.12893e-09;1.12303e-08;4.79564e-09;2.02098e-09;1.80104e-06;4.26047e-07;5.88247e-08;3.78591e-05;6.26276e-09;2.46875e-08;6.89867e-12;2.08818e-09;2.82844e-09;1.2982e-07;2.25862e-08;3.60245e-09;2.0344e-09;4.96445e-08;1.35474e-08;4.89753e-09;4.60729e-08;7.46253e-10;3.5063e-09;2.12547e-13;1.07538e-08;2.71084e-09;8.826e-08;4.70508e-09;2.78832e-09;1.55001e-05;7.10745e-10;3.40844e-09;1.18453e-11;3.45475e-09;1.44686e-09;1.31677e-08;9.81825e-09;1.06821e-07;4.61902e-07;1.10535e-08;1.02924e-08;1.91936e-12;1.11474e-07;4.47036e-09;4.43437e-09;6.93519e-09;7.62634e-11;7.70296e-10;2.20017e-08;3.81106e-09;2.66676e-08;1.30354e-05;8.57861e-09;1.12086e-08;2.96141e-11;4.48328e-08;3.76999e-09;1.05098e-09;5.08773e-09;5.59169e-07;1.21331e-08;1.42286e-08;5.81072e-06;2.80382e-09;1.00539e-09;1.175e-12;6.89925e-08;6.48517e-09;4.22556e-09;2.00673e-08;1.26093e-10;9.84695e-11;1.13553e-07;2.55245e-09;9.90854e-09;1.23083e-06;5.40494e-10;6.40246e-09;6.10261e-11;2.31972e-08;3.86567e-09;2.33545e-09;1.07776e-09;3.01377e-09;3.72125e-07;1.16736e-07;7.73315e-08;4.20603e-05;6.96346e-09;6.98331e-09;1.94829e-11;1.24486e-09;4.83369e-09;1.9864e-09;1.62171e-09;3.51644e-06;3.81412e-09;9.20409e-09;0.999231;7.47234e-06;0.000215047;2.87553e-06;0.000210262;3.18633e-07;1.27295e-06;3.5031e-09;2.32129e-07;1.43916e-08;8.58615e-08;1.22513e-05;1.67935e-09;2.11617e-09;9.76619e-11;5.85136e-08;2.51694e-10;6.53514e-09;4.88617e-07;3.44296e-08;8.36144e-09;4.64358e-07;1.17432e-09;5.55177e-09;2.30792e-10;5.95481e-08;4.2965e-09;8.39735e-09;2.8409e-09;4.37624e-07;1.09763e-08;1.50574e-07;1.74281e-06;1.22356e-09;5.96489e-10;4.22442e-11;3.2867e-09;3.99425e-09;5.33708e-09;3.52954e-07;9.89162e-09;4.56987e-09;2.35785e-06;8.58727e-11;5.05202e-09;2.81425e-10;9.4703e-08;2.29039e-09;1.37322e-08;2.42281e-09;8.76346e-09;1.45586e-09;3.23296e-08;1.39744e-09;1.50661e-09;4.31416e-08;1.25061e-10;2.09051e-09;2.01635e-14;3.19889e-09;3.41088e-09;2.80461e-09;1.75494e-09;3.75522e-07;2.02946e-08;6.81093e-09;1.07511e-05;1.23661e-09;3.27105e-08;2.2109e-11;9.50749e-08;4.1044e-09;7.6687e-09;8.09622e-06;7.1412e-10;6.001e-10;1.05958e-12;4.25827e-08;3.16716e-09;2.49726e-07;2.97055e-09;8.21657e-09;3.13714e-09;1.34217e-07;1.48781e-08;5.88517e-09;1.88163e-06;4.93504e-11;1.99484e-10;1.45854e-11;3.68324e-08;1.38418e-09;1.67278e-09;8.09967e-10;1.48837e-09;8.30485e-10;1.14999e-08;3.42013e-07;2.89479e-07;4.16257e-08;5.96455e-06;1.66508e-08;1.35211e-09;3.10396e-12;1.164e-08;4.7125e-09;5.46716e-09;1.44554e-09;2.79046e-09;1.16899e-09;1.52341e-13;8.47485e-09;3.89387e-09;3.38051e-09;1.03311e-06;6.27756e-11;3.30957e-09;2.35054e-12;2.88703e-08;1.31569e-09;1.40792e-09;2.10051e-10;1.96229e-10;7.13925e-10;1.0631e-09;1.23177e-08;8.05744e-11;1.50208e-09;3.42058e-08;5.05922e-11;1.71859e-10;1.79687e-13;1.46747e-08;2.37262e-09;1.95384e-09;1.6877e-09;4.21223e-11;5.39519e-11;2.43945e-09;5.08872e-07;1.30366e-09;3.5909e-09;2.9321e-07;1.38715e-10;8.61956e-09;1.22213e-15;3.20752e-08;7.85933e-09;9.66296e-12;7.95776e-12;1.66746e-11;2.1202e-09;4.1752e-07;1.77242e-08;7.2527e-08;3.14689e-06;8.84344e-10;2.54915e-11;6.41806e-12;4.66898e-08;8.30943e-10;7.60221e-12;5.49304e-08;2.33e-09;0.000123494;1.67697e-09;8.62646e-08;1.47527e-11;3.36446e-08;2.23648e-09;2.77797e-09;1.4931e-09;2.41335e-09;4.64761e-10;3.86779e-10;9.76009e-12;6.75043e-08;3.19447e-09;7.54924e-06;2.14408e-07;8.66015e-10;2.34459e-12;5.87746e-08;2.84781e-09;5.65006e-10;5.71514e-09;4.08141e-11
5.85294e-10;1.21477e-09;2.47987e-10;6.11069e-11;3.48659e-09;4.14843e-10;1.27416e-10;3.6444e-09;3.29301e-10;1.74155e-10;2.98041e-10;1.23072e-09;1.27678e-07;1.89122e-10;3.33914e-10;2.61777e-08;2.28155e-09;3.38638e-10;6.27783e-09;3.26357e-10;1.50544e-10;2.46427e-11;2.85599e-10;1.16455e-09;2.60657e-10;1.54627e-09;4.77279e-08;0.999999;4.39844e-11;1.37234e-09;1.54004e-10;6.14175e-10;1.52103e-10;1.20342e-10;3.09901e-09;5.7829e-10;2.36507e-10;3.8985e-10;7.12428e-09;1.5429e-09;8.26309e-10;3.72724e-09;1.48396e-08;1.68421e-09;3.35123e-08;2.81693e-08;4.83934e-09;5.23744e-10;1.39993e-10;8.77339e-11;9.7313e-09;1.19106e-08;7.03918e-09;1.33893e-08;3.98827e-10;1.0084e-09;1.63123e-09;1.09062e-10;6.97657e-10;1.781e-10;4.93797e-11;2.02076e-10;2.18435e-09;5.39282e-10;1.90624e-10;1.18504e-09;3.07601e-10;1.32041e-10;6.6262e-11;2.62933e-10;2.3076e-10;2.7563e-08;1.34652e-08;2.38028e-09;4.54087e-09;1.04376e-10;1.66384e-10;5.22121e-09;1.30447e-10;1.9199e-10;1.34376e-09;1.2166e-10;6.43798e-10;1.80884e-10;1.10898e-09;4.38067e-09;6.41722e-08;8.55628e-08;1.17867e-09;3.27993e-10;5.1503e-11;3.05145e-10;2.21558e-10;7.12073e-11;6.68846e-11;1.5909e-11;3.3821e-09;1.75767e-09;1.49529e-09;9.05576e-12;6.73334e-11;2.71036e-10;4.62066e-10;1.99756e-09;1.37039e-11;1.9185e-09;4.12441e-10;3.69101e-10;1.51827e-10;9.84918e-08;9.77141e-11;1.36832e-10;2.12263e-10;2.65255e-10;7.1162e-10;1.6062e-08;4.02039e-10;7.44058e-10;4.08644e-08;3.73016e-08;4.58338e-10;1.99101e-08;8.30026e-10;6.34655e-12;3.29514e-11;3.62829e-12;1.32887e-09;2.35441e-11;1.78418e-10;3.76273e-09;8.45493e-11;1.47755e-09;1.75683e-10;1.9425e-09;9.21635e-11;2.37851e-10;9.6299e-11;6.71399e-11;1.13211e-10;5.56712e-10;8.892e-11;2.2988e-10;9.9458e-09;4.62849e-10;4.6334e-10;9.47064e-10;4.22072e-10;1.178e-09;4.86519e-11;4.33392e-10;4.15516e-10;8.23382e-10;3.04078e-10;9.86497e-10;2.97863e-09;3.07071e-10;1.1431e-09;2.2997e-09;2.09912e-09;4.22375e-10;1.37779e-10;1.37382e-10;9.28412e-10;1.93088e-10;1.19533e-08;2.47043e-07;3.03055e-09;2.24869e-09;1.29675e-08;4.6511e-10;3.30666e-10;8.49588e-10;7.21736e-10;1.25677e-09;3.59132e-09;6.52986e-10;5.39074e-09;4.28607e-10;3.61693e-09;1.55497e-09;1.16444e-10;4.99583e-10;4.90481e-11;1.35924e-10;8.4418e-10;1.24127e-09;1.16269e-08;4.72706e-10;4.79728e-10;3.4442e-10;7.67255e-10;3.40603e-10;8.82658e-10;2.53612e-09;1.8917e-09;1.50032e-09;1.48953e-09;2.79465e-08;2.62141e-09;1.26039e-09;3.36779e-09;2.763e-10;4.89746e-10;4.6632e-10;1.3724e-10;3.53245e-10;6.00136e-10;5.24238e-09;1.28342e-10;2.5731e-10;8.98493e-11;2.83839e-10;2.40249e-10;2.57375e-10;4.85417e-11;4.43306e-10;2.1947e-10;1.77048e-10;3.81169e-11;6.71996e-09;4.56566e-09;1.1929e-10;3.59908e-10;1.33429e-10;4.44706e-10;2.13241e-10;5.02952e-10;6.80345e-11;4.6155e-08;5.4155e-09;9.96785e-10;2.54828e-08;5.40618e-11;5.28754e-10;5.10585e-10;1.50426e-08;5.4776e-10;6.94647e-10;1.37492e-08;6.88574e-10;1.46613e-09;2.16509e-08;2.1506e-10;4.19373e-09;3.36614e-10;1.00784e-11;1.61282e-10;1.60276e-10;2.4279e-11;2.55726e-11;2.31859e-10;3.45765e-09;2.52611e-10;1.14158e-10;5.78903e-11;1.77965e-09;4.79305e-10;1.11411e-10;3.19469e-10;2.15175e-11;8.70564e-11;1.62598e-10;3.14664e-11;1.84506e-09;5.64101e-11;2.69202e-09;1.5618e-10;3.6345e-10;1.02616e-09;1.28557e-11;4.36441e-10;5.71693e-10;1.57251e-11;9.41229e-13;3.75131e-11;3.33656e-11;2.59193e-10;2.56277e-12;8.83291e-11;1.02862e-09;2.38883e-10;1.11483e-09;2.14382e-09;2.36566e-11;3.6772e-09;2.98013e-10;1.67057e-09;1.79915e-11;2.51876e-11;2.12215e-11;2.76786e-11;8.72785e-10;4.53686e-10;3.56499e-08;1.20612e-09;1.01114e-09;4.57547e-10;4.22548e-10;1.35063e-09;6.11348e-10;3.10648e-10;2.86999e-12;6.50101e-11;4.19834e-11;5.64714e-10;3.68148e-10;2.4612e-12;1.85735e-08;1.36086e-10;1.67124e-10;4.58882e-12;2.11993e-09;8.69579e-12;5.16204e-10;6.00868e-11;1.06222e-10;2.59922e-10;1.02255e-10;4.16006e-11;1.35019e-10;2.71324e-11;2.04941e-09;6.66022e-10;5.71169e-09;3.73738e-10;5.99099e-11;1.51029e-09;4.90313e-11;6.54917e-10;6.0963e-08;2.79699e-11;4.30717e-10;4.91623e-10;1.49607e-08;3.73367e-10;3.2345e-10;1.69103e-07;4.22655e-12;2.23484e-10;3.82362e-10;1.02719e-10;1.1598e-08;4.78787e-11;4.81447e-08;6.61334e-11;1.85167e-10;1.83632e-10;3.44451e-10;2.68447e-10
4.18452e-08;0.00310926;7.39391e-05;0.000259018;0.963899;0.0285605;0.00324026;8.16267e-07;2.26242e-07;2.39518e-07;6.84639e-08;7.51437e-07;9.6254e-09;2.46063e-07;3.11448e-07;6.80355e-07;2.91257e-06;2.00738e-07;2.03733e-08;8.42152e-07;1.42919e-07;9.23812e-08;1.18096e-07;2.72e-07;1.86619e-07;8.84817e-06;1.90438e-06;1.28923e-07;1.41437e-07;2.76972e-06;9.65964e-08;1.17044e-05;8.07431e-07;3.13048e-06;1.86514e-07;2.6825e-07;2.81754e-07;8.8092e-07;2.75877e-06;1.33867e-06;2.36734e-06;4.6429e-07;3.34643e-08;2.43166e-08;1.5449e-06;1.60695e-06;6.04071e-07;1.56912e-07;2.69663e-06;1.12462e-06;7.309e-06;1.25432e-06;2.56281e-07;2.18246e-06;9.34326e-09;2.28263e-06;4.47731e-06;1.94638e-07;9.45903e-07;2.09844e-07;2.02382e-07;5.69284e-08;2.52552e-07;1.06687e-07;2.7599e-07;1.03917e-06;2.35647e-07;1.80961e-07;5.0803e-07;8.15442e-07;7.98118e-07;2.22446e-08;3.1301e-06;1.30342e-07;1.8539e-06;1.70901e-07;3.32958e-07;2.38205e-07;5.23613e-06;1.57011e-07;1.18428e-06;1.49404e-07;4.42367e-06;5.966e-07;4.18229e-07;2.07053e-06;2.08551e-05;2.09931e-07;3.36188e-06;5.86948e-07;2.3653e-07;9.21991e-07;1.8645e-07;6.21094e-09;5.33528e-08;6.33202e-08;6.63018e-08;1.22033e-05;5.09698e-05;8.35495e-08;2.69244e-06;3.6525e-07;3.49974e-06;2.66232e-06;2.6254e-07;8.05205e-07;3.75416e-08;3.86673e-07;1.51913e-07;3.72484e-06;1.42742e-07;5.39058e-08;8.274e-08;2.92486e-07;7.23337e-08;2.64835e-07;1.34268e-06;1.48493e-06;6.76545e-06;9.62127e-08;1.8629e-07;3.15478e-06;7.90319e-07;3.27438e-09;7.21327e-07;1.93041e-08;3.13385e-06;3.18366e-07;4.47188e-07;2.87124e-09;2.59418e-08;1.61966e-06;4.45359e-07;3.85184e-08;2.83529e-07;9.63098e-09;2.64521e-07;3.96058e-06;1.70281e-06;1.81816e-06;2.47973e-07;3.9717e-06;1.42296e-06;7.03658e-08;3.45592e-07;9.79533e-07;2.23555e-07;2.50343e-07;3.70403e-08;8.20125e-07;2.49515e-07;1.68991e-08;4.88182e-09;1.71702e-06;6.29172e-08;1.85976e-07;2.55248e-09;4.10669e-07;7.67165e-08;7.58087e-07;3.5774e-07;1.93841e-07;1.20659e-07;2.58674e-06;8.36933e-06;1.918e-05;8.06347e-08;9.85874e-07;5.60385e-05;2.62971e-07;5.38787e-07;1.44833e-06;2.68353e-06;3.69492e-06;5.05362e-05;6.25581e-06;1.70612e-05;3.80538e-08;4.87284e-06;6.20884e-06;5.32331e-07;2.63562e-06;8.37031e-07;6.34406e-06;2.23673e-05;7.72196e-07;5.60879e-05;4.27494e-06;4.70954e-06;6.22835e-07;1.69499e-06;2.41591e-06;1.11893e-05;3.03387e-06;1.7985e-05;5.76358e-06;5.99996e-06;7.06069e-06;2.46688e-07;2.10288e-06;7.79343e-07;1.28649e-07;1.90479e-07;3.39114e-07;1.57255e-06;1.89555e-05;3.52675e-06;1.31424e-06;1.51583e-07;2.34673e-07;2.19351e-08;8.69144e-08;4.35366e-07;4.91182e-07;1.00801e-07;2.02293e-05;4.77846e-07;5.50323e-07;2.67663e-07;6.19082e-07;5.18105e-08;3.38333e-07;7.26753e-07;1.88144e-07;4.69019e-07;8.41242e-08;2.15316e-06;1.85207e-06;5.60558e-06;9.93118e-06;7.72124e-07;1.76836e-07;1.45648e-08;3.09612e-06;4.21845e-07;1.19673e-07;9.61901e-07;1.63633e-07;8.50922e-07;4.91746e-08;2.05615e-07;3.68134e-07;4.13197e-07;6.06528e-06;2.83263e-07;1.68083e-08;2.13154e-06;1.5162e-06;1.65976e-05;2.2914e-06;6.83633e-08;1.73908e-06;5.58146e-08;3.81487e-07;3.21792e-07;4.02277e-06;1.51915e-06;3.08343e-08;4.23975e-07;7.85796e-08;4.76643e-07;2.78154e-06;2.90814e-07;6.77611e-07;2.89076e-07;8.45534e-07;1.8185e-07;2.19437e-07;1.09151e-06;5.12352e-08;4.66412e-07;2.83253e-06;5.42e-06;8.0703e-09;2.1126e-07;8.66422e-09;2.8251e-08;6.20301e-09;3.53196e-08;2.13906e-08;1.49227e-08;8.35452e-08;4.24843e-07;2.80657e-10;1.82871e-07;3.00753e-07;3.4578e-07;8.95574e-08;1.21934e-07;1.077e-07;7.97377e-08;6.25096e-06;1.83987e-08;8.20335e-08;1.24808e-07;1.16608e-06;4.05539e-07;2.45534e-09;4.32272e-07;8.55832e-08;2.23527e-07;3.1435e-07;8.70935e-08;6.14709e-07;1.66283e-05;2.97357e-05;2.42595e-09;6.94574e-09;9.01235e-08;2.76521e-06;2.06047e-09;2.67611e-07;8.14133e-11;2.46629e-07;3.16883e-07;2.51362e-06;1.14557e-06;7.23553e-08;2.60233e-07;4.86046e-08;3.82368e-07;3.10414e-06;5.21124e-05;3.72844e-09;6.66628e-08;3.65204e-08;1.70931e-08;2.12403e-07;1.26619e-06;2.3436e-08;7.85087e-08;1.67568e-06;4.5968e-07;2.85268e-07;2.63219e-07;5.21658e-06;3.49504e-08;4.02273e-08;3.58151e-07;5.53817e-06;1.48056e-06;7.40748e-07;2.14737e-07;2.20734e-06;8.91748e-09;1.75882e-06;1.38314e-07;1.39596e-07;2.0382e-07
1.2275e-06;2.10606e-06;1.13154e-06;1.42866e-06;1.13746e-05;1.11819e-06;3.03955e-07;2.07995e-07;2.80114e-06;1.54165e-06;7.99302e-06;4.86821e-08;1.48459e-06;5.76914e-07;1.94602e-06;1.28005e-05;0.000139106;6.55941e-07;1.53705e-06;2.10478e-06;3.71536e-07;1.06482e-06;2.01846e-06;7.0031e-06;7.72294e-05;0.00227457;4.95877e-05;3.12514e-08;1.35631e-07;1.3698e-05;1.05891e-07;9.36905e-07;4.66618e-07;0.00012938;1.47516e-07;1.14684e-06;5.62443e-07;1.17644e-06;3.4057e-06;0.00012283;1.87849e-06;9.78627e-06;4.21045e-05;5.47244e-07;1.63703e-05;0.000127694;1.5415e-07;2.74166e-07;1.04121e-06;7.24647e-08;1.13919e-06;2.04428e-05;3.55909e-07;3.49623e-05;8.77072e-08;7.12743e-06;3.46016e-06;8.3517e-07;3.19421e-06;6.6265e-06;4.11712e-06;3.33522e-07;2.11161e-06;2.14092e-07;1.13107e-06;8.44479e-07;3.18285e-06;2.16911e-06;4.99944e-07;5.10974e-06;1.67084e-06;9.7151e-06;1.10904e-07;1.45734e-06;1.37553e-06;8.39252e-07;5.6397e-07;1.14918e-06;4.77502e-07;3.7029e-07;2.64298e-06;3.77743e-07;1.62121e-05;1.00182e-06;1.78597e-06;3.3842e-06;6.85907e-05;1.20319e-06;3.28422e-06;1.76712e-06;3.42041e-06;1.74365e-05;8.07092e-07;3.23674e-06;9.80418e-06;2.19719e-06;3.73211e-07;1.84879e-06;5.50859e-06;1.77749e-07;1.4083e-06;4.57697e-08;1.54226e-05;4.73276e-07;9.58192e-08;7.31641e-07;1.05913e-07;1.81981e-06;1.15816e-06;8.38123e-07;1.79386e-07;2.22522e-06;2.22842e-06;2.09622e-06;2.87853e-05;1.2404e-05;2.42724e-06;9.21739e-05;0.000192024;0.000280991;5.38879e-06;8.53726e-05;0.000421027;0.000211808;0.0104723;0.000566018;0.669253;0.0351599;0.250257;0.0253091;5.53858e-05;0.00045607;0.00018049;0.000888908;0.000848359;0.000319514;3.87042e-06;0.000106817;8.65669e-06;8.09671e-06;1.21536e-05;2.44384e-06;2.36007e-06;1.68785e-06;1.25186e-05;3.1501e-05;5.78695e-06;2.16253e-06;1.1548e-07;1.7832e-06;1.81575e-07;1.8646e-06;1.91924e-07;1.39188e-05;2.92823e-07;1.08159e-06;1.854e-07;1.83248e-06;4.11848e-06;4.80721e-06;2.25227e-06;1.12352e-06;3.23181e-05;0.000100624;0.000222838;0.00017619;7.31707e-06;4.59209e-05;5.52569e-05;3.23233e-06;3.78577e-06;8.96314e-06;2.44067e-06;7.27911e-07;1.15323e-06;5.73231e-06;5.95643e-07;7.98881e-07;1.35219e-06;2.50644e-06;7.65088e-07;2.77118e-05;1.7822e-06;5.58614e-06;2.90403e-06;2.70329e-06;4.71996e-06;2.63776e-06;3.07162e-06;1.99141e-06;6.44375e-06;7.39346e-07;1.92185e-05;6.35663e-06;1.57247e-05;1.14971e-05;3.42687e-07;1.14029e-06;3.42412e-07;5.09838e-06;1.04276e-05;1.57665e-06;5.57086e-06;5.61721e-06;2.74989e-07;1.23906e-05;1.04534e-06;2.20659e-06;4.89678e-07;2.78696e-06;1.59991e-07;2.85865e-07;2.04226e-06;3.14662e-06;3.24404e-07;1.88824e-05;1.01154e-05;1.94335e-07;1.61098e-06;1.87692e-07;3.17484e-09;5.9162e-07;1.82613e-06;8.46449e-07;5.13628e-07;2.69625e-06;5.43961e-06;1.27766e-06;5.92301e-06;5.42774e-06;2.41457e-06;4.57852e-08;3.47879e-07;1.10732e-05;2.78659e-06;3.9516e-05;4.78267e-06;3.94972e-07;1.09128e-06;1.29403e-06;9.12866e-07;1.1252e-07;1.18538e-06;2.4844e-06;8.29404e-07;9.60237e-08;2.5881e-05;8.08245e-07;1.03698e-07;6.13024e-07;4.99985e-07;1.08375e-06;8.05322e-08;1.33398e-07;2.46249e-07;7.14921e-07;6.44569e-07;1.22786e-07;1.58646e-06;1.73168e-06;2.53878e-05;1.38396e-05;2.733e-05;6.59311e-07;2.38658e-06;4.42509e-06;9.35173e-07;6.54007e-07;3.85093e-06;1.71647e-06;1.22144e-06;1.81794e-05;8.81018e-12;1.56246e-08;1.99191e-06;1.42273e-07;1.44947e-05;7.7079e-07;4.1292e-07;1.27885e-07;2.79347e-07;1.46238e-06;3.00487e-06;3.47992e-08;1.78595e-06;1.34882e-06;3.33678e-06;3.31568e-08;1.28148e-05;1.44457e-07;1.09808e-06;1.94846e-06;1.36958e-07;3.74702e-07;3.42141e-06;5.06363e-06;2.57509e-06;4.35767e-08;4.05092e-06;4.46001e-06;6.64322e-07;2.16612e-08;3.15095e-06;1.63084e-07;6.21163e-06;5.30999e-07;4.26557e-07;6.91576e-07;1.20951e-06;6.83112e-06;1.13537e-05;5.73274e-06;4.78166e-08;1.43867e-06;4.69458e-07;2.67422e-06;5.08087e-06;1.67541e-07;3.63198e-05;1.86571e-07;3.57595e-08;1.33095e-05;5.49423e-06;8.81373e-07;1.12359e-06;1.18486e-06;5.35014e-07;1.212e-08;1.28828e-07;5.43763e-07;5.09169e-07;6.8035e-06;7.30078e-07;6.83542e-07;3.0039e-06;4.01342e-06;3.44228e-07;8.16645e-08;1.86845e-06;4.61052e-06;2.81849e-06;1.06217e-07;8.362e-07;5.93799e-08;1.31278e-08;2.5885e-06;3.22039e-07;3.5654e-08;6.93094e-07
2.60253e-08;2.75055e-07;7.42744e-08;1.20126e-07;2.46131e-07;1.99413e-06;5.89204e-08;3.46033e-07;1.86682e-07;8.78666e-08;1.15546e-07;1.89036e-08;1.5742e-07;2.12718e-08;6.29058e-08;2.81646e-07;1.77316e-07;4.03093e-08;6.32824e-07;1.72299e-07;5.81639e-08;2.18138e-08;6.34868e-08;4.23151e-07;7.10737e-07;2.00722e-08;1.0648e-06;9.01775e-09;1.18578e-09;3.16004e-08;1.48967e-09;1.328e-09;3.31184e-09;9.64799e-10;1.86422e-08;5.95104e-08;9.85324e-08;7.87238e-08;1.94959e-07;1.89846e-06;5.60699e-07;1.15969e-08;1.18898e-07;4.09478e-09;1.56207e-08;3.41253e-07;1.14122e-09;5.84447e-09;3.96851e-08;6.58274e-09;3.42258e-07;1.86728e-06;3.57376e-09;4.08156e-07;8.30292e-08;1.80157e-07;2.94409e-07;1.40471e-08;1.1983e-07;4.02221e-07;1.27759e-06;1.07347e-07;1.04313e-07;9.58895e-07;2.79122e-08;1.8095e-07;5.31094e-08;8.53613e-08;1.57309e-08;8.97933e-08;6.57357e-08;2.86529e-08;4.21781e-07;2.8285e-08;1.7685e-07;4.56607e-08;5.01202e-08;5.45997e-08;4.12753e-08;1.47081e-07;1.78678e-07;9.85458e-09;2.69312e-07;5.59684e-08;1.13984e-07;1.47268e-07;1.91919e-07;1.18418e-07;1.12409e-07;1.29856e-07;6.06518e-08;1.03647e-07;3.38145e-08;2.73454e-08;5.5124e-08;3.83759e-09;2.14252e-08;7.88235e-08;3.49532e-07;1.00375e-09;1.60369e-08;7.29937e-10;4.93095e-08;8.32942e-09;2.08076e-11;2.77624e-08;2.05186e-08;6.68455e-08;2.8252e-08;7.58264e-09;1.76395e-08;3.81596e-09;5.12011e-08;6.96028e-08;2.763e-07;7.61001e-08;9.35145e-08;2.50098e-07;1.57566e-07;8.65053e-06;9.49852e-08;7.54955e-06;2.32142e-07;5.70076e-10;7.88699e-08;3.41357e-09;3.2495e-05;7.69842e-08;1.89171e-08;2.4313e-07;5.16488e-08;1.70391e-07;6.80182e-08;2.65367e-07;2.71223e-08;3.39628e-08;1.24941e-07;1.14722e-06;2.36703e-07;4.60867e-07;1.49562e-05;3.90227e-08;2.09447e-05;2.19201e-07;4.30219e-07;3.03611e-06;1.87992e-07;8.40556e-07;3.97034e-08;1.79301e-07;6.42016e-08;4.21991e-06;8.29621e-07;6.52988e-08;3.97111e-07;3.82581e-08;1.79835e-08;1.40669e-07;5.60335e-08;8.95652e-08;4.13471e-08;3.69379e-08;6.76362e-09;8.91155e-07;1.78691e-08;1.16515e-07;4.34891e-09;1.52409e-07;4.0257e-08;1.16585e-07;5.49839e-08;1.66045e-07;1.2711e-07;1.33308e-06;1.19588e-06;6.05695e-08;1.57595e-06;5.77653e-08;6.20672e-07;1.29265e-07;7.52409e-08;1.6788e-06;1.21802e-07;3.226e-06;1.83086e-06;1.11183e-07;4.69283e-07;6.53064e-08;9.61258e-08;6.67215e-08;3.33777e-07;2.63799e-08;1.52219e-07;1.39186e-08;3.33242e-07;3.95489e-08;8.81665e-10;8.9111e-07;6.78613e-09;1.20438e-08;3.17362e-08;4.32522e-08;1.34708e-07;3.0723e-08;2.71719e-07;5.58645e-07;1.9788e-08;2.24794e-07;3.49528e-08;2.27646e-07;8.73856e-09;4.39788e-09;6.19705e-08;1.09176e-07;4.35365e-09;2.16025e-07;2.30418e-08;3.25792e-08;5.95419e-10;2.59379e-08;4.57731e-08;5.0768e-08;7.62275e-08;1.34116e-08;2.8832e-08;3.80581e-08;2.17045e-07;5.45053e-08;3.47743e-07;3.00027e-08;2.29827e-08;3.23371e-08;1.02058e-08;2.23067e-07;5.68785e-08;2.33546e-07;2.04603e-07;1.51294e-09;1.93253e-06;1.27905e-07;1.04008e-07;1.14014e-07;1.53871e-07;5.45922e-08;3.14655e-08;5.71908e-09;3.57273e-07;1.61488e-08;7.12831e-08;1.76181e-08;1.2616e-08;1.07903e-06;2.97157e-08;2.21228e-07;1.36083e-07;8.71476e-07;4.90158e-08;6.30094e-08;2.38902e-07;2.17958e-05;0.000988913;9.73108e-05;0.90279;0.00248296;0.0121139;0.0804811;2.10279e-07;1.37803e-07;4.76859e-05;0.000195111;1.4692e-07;0.000617614;4.73817e-13;7.07762e-11;4.29215e-08;1.73316e-09;5.51809e-07;4.15517e-09;2.90876e-08;2.7776e-09;2.23634e-08;5.66191e-07;5.33491e-08;3.83448e-10;1.17736e-07;8.74478e-08;3.81156e-08;4.22265e-11;6.07418e-09;1.62874e-10;3.20934e-09;8.15429e-08;3.65134e-11;6.76963e-09;7.44611e-07;8.27472e-07;3.47196e-08;5.83342e-09;1.791e-07;1.60259e-08;2.90649e-08;6.98879e-11;1.58986e-08;4.84152e-10;7.12635e-07;1.18313e-07;5.54782e-09;4.32449e-09;1.73473e-08;5.57105e-08;1.18944e-08;1.53675e-08;7.69718e-11;8.09542e-08;4.78667e-08;1.32128e-07;8.37337e-08;6.79568e-09;3.18699e-06;1.06562e-09;2.23124e-06;1.74973e-06;1.95079e-06;3.10935e-07;6.24415e-08;7.90945e-08;4.86621e-08;1.59048e-09;1.51023e-10;8.60756e-09;1.07339e-08;3.67883e-07;5.51767e-08;6.04309e-08;1.048e-07;1.96842e-07;1.22583e-06;1.09653e-07;1.12583e-08;2.14888e-07;3.10031e-08;9.20303e-09;9.43168e-09;6.13341e-09;2.38319e-09;1.64688e-07;1.52408e-08;2.15949e-08;9.40967e-08
1.12377e-06;6.86306e-07;3.23986e-07;7.54552e-08;2.03737e-07;2.1749e-07;3.42053e-08;1.23352e-07;6.44455e-07;8.78117e-08;2.32453e-08;8.98019e-09;2.98138e-08;1.03973e-07;1.73782e-07;2.83324e-07;1.17299e-05;1.19048e-07;5.11969e-08;1.57674e-07;1.10177e-07;7.3884e-07;2.14335e-07;1.98521e-07;1.26739e-05;9.83306e-06;3.97675e-06;3.20073e-07;0.000763059;0.00363175;0.000171779;0.00448693;0.148298;0.814477;0.0154932;4.39556e-05;1.81393e-07;2.75957e-07;0.00370849;0.00800064;0.000606895;2.12914e-07;1.02118e-06;1.36945e-07;1.75461e-07;5.36559e-06;9.21166e-08;9.9678e-08;1.07573e-07;4.14207e-09;1.94531e-07;4.14925e-06;5.49446e-07;3.23258e-08;6.77562e-08;1.76092e-07;3.77544e-07;1.34955e-06;1.76116e-07;4.08626e-07;4.01868e-07;6.73629e-07;1.49132e-06;1.66118e-07;9.3319e-08;1.90833e-07;9.04679e-08;2.28828e-07;1.76616e-07;1.91837e-07;1.12337e-07;6.07847e-08;5.09676e-08;2.04256e-07;1.89125e-08;9.86921e-08;8.2988e-08;7.07794e-08;6.59638e-08;3.70488e-08;1.34193e-06;2.70767e-07;2.2093e-07;2.63377e-07;1.18696e-07;6.9897e-07;2.61575e-06;4.33649e-08;8.25168e-07;6.10115e-08;7.15615e-07;4.22384e-07;9.63769e-08;6.59952e-08;1.6781e-07;4.51343e-07;9.62268e-08;1.23929e-08;1.39345e-07;3.37324e-07;3.27224e-07;8.17933e-08;2.86245e-07;1.93606e-06;1.84914e-07;1.28451e-07;5.52083e-07;1.33559e-07;1.24602e-07;2.92717e-07;1.25408e-07;9.68758e-07;3.93801e-07;1.06417e-07;6.09342e-07;4.25901e-08;7.29753e-08;5.74072e-07;6.4799e-08;0.000126995;5.63283e-07;2.82761e-06;2.80003e-07;2.58619e-07;1.25267e-06;9.08027e-08;4.59067e-07;1.24404e-05;2.66918e-07;5.59876e-07;1.96385e-07;6.85544e-07;1.31269e-07;1.674e-08;1.07346e-07;6.83933e-08;1.11607e-06;4.60448e-07;3.31779e-07;4.0698e-07;4.38187e-07;2.44871e-07;2.04769e-07;3.0524e-07;2.09936e-08;2.79708e-06;1.5592e-08;2.61323e-07;1.23167e-07;2.38618e-07;5.49227e-08;1.55775e-07;1.22784e-08;6.10703e-07;5.27324e-08;1.21891e-07;1.6008e-08;9.67056e-08;9.53022e-08;9.06585e-07;1.11558e-07;1.05343e-07;1.89998e-07;5.89736e-07;4.30806e-07;5.84988e-08;9.64722e-09;3.31133e-07;8.52459e-08;1.43166e-07;1.16023e-06;5.56722e-07;3.84495e-07;3.91292e-07;4.78863e-07;4.55799e-06;1.1497e-07;6.15854e-08;1.17775e-06;4.90143e-07;2.09173e-07;2.46245e-07;5.58814e-08;8.87656e-08;9.87036e-07;6.5002e-07;4.05446e-07;3.24122e-08;1.62747e-07;2.77675e-07;5.23103e-07;6.8026e-07;6.02567e-07;3.31515e-07;2.9776e-07;5.56384e-07;6.357e-08;3.34709e-07;3.85174e-08;2.22348e-07;2.07584e-07;3.49791e-07;2.20208e-07;2.17458e-07;3.82965e-08;1.85377e-07;7.76513e-07;2.38362e-07;3.03642e-07;1.80228e-07;1.30386e-08;5.09009e-08;4.38011e-08;3.79692e-07;7.20683e-08;2.36498e-08;1.03456e-07;4.21602e-08;3.52632e-07;2.21939e-08;4.89284e-09;4.2605e-08;2.0686e-07;5.82468e-08;8.77026e-08;6.29635e-07;4.6633e-07;3.12428e-07;2.11484e-07;3.22942e-06;1.11392e-06;4.93331e-08;1.73794e-07;4.68463e-08;1.60273e-07;1.90302e-07;1.21584e-07;7.15602e-09;1.13536e-07;7.26128e-07;7.99633e-08;4.63071e-07;6.9244e-07;6.10697e-08;1.19548e-07;9.96885e-08;4.65353e-07;3.97928e-08;6.4798e-08;4.12097e-08;6.06829e-08;4.97179e-08;2.40561e-07;2.49445e-07;2.97578e-07;1.90021e-07;3.01591e-07;6.2615e-08;2.2974e-07;3.23764e-07;2.03382e-07;1.9287e-07;5.20354e-07;2.53327e-08;3.68977e-06;1.17487e-07;1.99779e-07;6.79145e-08;1.63338e-07;1.14777e-06;8.11913e-08;7.41491e-07;2.65942e-12;3.18002e-09;7.3618e-09;3.32668e-09;8.77478e-08;4.4981e-08;3.42626e-07;1.11073e-09;2.3393e-06;3.72374e-06;1.33859e-06;9.41016e-08;3.29068e-06;9.16024e-07;3.65245e-07;8.57932e-09;1.11987e-07;7.40039e-09;6.36257e-08;3.18706e-07;2.99804e-08;2.95438e-06;3.96434e-07;2.94433e-07;2.43473e-07;8.92727e-10;2.21607e-06;8.33764e-08;1.07335e-07;1.24033e-08;1.14791e-07;1.68838e-09;1.09057e-08;9.60559e-08;7.08034e-08;6.71062e-07;4.36986e-07;1.84692e-07;4.60395e-07;7.83927e-06;5.62354e-08;3.04134e-07;3.52049e-07;3.18529e-07;5.2014e-07;4.20684e-08;5.41043e-06;1.17979e-08;3.10964e-07;7.63236e-07;2.91469e-07;3.89099e-08;8.7402e-07;2.92262e-07;2.13516e-08;1.14165e-08;6.12405e-09;4.06026e-08;5.90656e-07;1.58071e-07;1.14136e-07;4.09723e-08;2.63806e-07;2.43316e-07;6.90974e-07;1.51492e-08;9.79039e-08;2.53366e-07;6.12501e-10;1.55921e-09;4.0833e-08;1.28769e-07;4.83805e-08;3.94185e-08;7.76756e-08;1.52108e-09;3.58091e-08
2.22851e-07;2.27236e-05;3.91659e-06;1.87816e-06;9.93615e-07;1.94879e-05;2.31963e-07;5.22957e-07;2.63271e-06;2.45113e-06;3.30982e-07;2.68175e-06;2.42934e-07;1.01076e-06;6.35931e-07;1.3999e-06;3.42165e-06;8.44958e-07;2.95496e-06;5.20617e-06;2.92437e-06;3.42409e-06;1.40022e-06;2.0884e-06;1.50485e-05;4.59744e-07;1.06941e-05;1.36353e-06;3.1373e-06;6.95755e-05;5.99875e-06;1.55312e-07;2.80894e-07;5.15486e-07;2.72539e-08;1.05652e-06;6.72152e-07;7.43993e-07;3.52884e-07;1.06962e-06;1.16095e-07;8.8626e-07;5.75892e-06;5.08656e-07;1.00831e-07;6.63298e-07;4.55539e-08;7.42164e-07;3.00392e-06;1.58881e-06;5.67933e-07;7.04843e-06;2.8415e-07;2.50376e-05;2.77193e-08;8.20962e-07;7.43553e-07;5.47605e-06;6.89674e-07;3.70262e-06;1.87615e-06;1.5371e-06;1.00003e-06;6.2841e-07;3.94981e-07;8.45242e-06;2.20918e-06;2.14894e-06;2.96051e-06;6.63251e-06;2.88774e-06;1.8939e-07;4.58206e-06;3.86293e-07;1.68527e-07;7.15784e-07;1.25007e-06;1.73056e-07;1.50073e-06;7.194e-07;5.02322e-06;1.07606e-06;3.39843e-06;1.8336e-06;8.7517e-07;1.16385e-06;1.30295e-06;2.00487e-07;2.52262e-07;4.52549e-07;1.73779e-06;2.1327e-06;5.71488e-07;9.1783e-06;3.166e-07;1.25221e-06;9.08195e-08;3.51268e-07;4.66011e-07;3.15977e-06;1.35452e-05;7.75045e-07;8.86206e-07;5.26564e-07;1.85792e-08;2.91547e-08;9.96924e-07;1.14502e-06;6.05252e-07;6.24474e-08;7.44406e-08;4.20231e-07;1.15634e-06;7.71326e-07;6.21227e-06;1.01224e-06;1.67336e-06;6.01417e-06;7.10504e-08;1.56924e-06;2.19144e-06;8.58744e-07;4.10396e-07;6.89379e-07;9.1684e-06;1.73176e-06;2.50367e-07;1.90513e-07;4.89108e-08;3.54301e-08;7.56189e-07;4.02227e-07;1.30468e-06;5.98083e-08;1.3192e-07;4.93719e-07;4.66235e-06;2.5586e-05;5.8772e-06;4.11126e-07;1.68547e-06;1.09088e-07;4.80725e-07;8.87535e-07;1.64251e-07;1.84887e-06;4.12715e-07;2.22148e-06;1.36391e-06;2.9381e-07;6.41636e-07;7.85504e-08;2.72424e-06;8.07594e-08;3.80204e-08;5.55274e-07;3.27807e-08;1.27939e-07;2.39815e-07;3.19212e-06;7.49286e-07;4.97568e-07;6.27586e-07;4.35246e-07;1.14855e-06;3.99716e-08;1.57288e-06;7.20974e-07;6.0453e-06;3.14025e-07;3.63971e-06;5.17219e-06;2.52309e-06;1.49687e-06;3.03393e-06;2.79469e-06;2.18142e-07;3.43061e-07;2.89312e-07;7.70351e-07;2.22426e-06;6.17633e-06;1.79275e-06;1.79481e-06;4.23324e-06;8.69842e-07;7.12126e-07;1.05341e-06;2.21311e-06;5.50682e-07;7.88647e-07;1.67471e-06;9.96402e-06;2.47355e-06;5.52899e-07;8.26202e-06;5.61169e-07;1.11273e-06;7.48745e-08;3.89444e-07;6.15542e-07;2.74976e-06;8.06375e-06;3.54286e-06;8.38782e-07;3.0467e-06;1.13237e-06;1.63386e-07;4.43375e-07;1.27991e-06;6.24931e-07;1.99539e-07;9.03274e-07;7.42057e-07;1.68194e-07;7.23966e-07;1.40452e-06;2.31706e-08;4.01281e-08;3.05047e-07;4.81414e-08;3.19587e-07;4.01372e-07;4.79715e-07;4.43719e-07;1.96488e-06;2.90265e-06;5.57317e-06;1.43178e-05;3.1991e-06;1.7467e-05;1.323e-06;5.14829e-06;3.87955e-06;3.40776e-06;8.90016e-07;2.79641e-07;1.79258e-07;1.30576e-07;1.81071e-06;3.6815e-07;1.95666e-07;1.16556e-06;2.64161e-07;5.75286e-07;5.33732e-06;1.41702e-05;4.61807e-06;1.95323e-06;4.27457e-07;6.12027e-07;4.89181e-08;5.97614e-07;6.43224e-07;1.09469e-06;1.6121e-07;1.81997e-07;5.49151e-08;2.17458e-06;0.000545378;0.00368644;0.000527566;0.365036;0.280022;0.330912;0.0164568;2.85664e-06;1.33563e-06;0.000175774;0.00105784;1.44169e-06;0.000540881;4.12086e-09;2.51127e-07;7.45305e-06;9.97992e-07;8.18406e-08;1.53891e-07;1.40159e-07;1.62057e-07;9.13165e-07;2.11218e-06;5.80362e-07;2.219e-08;3.95062e-07;1.05471e-07;4.9607e-07;1.85079e-07;4.21297e-06;1.1766e-07;1.50782e-07;1.31232e-06;4.68635e-08;2.01099e-09;2.69804e-07;5.3369e-07;3.98355e-07;7.88118e-10;3.16593e-07;5.0569e-08;5.2386e-07;2.29533e-07;1.79961e-05;4.25757e-06;9.08858e-06;3.86931e-06;8.15527e-07;2.53545e-08;5.89594e-07;1.31207e-06;1.31887e-07;3.18045e-07;2.81419e-08;2.05608e-06;1.28993e-05;8.7356e-06;1.62265e-05;1.02882e-07;5.94275e-06;0.000234373;1.18899e-07;3.76665e-06;5.03131e-06;2.26959e-07;8.59827e-07;1.2796e-06;3.5793e-07;8.3093e-07;1.88909e-07;4.51197e-08;3.84543e-06;6.37263e-06;1.77096e-06;4.47528e-06;2.45823e-06;1.40413e-06;5.49191e-06;1.26641e-06;5.53477e-07;5.36305e-07;1.58665e-08;3.09462e-09;5.72753e-08;2.49999e-09;4.01391e-06;1.52551e-06;2.28795e-06;3.93307e-07;5.4898e-07
