1.28749e-07;2.01622e-09;5.59901e-09;2.08302e-09;1.44022e-09;1.96791e-08;3.28087e-09;4.95688e-08;7.44053e-09;7.54715e-09;1.15222e-08;3.64732e-08;8.65401e-09;1.48956e-09;5.71892e-09;9.52992e-09;5.58653e-08;1.22515e-09;7.57378e-08;5.46135e-09;6.83669e-09;4.73888e-10;9.18741e-09;1.71955e-09;7.83203e-09;1.375e-09;7.03158e-10;2.16747e-09;1.81705e-10;4.78333e-09;3.15657e-09;1.88318e-10;3.30008e-08;4.96955e-09;6.23069e-10;3.82903e-09;1.54377e-09;9.75179e-10;1.90527e-09;1.20576e-08;5.69434e-09;2.24978e-08;2.05768e-08;1.10405e-08;1.28575e-08;1.34665e-08;1.1512e-08;3.79938e-10;6.77259e-09;9.70727e-09;5.11144e-11;8.77382e-09;1.78372e-09;7.1626e-11;1.87212e-11;7.34588e-09;6.07192e-10;1.35458e-09;1.3336e-09;9.16492e-09;3.113e-09;1.45581e-07;1.99932e-09;1.05499e-09;9.48337e-10;4.24571e-09;1.53502e-09;1.29076e-09;5.19327e-10;1.23763e-08;1.21423e-08;6.34362e-10;3.00402e-09;1.13801e-10;8.90095e-11;1.21439e-09;1.63322e-09;1.37046e-09;3.18255e-09;2.46778e-09;2.69385e-08;1.35789e-09;9.53891e-09;1.09652e-08;2.3199e-09;5.63998e-09;1.14167e-09;3.66708e-09;1.74327e-09;1.03853e-09;1.38662e-09;2.49579e-09;5.24161e-10;5.45436e-09;2.80411e-08;4.64495e-09;2.31624e-10;1.34064e-09;1.27518e-09;3.20312e-10;9.60603e-09;5.81363e-09;6.96663e-10;3.91997e-09;4.74896e-10;3.02344e-10;1.17815e-09;9.74824e-10;2.61805e-09;1.12281e-08;2.03345e-08;3.20818e-09;7.77831e-10;1.87793e-09;1.90714e-09;9.73924e-10;3.68221e-09;2.28374e-09;1.16528e-09;9.972e-10;2.06651e-09;3.63782e-10;2.30047e-09;1.30454e-10;2.50289e-09;8.50397e-09;1.72458e-10;3.03143e-08;1.29697e-10;1.35629e-11;1.36841e-09;5.34511e-09;3.03977e-09;9.98332e-10;6.89622e-09;8.29949e-10;2.1154e-10;6.23777e-10;5.08931e-09;3.32474e-10;4.14541e-09;2.12789e-10;1.63312e-10;1.05661e-09;2.96833e-10;3.29331e-09;1.62694e-09;3.81279e-09;5.23209e-10;1.74981e-09;2.76737e-09;4.57676e-09;1.70729e-09;5.45601e-10;3.25138e-10;6.98234e-10;1.15552e-09;1.39791e-09;3.14054e-09;6.19102e-10;9.60403e-10;3.08956e-09;3.34443e-09;2.16853e-09;5.42122e-10;1.44969e-10;4.89175e-10;1.0748e-09;1.53899e-09;1.17348e-09;7.51994e-10;2.8449e-09;3.99826e-09;1.96177e-10;4.06911e-09;8.94528e-10;4.44161e-10;4.43987e-10;3.05595e-09;1.75562e-09;1.08427e-09;9.05342e-09;3.3178e-09;1.80849e-09;3.50198e-09;9.79158e-09;7.09625e-10;2.38011e-09;2.64161e-09;1.18243e-09;2.72174e-09;9.21333e-10;5.42183e-09;1.08349e-08;6.13824e-10;1.55492e-08;4.15808e-10;1.72508e-09;4.80438e-10;1.9329e-09;2.48523e-09;1.0798e-09;4.79162e-09;2.47082e-09;3.44135e-09;6.26343e-09;1.62546e-08;3.13489e-09;3.03605e-09;2.06937e-09;3.38585e-09;2.50345e-09;1.19046e-08;1.3548e-09;6.25402e-10;2.97863e-09;8.67713e-09;4.32382e-09;7.75557e-09;1.56971e-09;1.63004e-10;1.24391e-09;6.4346e-09;2.2627e-09;1.00445e-09;3.07858e-09;4.15349e-09;4.25326e-09;3.60166e-08;6.92957e-09;5.18845e-09;7.74502e-10;6.34634e-10;3.23656e-09;6.41023e-09;2.71113e-08;1.83755e-09;7.37096e-11;8.24109e-11;2.28024e-09;3.10201e-09;3.80204e-09;5.9302e-09;1.13667e-09;1.10467e-09;4.86193e-10;1.5697e-08;4.40321e-09;1.10303e-08;5.35491e-08;1.71787e-09;1.40397e-10;2.21254e-09;7.28288e-09;1.23391e-08;2.53665e-09;2.07751e-08;2.53582e-09;2.26012e-09;1.485e-09;3.79702e-09;2.56402e-09;3.73498e-08;1.9863e-09;1.71316e-10;1.04228e-10;1.68202e-09;1.46682e-09;1.48373e-08;3.23822e-10;2.3057e-09;3.03401e-09;2.00243e-13;5.89919e-11;1.83258e-09;1.00149e-09;3.40137e-10;1.21012e-09;1.04899e-08;2.93908e-11;2.19943e-09;9.10288e-09;3.04487e-09;2.95296e-10;1.59482e-08;4.08291e-09;2.77193e-09;2.1159e-11;9.407e-10;5.8765e-10;6.73597e-10;4.50326e-09;1.80289e-09;2.68134e-11;8.41145e-10;1.15551e-09;1.38308e-09;1.1574e-08;5.00373e-09;1.63541e-09;2.29967e-09;1.24458e-10;1.02343e-09;8.41071e-10;1.69185e-10;4.45367e-09;2.54501e-10;1.62093e-11;8.58067e-10;1.91373e-09;3.38821e-09;4.81227e-10;3.97704e-10;2.81663e-09;8.39604e-10;8.91133e-09;1.7867e-09;9.50186e-10;9.33313e-09;6.19295e-09;5.85778e-11;1.26942e-09;1.51021e-09;1.2657e-05;3.48197e-07;1.61262e-07;0.999898;4.92707e-06;8.17983e-06;6.91022e-05;3.77668e-08;3.33614e-07;3.6155e-08;3.08176e-06;5.32282e-08;1.12146e-06;4.91516e-09;2.34197e-09;9.3667e-10;3.50457e-09;1.17882e-09;6.68686e-09;3.39847e-09;3.28848e-10;8.89494e-10;1.18078e-08;3.93466e-09;1.38768e-09;5.68809e-09
9.25688e-08;1.58548e-08;1.9583e-09;1.28413e-09;5.77703e-10;5.76951e-10;3.5312e-10;2.07287e-08;5.15475e-09;3.33137e-09;1.00951e-06;2.13466e-08;6.68236e-09;2.73894e-09;2.83527e-09;5.96261e-09;1.34106e-08;1.29826e-09;1.98485e-09;5.82939e-09;4.50239e-07;9.20935e-09;1.63804e-09;1.69908e-08;1.48252e-09;8.46504e-09;1.7225e-09;1.81748e-08;4.18457e-09;1.39411e-09;5.57038e-10;1.10631e-07;1.00291e-08;4.37446e-11;2.5648e-09;1.45012e-09;2.99136e-09;1.43147e-09;1.35006e-09;8.38448e-10;2.80686e-10;5.45236e-09;3.92951e-09;3.41367e-10;4.82862e-09;5.02157e-10;5.78498e-10;1.26308e-08;4.30705e-09;4.27592e-09;7.5738e-08;1.95621e-09;6.39666e-09;6.58618e-10;2.48074e-09;3.51164e-09;3.41618e-09;1.26721e-08;1.65117e-09;2.52172e-09;7.87539e-09;1.87946e-08;3.75706e-09;6.15367e-09;2.00737e-09;6.54709e-09;1.9879e-09;3.29582e-09;2.76175e-08;1.00973e-08;1.34293e-08;8.45128e-08;2.26995e-09;2.12885e-09;1.90788e-09;3.93492e-09;1.92312e-09;9.55994e-10;3.76607e-09;2.10436e-08;4.12774e-09;2.72371e-09;1.23806e-09;8.74967e-09;6.48175e-10;1.63592e-10;1.92282e-10;1.48955e-10;2.34747e-09;1.85861e-09;1.17468e-08;3.06816e-09;1.58588e-09;3.5799e-08;2.79284e-08;4.35313e-09;3.18741e-10;3.05819e-09;4.67479e-09;2.85373e-09;4.29683e-09;6.40191e-09;4.26694e-08;9.05362e-09;1.34674e-09;5.51739e-09;6.24334e-09;4.09063e-09;3.19047e-09;4.70243e-09;5.50742e-07;1.27393e-09;2.6679e-09;2.6179e-09;1.01249e-09;9.57065e-08;1.77524e-07;1.75218e-08;1.29725e-09;1.23851e-08;5.04474e-09;8.07863e-10;2.40211e-09;1.29404e-09;6.97708e-10;1.52046e-10;1.63858e-09;6.79817e-10;9.66519e-11;3.48398e-11;2.91929e-09;3.39607e-09;1.21948e-09;6.28932e-10;1.55492e-10;1.08376e-10;6.41218e-09;7.38721e-09;5.87326e-09;5.54822e-09;6.95751e-09;1.64102e-09;4.0263e-09;2.10446e-09;1.2127e-09;2.07991e-09;2.5405e-09;5.04877e-09;2.81916e-08;4.71891e-09;3.74589e-09;1.1855e-07;1.53129e-08;4.57565e-09;7.41646e-10;2.56227e-09;7.20637e-09;1.3207e-09;1.09545e-08;5.36167e-09;2.29298e-09;4.37686e-09;3.72273e-09;4.35215e-08;1.69633e-09;1.22764e-10;1.2444e-09;3.42192e-09;2.18334e-09;1.8273e-09;1.9006e-09;3.09659e-09;5.88797e-09;2.19268e-09;1.01124e-09;7.67992e-10;9.16229e-10;8.67314e-09;2.47871e-09;2.13022e-09;2.14095e-08;5.13939e-09;3.18012e-09;1.02317e-07;1.89179e-09;1.0662e-09;8.97674e-10;4.99432e-09;5.59482e-09;5.40249e-09;3.88473e-09;3.2528e-08;1.74843e-08;9.38934e-09;1.04088e-08;6.90571e-09;4.26737e-10;1.32871e-09;1.44542e-09;1.98314e-09;2.1878e-09;1.57076e-08;7.30766e-09;3.37439e-09;5.18231e-08;1.30999e-08;6.95781e-09;1.21329e-09;5.78305e-09;2.3293e-09;1.27622e-08;2.74228e-09;2.68266e-09;1.40476e-09;1.38434e-08;1.80395e-08;4.24663e-09;1.00658e-08;5.18314e-10;1.74479e-09;2.20137e-10;2.03187e-09;3.52133e-09;2.91446e-09;1.35098e-09;4.47087e-09;2.38839e-09;9.86973e-10;2.8003e-08;3.2617e-10;8.18543e-10;2.2939e-10;4.50519e-09;1.80569e-09;9.73501e-10;1.2135e-09;9.93671e-11;2.33042e-10;5.91735e-11;1.71113e-09;2.19071e-09;4.8958e-08;6.92392e-10;5.34453e-09;1.65683e-09;1.55646e-08;6.4748e-09;6.02582e-09;4.62773e-08;1.09535e-08;4.19873e-09;1.85978e-09;1.16728e-08;1.65473e-09;5.54567e-09;1.9416e-08;1.35972e-09;8.42412e-09;3.36176e-09;5.65838e-09;3.23825e-09;9.12373e-10;5.65938e-10;9.34404e-10;1.03165e-08;1.10483e-11;1.52937e-09;1.76864e-09;1.11847e-09;2.57371e-08;1.78043e-09;8.99454e-09;1.07445e-10;1.57972e-09;9.81991e-10;5.88543e-10;4.10147e-07;1.37313e-10;1.97468e-08;4.14164e-09;3.11079e-09;1.59923e-09;8.75756e-09;4.75768e-09;5.23657e-08;6.26169e-09;1.2791e-06;1.51249e-06;7.59708e-07;3.03483e-06;0.992268;5.46606e-06;0.00769578;2.35186e-08;1.70912e-07;3.04294e-08;1.32995e-08;1.78798e-05;5.8107e-07;3.17006e-07;2.66713e-09;1.14649e-08;8.55048e-10;2.79087e-10;3.26219e-09;1.36153e-08;1.54462e-09;9.73835e-14;8.37108e-10;2.87377e-09;1.15097e-11;7.64822e-11;1.26184e-10;3.11101e-09;1.41205e-08;1.98743e-08;3.91873e-09;1.10934e-07;1.34246e-08;3.50108e-11;1.16883e-09;2.03847e-08;2.08353e-09;2.80912e-09;2.37026e-09;2.21917e-09;1.83273e-09;3.02403e-08;6.81637e-10;5.45133e-09;1.58928e-09;4.5797e-09;6.74694e-09;3.44117e-11;2.91601e-09;8.06509e-10;2.74087e-09;1.24737e-11;9.52222e-09;1.17168e-09;3.99276e-09;1.28875e-09;2.58702e-09;2.55156e-08;2.32279e-09;8.70331e-09;8.92329e-10;1.69068e-09;2.72063e-10
4.02672e-09;3.43906e-10;6.61715e-09;8.08573e-10;8.04695e-10;3.58239e-10;3.39517e-10;2.13121e-08;1.80064e-09;2.41514e-09;4.62358e-09;5.34268e-10;1.43068e-08;2.10326e-10;1.03883e-09;9.02262e-09;5.9897e-09;9.20842e-10;2.36755e-08;2.30716e-09;9.28412e-11;1.18278e-10;1.2282e-09;5.98802e-10;3.12797e-10;9.6414e-07;4.02784e-09;8.66207e-10;3.12963e-11;1.96909e-09;9.80653e-10;8.6963e-10;2.0541e-09;4.38599e-07;1.02783e-06;6.95593e-10;1.86428e-09;4.08803e-10;3.50004e-10;7.9899e-10;5.92728e-08;5.48649e-09;2.13177e-08;7.53689e-10;5.19059e-10;1.09764e-09;1.11689e-09;8.64663e-11;6.5462e-10;2.79091e-10;1.35027e-11;6.5919e-11;9.17917e-09;9.21844e-09;7.25725e-09;2.43196e-08;1.05405e-07;2.22189e-10;1.52625e-09;4.05553e-09;3.96766e-09;2.86975e-09;1.29842e-08;2.19569e-07;5.33146e-10;2.18519e-09;7.38638e-10;5.93209e-09;1.57874e-10;1.19847e-09;2.43984e-09;1.06557e-10;3.82638e-10;2.28291e-07;3.8451e-08;7.26304e-10;2.15816e-09;3.10322e-09;9.08088e-10;1.40044e-07;2.59062e-10;4.01048e-11;1.06496e-09;1.6352e-09;1.78713e-10;2.50471e-10;6.18478e-09;9.38316e-08;9.63698e-10;1.45224e-09;1.35726e-10;1.37446e-09;1.656e-09;2.76386e-09;3.80544e-10;8.93745e-08;4.94062e-08;1.97893e-09;1.72763e-09;7.09078e-11;3.53191e-10;4.80429e-10;1.78166e-10;1.00017e-10;1.28984e-08;4.76681e-07;5.81985e-10;9.80302e-10;1.06522e-09;4.27419e-09;3.71683e-09;1.23561e-08;3.95559e-10;1.04433e-09;1.65233e-08;1.01021e-10;7.54159e-10;3.50096e-08;1.22057e-07;7.00142e-10;6.19161e-10;2.39377e-10;1.22277e-08;1.93368e-11;9.16307e-10;1.29747e-09;2.78551e-11;1.04152e-11;6.69281e-09;4.80181e-07;6.08018e-10;4.69705e-09;6.25691e-10;2.11724e-09;9.64568e-10;2.27481e-07;8.03735e-11;3.37447e-10;8.55995e-10;8.3246e-10;5.94996e-10;2.32019e-08;2.02509e-08;1.10842e-09;1.11922e-08;1.30697e-09;2.26768e-08;1.56954e-09;6.82984e-11;2.98696e-10;5.47877e-10;4.75965e-10;1.50769e-10;6.09362e-08;1.41537e-09;6.74892e-10;2.27046e-08;1.69992e-09;1.23616e-08;3.20378e-10;1.0101e-09;1.04133e-09;3.32718e-11;8.25368e-10;3.09364e-08;1.69628e-08;7.23924e-10;3.6202e-09;4.16513e-09;2.84112e-09;1.21169e-10;6.68714e-10;9.24885e-10;5.17243e-10;1.04742e-10;1.15375e-08;1.22204e-08;7.09442e-10;1.56884e-09;1.18878e-08;1.99709e-10;2.00214e-09;3.89079e-09;3.95573e-09;6.47519e-10;3.35214e-08;1.92591e-09;1.83225e-09;2.81212e-09;2.12011e-09;1.04649e-09;2.95763e-10;8.03211e-10;3.34139e-09;3.97401e-09;1.55806e-09;1.3105e-07;1.0903e-08;2.88887e-08;1.63307e-09;9.36889e-09;1.80917e-10;1.07988e-09;1.24867e-09;1.59054e-10;2.93839e-10;8.42057e-09;2.19712e-09;1.00237e-10;4.99521e-09;7.42088e-10;1.26328e-09;8.97015e-10;7.86688e-10;1.28399e-10;5.36413e-09;2.8928e-08;3.51955e-09;1.85076e-10;1.17665e-07;3.10941e-08;9.42225e-10;9.61372e-10;9.03038e-10;7.27379e-10;4.39215e-10;1.56265e-09;1.88981e-09;1.16808e-08;4.91192e-09;8.56623e-08;1.60452e-07;7.63617e-11;1.04337e-09;1.0047e-09;5.46076e-09;2.28354e-10;2.7683e-07;2.60748e-09;6.7798e-10;2.51067e-09;3.42377e-10;5.94133e-10;7.75662e-09;6.32524e-10;1.23237e-11;4.31046e-10;5.59455e-10;8.48449e-10;8.02821e-12;5.28501e-08;3.45463e-09;1.2009e-10;8.53897e-10;6.56977e-10;3.89686e-10;6.1172e-11;8.28679e-10;6.84093e-10;3.78715e-10;4.84072e-09;3.19666e-09;3.49371e-09;2.44566e-12;1.06135e-08;2.84435e-09;3.30735e-10;5.39849e-10;2.65124e-09;1.82318e-09;3.4097e-10;1.72433e-08;1.00166e-11;7.06612e-12;1.70422e-09;2.093e-10;1.14686e-11;1.41955e-10;3.54578e-10;1.28138e-07;3.78874e-10;1.26817e-09;1.05863e-08;4.84164e-13;5.99585e-11;5.49238e-10;9.50215e-10;5.22498e-13;7.80369e-10;5.2812e-10;1.5065e-11;3.35188e-13;8.79956e-10;4.66628e-08;2.01412e-09;1.18429e-09;8.99891e-10;2.72899e-08;4.27059e-09;1.37768e-08;5.85456e-09;1.07943e-08;8.55486e-06;1.17247e-06;8.20773e-05;3.04339e-07;6.03597e-05;0.999272;2.51742e-08;9.32128e-08;1.72621e-06;1.87303e-06;0.000563565;5.7472e-09;9.74571e-11;1.77325e-08;8.59926e-10;3.60641e-11;4.93242e-10;3.11472e-08;3.38057e-09;1.18213e-09;7.73873e-09;1.92994e-11;2.62451e-10;1.73877e-09;1.53368e-08;1.72946e-09;4.0244e-08;1.00087e-06;1.15158e-10;2.6178e-10;5.21243e-10;2.94925e-10;1.14591e-09;8.9019e-09;1.24982e-10;1.51559e-08;2.09274e-09;7.32919e-09;2.06697e-10;8.78176e-09;2.19504e-08;1.55993e-09;1.73969e-10;5.49754e-09;6.99729e-09;2.13878e-09;1.63228e-08
3.99868e-06;4.54093e-08;2.29618e-08;3.52883e-08;7.79158e-10;2.55385e-09;1.55469e-08;4.53207e-08;9.41922e-08;6.33375e-08;1.99e-06;6.18696e-07;6.88023e-10;9.29487e-09;2.97023e-08;2.76469e-07;1.09177e-07;4.0517e-09;2.79067e-07;1.33939e-08;4.20525e-09;1.34125e-08;2.57638e-07;5.60058e-07;5.07796e-08;3.73296e-08;4.48929e-08;4.60167e-09;1.83449e-09;1.70403e-09;1.03389e-08;3.51664e-07;2.51392e-09;7.15931e-09;2.33921e-09;7.86787e-09;1.42861e-08;1.02416e-08;4.23306e-08;1.54707e-09;3.26914e-08;7.55209e-08;2.51743e-08;2.49281e-08;1.00176e-08;5.34488e-09;4.70839e-09;2.38903e-08;3.63206e-08;2.48132e-09;5.05258e-06;4.29276e-10;1.33561e-09;3.79381e-09;7.65359e-10;1.97276e-07;2.62864e-07;5.08923e-09;3.58675e-08;7.64456e-08;3.94621e-07;2.72947e-08;5.58954e-08;1.76123e-09;7.37212e-09;1.85121e-08;1.74166e-08;4.04e-08;5.38414e-09;2.50359e-08;2.35144e-08;3.239e-08;2.80841e-08;9.23665e-08;1.25316e-08;2.25042e-08;2.77704e-08;1.24878e-07;1.34571e-08;1.42966e-07;2.43405e-08;3.29094e-09;6.86464e-08;2.84571e-08;1.06825e-07;1.90427e-08;1.61078e-08;1.22764e-09;1.91095e-08;1.74775e-08;4.23829e-08;3.74264e-08;1.09261e-08;1.26461e-06;7.64048e-08;1.44871e-07;1.5787e-09;5.69608e-08;7.13751e-08;4.02775e-09;4.69059e-09;3.76148e-08;4.39599e-07;5.04656e-07;3.56528e-08;2.16834e-08;4.56342e-08;6.85509e-09;2.08059e-08;2.8659e-07;2.53383e-08;5.65173e-08;6.58377e-09;1.12725e-08;3.3298e-07;1.65634e-08;6.28424e-09;2.15367e-07;3.56063e-10;3.80523e-08;2.9926e-08;2.12049e-08;2.75689e-08;5.56941e-10;9.74124e-10;1.54065e-09;3.73127e-08;1.76598e-10;3.06443e-09;6.61163e-09;2.50261e-08;3.2988e-08;9.47511e-09;2.83262e-08;1.56021e-08;3.50838e-09;8.2375e-09;7.68897e-08;3.81945e-08;8.8394e-07;8.07737e-08;5.86926e-08;2.13821e-08;9.65433e-09;1.22605e-07;9.54188e-08;1.09344e-06;2.68612e-08;7.85178e-09;6.46639e-08;1.03696e-08;2.52135e-07;4.86736e-08;1.09863e-07;9.58152e-10;2.48469e-08;1.62159e-08;7.0919e-08;1.38851e-07;3.04407e-08;1.44007e-08;1.79837e-08;3.91759e-07;5.77794e-07;1.62869e-07;2.54595e-08;3.5188e-08;9.10961e-08;1.04387e-07;6.26627e-09;6.27534e-09;8.40224e-09;3.60536e-08;7.27364e-08;1.20965e-08;2.50205e-08;1.73325e-09;5.82782e-08;3.82531e-08;2.68698e-08;2.45705e-08;4.44182e-07;2.55792e-08;1.1617e-07;5.53856e-08;4.15015e-07;1.55539e-08;3.16366e-07;2.24763e-07;7.23414e-08;8.27096e-08;1.22389e-08;4.03619e-08;1.76075e-08;3.26019e-07;9.03066e-09;1.18853e-08;1.87375e-08;1.40495e-08;1.79347e-08;1.41936e-07;1.8317e-08;4.15626e-08;8.92257e-09;1.2122e-06;4.96716e-07;5.55574e-08;8.16423e-08;5.32122e-08;4.98628e-08;2.3809e-08;9.10567e-08;1.03196e-07;1.0892e-08;3.66431e-09;3.07561e-08;6.34648e-08;6.53352e-08;6.12767e-09;6.92355e-08;1.9854e-10;6.52523e-09;3.50692e-08;3.73321e-08;1.26863e-08;4.08871e-08;1.81743e-08;1.98996e-08;4.48673e-07;1.87962e-08;1.02069e-07;1.20766e-09;6.29892e-09;4.61308e-08;1.30522e-08;2.13769e-07;4.36651e-07;5.04295e-08;8.21779e-10;3.40996e-08;3.93628e-08;1.21439e-08;1.90461e-08;2.96695e-08;1.12271e-08;1.85391e-09;1.24495e-08;1.96686e-08;4.60508e-07;2.56244e-08;1.55687e-08;4.63824e-09;1.35755e-08;1.18959e-08;2.6414e-08;1.45845e-08;5.38301e-08;7.52427e-09;7.65203e-09;4.54143e-08;6.10868e-08;5.67442e-08;1.26266e-06;1.83668e-09;4.72644e-09;2.84673e-10;1.078e-08;6.80302e-09;1.84981e-08;7.0867e-09;1.49465e-08;1.00808e-08;8.12001e-15;5.69548e-10;6.81769e-09;6.38396e-09;5.4871e-08;1.60001e-09;3.1166e-09;6.25311e-11;8.4993e-09;4.17922e-09;9.97374e-08;7.83977e-11;3.85348e-09;5.461e-08;1.85066e-08;5.26161e-10;2.12424e-08;6.22138e-09;4.00522e-07;1.95033e-09;3.69914e-09;5.42436e-11;5.65995e-08;1.50498e-08;8.81665e-09;6.5986e-09;4.81945e-09;5.81982e-09;1.58555e-08;1.11562e-08;4.616e-08;3.57976e-08;4.00273e-06;2.36401e-07;5.04364e-08;1.38499e-09;5.07422e-08;1.47939e-08;3.19615e-08;1.2729e-06;1.93705e-08;2.86705e-08;1.36078e-08;4.62672e-09;1.09982e-08;5.77715e-07;6.29775e-08;6.38867e-10;4.53409e-11;3.96397e-08;1.14648e-08;3.28694e-10;2.0981e-08;4.16134e-08;1.24943e-08;6.15477e-08;9.22337e-09;9.96073e-11;1.53001e-08;5.96228e-09;9.48956e-09;1.2871e-08;9.82706e-09;6.45995e-08;2.70313e-08;0.000321998;1.11311e-05;3.23914e-06;0.967136;0.0320698;5.07392e-05;4.44059e-05;5.58077e-06;0.000207877;7.1639e-05;1.19952e-05;2.33949e-05
7.10456e-06;6.73573e-08;7.16402e-07;8.66819e-07;4.67465e-08;7.0193e-09;4.35257e-08;6.31523e-07;3.86338e-08;7.3486e-08;8.35559e-12;3.80425e-08;9.18915e-08;4.22936e-08;1.11731e-07;1.61862e-06;3.40564e-07;1.68011e-08;3.36899e-05;3.69601e-07;1.32693e-08;2.40775e-08;3.91286e-08;5.59438e-08;9.02712e-08;1.06965e-07;1.15803e-07;8.50274e-10;6.81983e-10;6.02152e-07;4.17562e-08;3.49635e-10;1.90611e-09;4.55389e-08;3.59816e-06;1.16239e-08;2.85811e-08;1.14768e-08;2.03553e-08;1.29658e-08;1.68786e-09;5.05825e-07;1.52569e-06;2.8624e-08;2.04276e-07;1.18459e-07;7.42804e-08;6.4002e-09;2.72402e-07;6.27475e-08;6.64299e-09;2.17832e-07;1.86965e-09;4.05232e-09;1.01947e-08;6.77908e-07;3.1452e-08;2.80654e-08;1.30768e-08;5.59957e-07;3.76957e-08;1.67122e-07;2.69754e-08;6.19261e-08;3.21097e-08;5.10599e-08;4.54519e-08;1.37353e-08;9.54943e-10;2.33372e-07;2.01037e-07;4.97482e-09;2.33014e-08;6.06988e-08;4.19502e-05;1.74823e-08;2.62699e-08;1.3078e-07;9.09077e-08;4.32408e-07;5.33977e-07;3.40892e-09;1.66382e-07;2.6168e-07;7.99315e-08;2.68645e-08;1.32682e-07;1.30374e-05;6.15992e-08;2.65527e-08;4.27037e-08;2.27233e-07;6.29516e-08;6.05606e-10;6.99216e-09;9.45666e-08;8.30819e-06;4.49718e-08;1.98003e-07;2.19742e-10;2.59686e-08;3.51627e-08;3.88714e-09;9.04235e-10;2.24786e-09;5.583e-08;1.76041e-09;2.43639e-08;3.46124e-08;1.41135e-07;1.06493e-09;4.9348e-08;1.23945e-07;8.84062e-08;7.84162e-07;2.8051e-08;6.93594e-07;1.19988e-07;1.61955e-06;5.25419e-07;1.14865e-07;8.36141e-08;1.54718e-07;1.65813e-10;3.61859e-08;4.78161e-09;3.38702e-09;2.7892e-09;1.71372e-08;5.33057e-07;1.90559e-08;2.69773e-07;8.23043e-07;7.79895e-08;1.28211e-08;4.48917e-07;1.81243e-08;5.38201e-08;6.02631e-07;2.1079e-08;2.04003e-07;8.70565e-07;7.00469e-07;5.89202e-08;3.24782e-07;2.39883e-07;6.89132e-07;1.17416e-06;6.65995e-09;1.53365e-07;7.54934e-07;2.24132e-09;2.73512e-08;3.52074e-09;5.89734e-06;1.11724e-08;1.80215e-07;7.12324e-09;5.14774e-07;4.43944e-08;3.2505e-08;9.75947e-08;3.83633e-08;8.62146e-08;6.40655e-08;6.97113e-06;6.78794e-08;3.40656e-08;2.05594e-07;7.75452e-08;1.5065e-08;4.26542e-08;9.9611e-07;2.64453e-09;7.85262e-08;2.7976e-07;1.05107e-06;2.58731e-08;1.15743e-07;6.01378e-08;2.7909e-09;6.37094e-08;2.74347e-08;1.02462e-09;1.1208e-07;9.12246e-08;1.07394e-06;1.87977e-07;1.11357e-07;1.75865e-08;2.94954e-08;3.34821e-09;2.50287e-07;1.2732e-07;7.04495e-09;8.77587e-09;1.27598e-07;1.07168e-05;1.53686e-08;2.04502e-08;9.549e-09;1.47053e-08;5.37983e-07;3.28575e-07;1.84662e-07;1.72319e-07;1.09868e-06;2.40095e-05;1.11743e-08;2.75845e-08;2.82216e-08;6.98882e-08;7.84851e-07;7.10051e-07;4.73202e-06;0.00024884;0.000248166;0.00242323;0.00381046;0.00109877;0.991942;5.10738e-08;1.56856e-06;3.43072e-07;9.68843e-08;3.42367e-08;2.22209e-07;6.29745e-08;5.18283e-09;2.36165e-07;9.94237e-07;5.96796e-06;2.01257e-09;3.05014e-07;3.54027e-08;3.31031e-10;1.5879e-08;2.64948e-09;2.13355e-07;4.97949e-08;9.71501e-08;1.20146e-06;1.12486e-07;6.36213e-08;2.26551e-08;1.7925e-09;3.51794e-08;1.93725e-08;2.26225e-10;1.67242e-07;4.72654e-09;4.80383e-07;1.36609e-08;1.18602e-07;1.64776e-07;2.70176e-08;1.29523e-07;6.25241e-08;1.63194e-08;6.71363e-09;4.36315e-08;8.05405e-07;6.5085e-10;7.82963e-07;1.01914e-09;2.94123e-06;1.61365e-08;6.80252e-08;1.91783e-06;1.87825e-08;8.58176e-08;1.41423e-07;3.45931e-11;1.68724e-10;1.52016e-07;1.86856e-09;5.40565e-13;5.20011e-11;3.32768e-10;3.63428e-07;1.11112e-08;5.87199e-08;7.40338e-07;7.26678e-11;6.13762e-09;2.93437e-08;4.10612e-08;3.59254e-10;3.76794e-08;3.27127e-09;1.49968e-09;1.5996e-07;2.04762e-09;2.19708e-08;2.16411e-08;1.08319e-07;8.37715e-08;2.65425e-08;3.48516e-07;4.43194e-06;1.96479e-08;2.91367e-10;1.67234e-06;6.32944e-08;3.11365e-09;1.24398e-09;1.18834e-08;1.10891e-07;3.53552e-08;2.66214e-08;1.85726e-10;2.92223e-08;2.51707e-09;7.21562e-08;3.93829e-10;1.8914e-08;4.23908e-08;4.18963e-10;8.32161e-09;4.44664e-07;5.96656e-08;6.37258e-09;1.01888e-07;3.6637e-09;6.65545e-09;9.19736e-08;4.40478e-10;1.39683e-08;1.13404e-08;1.33605e-06;1.25815e-08;8.468e-08;4.54985e-08;3.16643e-08;4.1578e-08;1.38215e-07;1.56523e-07;1.07899e-10;4.64067e-09;3.63354e-08;1.00224e-09;9.2833e-09;1.67751e-08;2.80168e-07;1.50259e-10;4.00645e-09;6.99842e-08;1.50229e-08;1.83829e-08
1.8474e-07;3.46528e-09;6.08428e-09;6.51478e-09;2.21322e-09;1.75226e-07;2.02426e-08;4.42808e-08;4.20649e-08;1.7584e-08;7.79084e-08;1.70041e-09;3.15527e-08;2.53526e-08;3.3855e-08;2.79875e-08;5.01299e-09;7.76908e-09;1.45821e-07;1.46987e-07;4.52992e-07;3.08287e-09;1.06882e-08;1.19344e-08;2.85438e-09;1.65582e-10;1.38769e-08;4.17119e-10;3.23379e-10;7.53403e-10;2.31417e-09;2.40216e-08;4.24099e-08;4.35078e-10;2.67335e-09;1.62521e-08;1.47652e-08;1.60606e-08;1.0867e-08;4.65349e-09;1.21266e-09;1.84296e-08;4.78355e-09;8.98599e-10;4.39586e-09;1.60116e-08;1.62003e-08;5.97313e-09;7.377e-09;1.03025e-08;1.20201e-08;4.50648e-09;2.81658e-08;5.44601e-10;5.65151e-09;4.10524e-08;1.9451e-08;1.27569e-08;1.92501e-08;2.06172e-08;1.7373e-06;1.45624e-07;2.88877e-07;1.51461e-08;1.36819e-08;1.20891e-08;2.11384e-08;3.12271e-08;5.45091e-10;2.47215e-09;3.04119e-08;3.53327e-08;1.92826e-08;3.20714e-08;1.77637e-10;1.29561e-08;6.55021e-09;3.20082e-07;9.47936e-09;2.82446e-07;4.54723e-08;3.83358e-09;2.55043e-09;3.20252e-08;4.15109e-07;4.46531e-08;1.33577e-08;1.59655e-09;9.66401e-08;1.38829e-08;5.66631e-08;9.7887e-08;1.59118e-08;9.48165e-08;2.0188e-07;2.93409e-08;1.77181e-08;1.46591e-07;4.00916e-07;1.35289e-10;1.01908e-09;1.25006e-08;1.4292e-09;6.62134e-09;4.55852e-07;1.52466e-09;3.98939e-09;8.28772e-09;1.99864e-08;4.53217e-08;2.31914e-08;1.13418e-07;3.60339e-09;8.60016e-09;8.15516e-09;2.65939e-06;7.48673e-09;9.70591e-10;1.91363e-09;2.52947e-10;5.57812e-09;8.35804e-08;6.3894e-09;3.76117e-11;1.31357e-10;1.45482e-09;7.43403e-10;1.32867e-08;4.32672e-09;8.16517e-11;8.09548e-09;7.35835e-08;5.95511e-08;1.67998e-08;5.46612e-08;8.84507e-08;1.65632e-08;7.25923e-09;2.79663e-08;1.04973e-07;2.58411e-06;1.77775e-06;2.0087e-08;5.17291e-08;4.98532e-06;2.93234e-07;1.45325e-05;1.073e-07;4.48148e-08;9.38573e-08;8.79867e-08;1.66566e-08;3.35148e-08;6.48304e-08;2.40596e-09;1.64253e-08;1.2094e-08;2.91739e-08;6.9552e-08;1.18044e-08;5.04345e-09;1.15229e-08;7.76665e-09;1.25597e-07;2.95791e-08;1.16106e-09;6.27656e-09;4.25763e-09;2.18544e-08;3.60589e-08;1.63892e-08;1.00192e-08;1.28381e-07;1.67257e-08;1.02029e-08;2.47576e-07;2.74904e-09;7.20132e-09;4.21354e-08;1.1522e-07;3.30307e-08;2.80881e-08;2.57204e-06;2.15863e-08;1.65861e-08;8.8298e-08;6.21962e-09;4.76081e-07;3.60932e-07;5.70776e-08;2.46694e-08;3.7897e-09;7.92447e-09;1.1384e-08;4.75855e-08;8.3539e-09;5.04299e-08;1.4105e-09;1.08423e-08;1.37617e-08;6.98743e-08;1.57687e-08;3.23321e-08;2.77887e-08;1.76258e-07;4.76948e-07;7.01299e-07;8.2811e-08;3.29979e-08;1.7285e-08;2.20434e-09;8.31158e-08;1.12102e-05;1.73897e-08;3.70081e-08;1.6654e-08;1.43075e-07;8.46487e-07;9.00305e-09;2.69543e-06;9.27543e-10;1.3384e-08;8.70177e-08;1.16699e-07;1.49393e-08;2.21263e-08;2.96752e-08;2.69819e-08;6.68881e-09;1.61979e-07;3.10626e-07;7.20323e-09;3.7907e-09;1.51755e-08;6.33347e-09;1.05561e-09;4.15798e-07;1.71375e-08;5.23925e-09;3.91115e-08;1.55728e-08;2.01461e-07;6.31192e-08;4.63687e-08;1.41907e-08;2.33719e-09;3.90839e-09;7.68132e-09;6.55173e-09;7.46457e-07;7.94904e-07;1.42908e-09;8.05222e-08;4.45437e-08;1.72895e-07;2.25897e-07;1.98561e-07;1.19209e-06;4.12236e-09;7.67184e-09;1.6351e-09;1.7107e-08;2.70397e-10;1.75205e-07;4.68696e-10;2.14472e-11;6.18781e-09;2.10449e-08;6.70205e-08;1.02877e-06;6.75358e-08;1.62106e-06;1.33399e-10;4.68272e-10;5.80366e-10;1.21246e-09;6.43476e-08;2.58855e-09;8.58935e-06;2.17646e-11;1.87626e-08;2.39138e-08;9.77384e-08;7.46774e-09;2.10771e-09;2.56969e-06;1.1889e-06;1.39743e-06;5.55395e-08;4.60461e-06;0.99037;0.00025285;0.00906862;2.49032e-07;7.58881e-07;8.55731e-08;3.48425e-07;4.43947e-05;2.21632e-07;0.00017822;7.76146e-09;1.36698e-10;1.66972e-09;3.67704e-09;1.36444e-09;9.73225e-09;2.68654e-07;5.72326e-11;9.73337e-09;5.60646e-09;3.73031e-13;2.5792e-09;2.4513e-08;1.45474e-08;6.29898e-10;3.92402e-10;9.03426e-09;1.7737e-08;2.28092e-10;2.29664e-09;5.56385e-09;2.33142e-08;3.04544e-08;7.65617e-10;7.61347e-09;3.40936e-09;6.49196e-09;3.14994e-09;7.45225e-09;1.63427e-10;6.04623e-09;1.97671e-08;2.56864e-08;5.30355e-09;2.2258e-08;9.08646e-08;2.35156e-09;7.02952e-09;1.51248e-08;1.22216e-08;1.5547e-08;1.83393e-09;1.14882e-07;2.84388e-10;4.86408e-10;7.48928e-09;6.37288e-08;3.5682e-09;4.38255e-10
2.84996e-06;9.65299e-07;6.63658e-07;1.16921e-07;4.99745e-08;2.23476e-05;1.81267e-07;1.40928e-07;1.64098e-06;6.07062e-07;2.90402e-07;6.49713e-07;3.90588e-06;4.55595e-07;2.99659e-07;3.48756e-06;1.84587e-06;2.79902e-07;2.4372e-06;2.34402e-06;7.44149e-06;1.88675e-07;3.68307e-07;1.9922e-07;1.57514e-06;9.33027e-08;4.08442e-07;2.90499e-06;3.29084e-08;1.35027e-08;7.45233e-08;2.76639e-09;1.47671e-05;1.06939e-07;3.71513e-06;4.34015e-07;3.62818e-07;3.32737e-07;4.03602e-07;2.22965e-07;1.68822e-08;3.51298e-07;2.8807e-07;3.28679e-05;4.84614e-07;1.3781e-06;9.13317e-06;8.26026e-08;1.41537e-07;5.49874e-08;2.50068e-07;2.71135e-07;1.29014e-06;1.25102e-06;1.40965e-07;7.99269e-07;3.82883e-07;7.00753e-07;4.71898e-07;1.50445e-06;1.01439e-07;9.78367e-07;4.61834e-07;3.82631e-05;7.76022e-07;8.47433e-07;3.77109e-07;2.75505e-07;7.3082e-08;1.27582e-06;6.79386e-07;1.89549e-09;7.74319e-06;2.52311e-07;1.78766e-06;7.18271e-07;2.8768e-07;3.01276e-07;1.67122e-06;7.25525e-08;2.08792e-07;1.09451e-07;1.0945e-07;4.46936e-07;6.39728e-08;1.27477e-05;1.98214e-08;3.72068e-06;2.47578e-06;2.86125e-07;2.9546e-07;1.12954e-06;8.18855e-07;1.90277e-08;1.07034e-05;5.85275e-08;4.35786e-06;1.7462e-06;7.31656e-07;9.68784e-08;3.64937e-07;1.04625e-06;1.41005e-07;3.40297e-05;1.75702e-07;1.92386e-06;2.53323e-06;3.61494e-07;4.04383e-07;1.76175e-07;1.62677e-05;9.04263e-08;5.5883e-07;4.83539e-07;8.24004e-07;9.26498e-09;1.0311e-05;1.63186e-08;3.23352e-06;1.84543e-07;3.70673e-07;2.07145e-07;3.79234e-07;2.78222e-08;1.17379e-08;1.28127e-07;2.27825e-06;0.000176923;1.78721e-07;7.42093e-06;1.73893e-06;1.52169e-06;1.36598e-06;5.02266e-06;2.10907e-06;4.43604e-08;2.15093e-07;1.4145e-06;7.78098e-07;9.67674e-08;2.96312e-07;3.42458e-08;9.31715e-07;1.10913e-06;4.07896e-07;7.03047e-07;9.23323e-08;1.00763e-06;1.02906e-06;6.99212e-07;1.21378e-06;5.71369e-08;4.34975e-06;3.1471e-08;1.87116e-06;9.34539e-07;7.68128e-07;3.23124e-06;8.88032e-07;9.11176e-07;2.50964e-07;1.06044e-06;1.53159e-06;0.000137011;2.60535e-07;1.53447e-06;6.02273e-07;1.62062e-06;1.87532e-07;1.09989e-06;8.01252e-07;1.47174e-06;2.12502e-06;7.08693e-07;3.53797e-06;1.92054e-07;5.94513e-05;1.0016e-07;7.28337e-06;1.03806e-07;2.47682e-07;8.28553e-07;3.10409e-06;8.94035e-08;2.29272e-06;4.7325e-08;1.66052e-06;2.1995e-07;3.02899e-06;2.61423e-07;6.62822e-07;1.86938e-07;8.06334e-07;6.51514e-07;5.55384e-07;7.07262e-06;3.4924e-07;2.94297e-06;1.04637e-06;1.58717e-06;4.73287e-07;2.21459e-06;9.71576e-07;9.64181e-07;3.75604e-07;1.83632e-05;1.10201e-07;6.59066e-07;7.79117e-07;2.58317e-07;1.55892e-07;3.98245e-07;1.89458e-06;5.35679e-07;7.28206e-08;2.08801e-07;6.40779e-07;1.58486e-08;1.46323e-07;2.64355e-08;1.29382e-08;3.97776e-07;2.28979e-07;4.23655e-07;3.22812e-07;2.30091e-07;2.54893e-07;8.73547e-07;6.52424e-08;5.35812e-07;2.52217e-07;3.33471e-06;2.48805e-06;1.36986e-06;5.46414e-07;2.25925e-07;2.90791e-05;4.56952e-08;0.000129575;3.01385e-06;3.28258e-07;1.4772e-07;1.84266e-06;1.70923e-08;8.20465e-07;2.5547e-07;1.57496e-06;6.59406e-07;2.19313e-07;6.57758e-07;7.47026e-06;4.23521e-05;2.85374e-07;7.90804e-07;1.00789e-06;2.30042e-07;6.06366e-07;1.61427e-06;4.47296e-07;2.96237e-07;5.02852e-07;8.02641e-07;1.36982e-08;1.53583e-07;2.86047e-08;2.33291e-05;4.17028e-07;5.21409e-07;4.23146e-07;1.68582e-06;9.80978e-07;6.1104e-07;0.00684435;0.000140983;0.000504461;0.000343555;0.000888758;0.519008;0.00111063;0.46921;0.000165469;2.246e-05;0.000278553;0.00020594;6.15638e-05;0.000105624;6.46237e-08;3.9443e-08;2.26499e-09;1.58303e-08;2.93746e-08;2.45981e-06;7.84233e-09;1.07692e-08;3.03529e-07;2.71979e-07;6.98926e-07;4.20972e-08;2.60975e-07;1.67971e-07;3.30626e-07;1.3136e-07;7.04771e-08;1.7895e-06;1.05337e-08;4.9297e-06;3.48201e-07;5.43213e-06;1.77962e-06;2.71955e-07;1.37915e-08;2.11801e-07;7.3438e-07;2.05787e-07;9.9344e-08;2.95842e-07;1.40589e-06;3.13839e-08;3.74829e-08;2.79655e-07;5.50425e-06;1.19579e-07;6.39871e-07;5.86636e-07;2.60014e-07;7.28091e-07;1.00146e-09;1.74403e-06;9.94026e-08;8.21044e-08;1.4766e-06;2.27472e-06;2.39344e-06;1.5713e-07;1.22019e-07;1.47014e-07;1.78397e-06;2.34411e-07;1.3346e-07;9.25597e-07;6.51656e-10;2.72606e-09;1.54746e-07;9.71698e-09;5.97203e-08;2.1534e-07;2.05943e-07;5.80328e-07;9.42188e-08
2.4774e-07;1.32292e-06;2.22813e-06;9.15393e-07;2.58687e-09;7.57966e-07;9.12166e-06;2.07736e-06;1.95446e-06;1.3369e-06;2.21651e-08;2.88003e-05;4.77044e-09;1.30575e-06;1.50863e-06;2.32863e-06;1.66832e-06;3.0144e-07;1.82926e-07;5.22477e-07;2.76772e-05;9.20435e-08;1.3038e-06;2.46611e-07;2.81931e-06;9.12478e-07;2.49339e-07;3.69225e-06;5.36012e-08;1.10614e-06;1.80705e-06;5.60914e-08;0.000484051;1.11984e-07;3.00414e-08;6.12541e-08;1.82665e-07;1.96492e-07;1.03336e-07;1.59901e-07;1.19571e-09;4.11123e-07;1.51412e-07;3.37554e-06;2.1556e-06;6.36604e-08;4.41077e-07;3.65855e-08;4.32002e-07;3.04853e-07;7.32105e-07;5.74449e-06;4.13023e-09;1.15323e-07;1.37957e-07;2.90936e-07;1.07679e-07;9.2713e-07;7.31865e-07;3.13661e-05;5.72463e-07;3.1755e-06;3.24866e-06;6.59365e-06;1.38803e-07;3.85264e-06;3.23318e-06;7.02088e-07;7.90153e-07;1.78373e-05;3.92477e-06;8.90325e-06;7.81454e-05;2.39386e-06;1.14714e-08;7.59867e-07;7.02694e-07;2.73631e-07;2.57748e-05;6.69526e-07;1.67612e-07;8.90054e-08;2.96833e-06;4.00451e-06;7.69032e-08;1.7611e-05;3.37934e-07;2.23386e-09;2.5665e-06;3.90407e-07;2.86354e-07;6.394e-07;5.25036e-07;2.19423e-06;3.75311e-05;4.48001e-08;1.0162e-08;8.24023e-07;4.39373e-07;5.31826e-09;4.72158e-07;8.84638e-07;1.20549e-08;2.58692e-05;2.26786e-08;1.47417e-08;2.30377e-07;5.02789e-07;3.25175e-07;1.49788e-08;3.55529e-06;2.11717e-08;6.69009e-07;5.97352e-07;5.40282e-07;1.83431e-09;9.39506e-05;2.45053e-07;8.19491e-08;9.15221e-07;6.06834e-06;1.45503e-06;1.6663e-06;5.29471e-09;8.19677e-07;8.60382e-08;1.74613e-07;4.07593e-06;5.00693e-08;2.07913e-10;2.63414e-07;2.88194e-06;7.39786e-07;5.08046e-08;1.50806e-06;8.03803e-09;4.64014e-07;1.32787e-05;4.19681e-06;1.71014e-06;5.89911e-06;4.48519e-07;1.37738e-07;3.35151e-07;1.88655e-06;1.74957e-05;3.86011e-07;2.58545e-05;3.30256e-05;0.00124145;0.000262534;0.0640918;0.896627;0.00089738;0.0212409;8.11154e-07;0.00126401;0.0122213;0.000224538;3.36452e-07;1.75285e-07;3.04443e-06;7.85115e-05;0.000130567;4.08138e-07;2.11211e-08;6.58213e-06;1.29565e-05;3.03341e-07;3.19234e-07;1.01597e-06;1.73847e-06;9.1574e-07;6.81142e-06;1.61987e-05;6.4165e-08;1.93701e-07;2.45119e-07;4.91191e-06;2.78127e-07;4.0712e-08;1.58034e-06;7.88224e-07;3.55371e-07;1.78798e-06;6.41677e-08;1.12162e-07;3.4632e-07;6.24526e-06;5.38844e-07;3.68462e-06;8.3812e-07;8.31911e-06;5.91563e-06;7.49624e-06;4.10544e-05;5.49294e-07;1.46718e-06;2.43418e-06;9.40893e-05;2.06157e-06;3.56052e-07;1.95419e-06;6.42681e-07;7.17227e-07;1.52529e-05;5.87576e-08;8.79087e-08;1.46106e-07;1.91909e-07;5.60407e-07;1.76605e-06;4.54433e-07;8.98545e-07;2.11414e-08;1.15343e-06;7.00842e-07;9.32675e-08;1.46553e-06;1.41631e-06;5.4077e-09;1.88036e-07;3.28327e-07;1.0292e-06;4.90191e-07;2.90724e-07;1.01043e-06;2.33219e-06;3.81153e-06;1.8019e-06;5.86943e-08;1.34443e-07;5.63442e-07;3.10094e-05;2.67667e-06;1.40087e-07;1.85976e-05;2.56784e-07;6.28474e-08;2.1604e-07;5.81827e-07;1.31066e-07;1.56734e-05;4.75288e-08;8.07233e-07;1.15459e-06;1.0395e-05;3.01128e-05;1.09542e-05;2.11748e-05;3.59865e-06;9.8343e-07;5.78413e-08;9.92802e-07;8.14624e-07;1.09595e-06;8.44789e-07;9.77532e-07;2.26267e-07;3.74609e-07;5.00276e-06;7.10318e-07;6.36856e-09;3.97368e-06;2.70935e-07;9.799e-10;2.36508e-07;5.03903e-07;1.11842e-07;1.26748e-08;4.1649e-07;2.68627e-08;3.32857e-07;2.47684e-07;4.14008e-07;1.06008e-06;2.36351e-07;1.50809e-06;6.52251e-07;6.25284e-07;1.94897e-07;5.95257e-07;5.12618e-07;7.81669e-08;2.99941e-06;1.33059e-08;2.9081e-07;1.92406e-08;3.28848e-07;4.12072e-07;2.08145e-06;4.26481e-06;3.63659e-07;7.66388e-09;5.20482e-07;3.6039e-07;6.58968e-07;1.16624e-09;1.6728e-07;1.09666e-08;7.05352e-07;7.80018e-09;2.69256e-07;1.78755e-06;5.90611e-06;8.53145e-06;2.88476e-07;1.39392e-09;4.49658e-07;3.14842e-06;4.69351e-07;9.33686e-06;2.25048e-07;2.7403e-07;9.63255e-08;7.64057e-06;4.23272e-06;1.18005e-05;1.36475e-06;2.33494e-07;3.77511e-07;1.77085e-06;2.63286e-07;1.20336e-06;3.34739e-07;6.30564e-06;5.81841e-08;9.07071e-06;1.93679e-07;3.3483e-09;1.10779e-06;9.70812e-06;3.17743e-06;8.78005e-07;3.79538e-07;2.71509e-07;3.63204e-05;1.84305e-07;5.74024e-08;1.14763e-06;3.40931e-08;5.68949e-06;4.27976e-08;2.55571e-08;1.80321e-07;5.80012e-06;8.06463e-07;1.74943e-07;1.9265e-07
3.19392e-07;7.34636e-08;5.97914e-08;1.18781e-08;6.51527e-07;1.5736e-07;5.53379e-07;3.58281e-06;4.57752e-07;3.20558e-07;3.81771e-06;4.82282e-07;2.56145e-06;1.89013e-07;3.856e-07;5.40124e-06;2.58814e-05;2.15201e-07;1.84694e-05;4.5844e-07;2.17702e-05;1.02761e-07;2.25887e-07;1.88862e-06;6.96879e-07;4.33743e-07;1.05185e-05;3.8352e-06;2.47003e-08;1.41267e-08;2.90068e-09;2.15564e-07;3.71182e-06;3.9593e-09;2.31779e-05;3.20952e-07;2.22786e-07;2.39921e-07;3.70425e-06;2.21381e-07;2.52722e-07;6.36296e-08;7.15245e-06;5.61597e-07;2.30734e-07;7.17128e-08;2.39468e-07;1.99961e-08;1.91294e-08;6.53858e-09;1.66897e-06;1.3846e-07;6.74844e-08;1.57885e-07;2.77644e-06;1.39887e-06;4.82539e-07;5.3739e-08;1.07686e-07;6.04025e-08;3.48744e-08;1.20259e-08;3.80756e-08;1.30308e-05;1.92798e-07;1.98966e-07;4.0068e-07;3.22713e-07;1.59289e-07;1.55542e-07;3.3335e-08;1.2548e-05;3.37936e-06;3.9842e-08;1.16032e-05;4.65393e-07;1.90621e-07;6.51911e-05;4.41549e-07;3.54742e-06;1.43625e-07;1.34984e-07;1.5542e-07;9.67917e-08;2.64844e-07;1.0474e-06;3.38945e-07;4.76893e-06;6.39388e-07;8.01093e-08;5.56262e-07;2.32463e-07;1.98332e-07;1.20306e-06;3.00597e-06;5.56395e-06;1.06244e-05;1.83277e-05;2.41606e-06;3.27e-08;6.89516e-08;1.05767e-08;1.57138e-08;1.4281e-06;2.10986e-08;1.03409e-05;1.93705e-06;7.70498e-08;1.40367e-07;1.50202e-05;1.1067e-06;1.28712e-06;2.94542e-07;2.21077e-07;2.35712e-07;8.50442e-09;3.29733e-08;9.59643e-08;3.83842e-06;8.92366e-08;7.70884e-07;2.44221e-08;1.23642e-06;3.53305e-09;1.15964e-08;6.89632e-10;2.32348e-09;2.64661e-08;2.39413e-09;1.43373e-07;2.98733e-07;1.71329e-07;1.16782e-07;8.10116e-07;6.5559e-07;4.63003e-06;1.23541e-07;7.62788e-08;5.78797e-08;5.95928e-08;1.9207e-07;2.46991e-08;4.1306e-06;1.61457e-07;1.0276e-06;2.68986e-07;9.51041e-07;4.346e-07;5.55034e-08;2.85867e-07;5.20224e-08;1.14772e-06;6.202e-08;2.92227e-08;1.04221e-05;2.15924e-07;1.05338e-05;1.12767e-06;6.24605e-07;1.26284e-07;1.94826e-07;2.75336e-07;6.45852e-07;3.0802e-07;2.70595e-07;2.15259e-06;4.07231e-06;1.18827e-06;6.00486e-07;1.70172e-07;9.77251e-08;3.17828e-07;3.99248e-08;2.05731e-07;4.43753e-07;3.93627e-07;7.84078e-06;6.73232e-07;1.73602e-07;5.9355e-06;2.90714e-08;6.88158e-08;6.48556e-09;1.3219e-07;3.21759e-07;4.42967e-08;4.84512e-07;8.83672e-07;6.68959e-07;3.71135e-07;4.31463e-07;1.04246e-06;3.8532e-07;1.99623e-07;1.46081e-06;9.29194e-07;2.3799e-07;1.81923e-05;2.81111e-06;1.12189e-06;5.18563e-07;3.68372e-07;9.85547e-08;1.4325e-07;3.29298e-06;1.49899e-06;1.62498e-07;9.16071e-06;3.81272e-07;1.44886e-07;9.31301e-07;4.8202e-07;7.09063e-07;1.29206e-07;3.13935e-08;1.42435e-07;5.0696e-08;1.43147e-07;8.113e-08;8.0841e-08;1.5581e-06;1.63079e-07;2.39203e-07;2.15211e-07;5.10245e-07;5.48979e-07;3.29111e-07;1.16055e-07;2.04243e-06;3.29517e-06;2.32351e-07;7.49381e-05;1.85363e-07;5.29004e-08;2.03559e-07;1.6471e-06;2.57164e-07;1.98399e-07;4.26382e-05;4.18067e-07;4.78206e-07;3.98359e-07;2.31675e-07;1.55379e-07;2.63291e-07;7.3896e-08;6.25043e-08;2.91786e-08;2.33207e-07;7.98828e-08;3.22671e-08;2.50825e-05;3.61512e-07;7.92594e-07;2.62314e-07;1.11149e-06;1.27627e-07;6.7185e-07;1.05058e-07;2.49346e-07;7.46292e-08;7.17618e-08;1.04577e-06;2.98523e-07;2.39528e-07;4.80745e-06;2.30205e-07;3.38884e-07;1.44031e-07;1.74932e-06;1.82371e-07;5.23761e-07;8.42772e-08;9.03706e-08;5.12895e-08;1.42785e-08;2.14327e-06;1.29567e-06;5.19111e-08;1.7299e-05;4.88178e-07;2.40985e-07;1.16697e-07;7.56977e-06;5.89681e-08;5.61086e-08;3.09669e-07;1.85517e-09;5.52299e-09;3.08914e-10;1.0244e-07;1.75457e-08;3.80642e-08;3.94914e-09;5.74634e-07;9.95819e-08;1.26638e-07;7.83878e-07;3.70996e-07;2.57524e-07;1.29452e-07;1.6428e-08;4.761e-08;1.13491e-08;2.43545e-05;1.9236e-06;1.24784e-07;5.49414e-07;3.8777e-07;2.59766e-07;1.34047e-06;1.32643e-06;8.74097e-07;1.15155e-07;5.74695e-08;1.28017e-07;4.73621e-08;2.36654e-07;1.66982e-09;2.07376e-08;2.9574e-07;8.60505e-06;7.91578e-07;0.676543;0.000253313;4.42345e-06;0.0137182;0.000170286;0.00367884;0.301298;7.55286e-06;1.47148e-05;2.44541e-06;0.00347464;1.30646e-05;9.04434e-05;3.37769e-06;1.27766e-06;1.52164e-07;2.04469e-07;4.29685e-09;2.27505e-07;2.76736e-08;5.78967e-06;5.80197e-08;5.00167e-08;1.98747e-07;5.40753e-06;6.28281e-06
1.74614e-05;0.466701;0.000162788;0.000927888;0.375287;0.000139332;0.00419204;1.06036e-08;9.17954e-07;1.73952e-07;4.11947e-07;2.16576e-08;4.88277e-08;3.11863e-05;2.1389e-07;6.20414e-06;2.25768e-06;2.32906e-07;5.8796e-08;1.16014e-07;1.20414e-06;0.00354367;9.00627e-07;0.000253506;2.32778e-06;2.1848e-07;1.23999e-06;6.75589e-07;0.00376112;4.04759e-08;3.45103e-08;1.8349e-06;7.41941e-09;2.32466e-08;6.53509e-10;5.68141e-05;3.99605e-07;3.30671e-07;1.59085e-07;1.15373e-07;7.6764e-09;1.55063e-08;1.10986e-07;1.67271e-07;2.90978e-06;2.63097e-07;5.86582e-07;0.00314281;7.35194e-07;3.79374e-06;1.51188e-05;6.98991e-09;8.34038e-08;1.88544e-10;6.43079e-08;7.04926e-07;4.31588e-07;0.00380273;2.89089e-07;5.30489e-07;6.13374e-05;5.52432e-07;6.97295e-07;3.76661e-08;2.21131e-06;4.25744e-07;2.7132e-07;2.52912e-07;0.00586485;1.53323e-05;2.01506e-06;2.34191e-05;1.03714e-08;7.46695e-08;9.90516e-08;3.19146e-06;2.07884e-07;8.10616e-06;4.10194e-06;4.42543e-08;1.64292e-06;0.00248865;1.01843e-05;4.74916e-06;2.32732e-06;4.88342e-08;3.09536e-07;4.84347e-10;9.38678e-07;3.83321e-07;0.00312817;6.6754e-07;3.13207e-07;1.55808e-05;3.09904e-06;1.14509e-07;2.322e-09;1.89658e-06;3.58382e-07;0.00101162;8.41778e-08;3.38088e-07;6.59895e-06;5.67611e-08;2.899e-09;4.45848e-11;0.000290207;2.39568e-07;2.58437e-07;1.5778e-06;3.59011e-08;2.47828e-09;0.000220375;4.8164e-07;7.58293e-07;0.00016907;3.67081e-07;1.33551e-08;1.43771e-09;4.34064e-06;1.0955e-06;9.96994e-09;5.69722e-08;0.0026207;6.54179e-08;3.28985e-08;3.06311e-05;8.71919e-09;5.16892e-09;1.98247e-11;0.000667012;1.99342e-07;1.22074e-07;4.59464e-07;1.44533e-08;3.26342e-09;0.00139174;7.61745e-06;3.30543e-06;4.22683e-05;8.45729e-08;1.26737e-07;7.30212e-08;7.10099e-06;8.13845e-07;9.64602e-08;1.87662e-07;2.20451e-07;0.000364256;7.25515e-07;3.84049e-08;7.29197e-06;2.75977e-09;1.67656e-09;7.15973e-10;1.35842e-06;1.84852e-07;9.67998e-09;2.00222e-08;0.000677324;2.84014e-07;1.56271e-07;7.3043e-05;1.0338e-06;7.34247e-07;3.50414e-09;1.69928e-06;3.99439e-07;3.9856e-08;1.40856e-07;0.000148008;1.91725e-06;4.45602e-06;0.000152766;3.61325e-07;1.87497e-07;2.22214e-08;6.98756e-06;1.53617e-08;3.39409e-08;0.00609864;1.71509e-06;1.95984e-07;3.93243e-05;4.02136e-06;1.95525e-08;1.31951e-08;6.16491e-06;4.5162e-07;5.2683e-07;5.77671e-07;0.00709997;2.01393e-05;3.41251e-06;1.40152e-05;3.14901e-07;4.1826e-08;2.45972e-08;2.97816e-07;4.16383e-08;4.5118e-08;0.00191379;9.01896e-07;1.27935e-06;0.000133552;2.31112e-07;2.24678e-07;2.09582e-07;0.000135447;1.70914e-07;1.15884e-05;5.34444e-08;2.56686e-06;2.83051e-07;0.00217229;3.0514e-07;2.57289e-07;1.68701e-06;2.27333e-08;1.2451e-08;4.6633e-10;1.20974e-06;7.30248e-07;1.09478e-06;5.92525e-07;0.000855357;8.0493e-07;3.47543e-07;1.65824e-05;1.92345e-07;1.48633e-07;1.09312e-08;0.0041533;4.88734e-07;1.26994e-06;3.68396e-06;2.12417e-09;1.52354e-09;5.34424e-09;5.17607e-05;1.72239e-07;6.54324e-06;2.13061e-07;2.63294e-07;6.41295e-07;0.000830436;9.91005e-07;1.64165e-07;1.08645e-05;2.08422e-09;1.16737e-08;4.12941e-09;7.47949e-05;3.51492e-07;2.08205e-07;1.86592e-06;3.70841e-07;5.36594e-08;5.70058e-07;0.00075619;1.36814e-06;7.37993e-07;9.46244e-06;4.13028e-09;1.07573e-07;2.87896e-10;3.99479e-06;3.69258e-07;2.12094e-07;1.39534e-05;3.08312e-07;1.26941e-07;4.43032e-10;0.0127761;3.84274e-07;4.8467e-08;0.00142055;1.64362e-07;2.28232e-09;8.658e-12;0.000180183;8.58929e-09;2.74952e-07;1.16761e-05;7.26142e-08;4.79254e-08;9.89579e-08;0.0197059;6.72395e-08;2.03981e-08;1.37245e-06;1.02475e-09;5.93802e-10;2.30711e-15;9.93048e-05;8.12242e-08;1.68015e-07;4.04489e-07;1.60325e-07;1.0052e-08;2.2495e-07;0.0477518;1.54783e-07;4.13366e-07;0.00509526;1.18068e-07;4.46396e-08;9.55397e-15;2.04133e-05;3.49789e-06;9.81021e-08;1.2279e-08;1.10497e-09;2.10998e-07;0.00469067;2.5473e-06;4.37025e-06;0.000584957;4.85475e-08;3.71742e-12;5.54892e-10;2.50601e-05;3.41605e-07;1.31745e-07;0.000253413;1.03701e-07;2.74513e-08;2.74699e-05;1.22383e-07;3.05132e-08;0.000859501;1.667e-06;1.24417e-06;8.44704e-07;4.96503e-07;1.68435e-07;1.69941e-05;4.34731e-13;0.000275437;6.91936e-08;1.71816e-06;6.36632e-11;4.99814e-08;3.59471e-09;7.86266e-05;1.15259e-07;1.26488e-08;3.22036e-07;7.97784e-09
3.67817e-10;1.70495e-07;3.89855e-08;3.14986e-08;1.64436e-08;9.88078e-09;1.33377e-08;2.33372e-08;9.17359e-09;1.96673e-09;1.08317e-09;2.33876e-09;3.40577e-09;2.7584e-09;1.37676e-09;1.58752e-09;9.43033e-09;9.95106e-10;1.18573e-09;3.29589e-09;1.1781e-08;1.74838e-08;5.06271e-09;2.88566e-09;4.26833e-09;8.52514e-09;5.68578e-08;0.999994;7.30921e-09;1.39808e-08;4.28348e-09;4.15705e-09;2.3199e-09;1.04459e-08;1.68574e-10;2.28663e-09;1.53636e-09;1.66869e-09;1.1923e-09;5.52378e-10;4.88322e-10;7.66061e-08;5.58851e-07;1.08532e-07;4.54064e-07;9.54284e-07;7.80326e-09;5.15187e-09;1.06621e-08;2.82975e-09;5.10847e-08;3.60288e-11;2.71028e-09;6.64282e-08;3.47249e-09;1.15822e-08;4.31679e-09;8.5257e-09;1.94154e-09;4.15737e-09;9.73712e-09;8.57905e-10;3.30971e-10;1.81697e-09;2.52594e-09;2.79026e-09;2.02197e-09;4.18336e-09;1.9756e-08;1.2239e-08;1.77693e-08;1.63484e-09;1.01134e-08;7.2842e-09;1.1917e-10;2.84471e-09;3.25842e-09;3.49114e-09;1.23735e-08;1.27201e-09;1.11026e-08;1.42011e-08;3.00293e-08;2.31473e-08;2.84715e-09;2.46022e-09;1.60682e-08;3.20549e-10;2.30458e-09;2.51277e-09;8.49187e-09;2.18284e-09;1.53261e-09;4.98234e-08;2.67733e-09;3.21126e-09;2.04417e-09;5.44441e-10;1.43875e-09;6.04224e-08;8.09806e-09;1.717e-08;8.4724e-09;2.20305e-09;1.87253e-10;2.19747e-09;1.84745e-09;1.12224e-09;1.96113e-09;8.01282e-11;1.76716e-10;3.84767e-11;6.68377e-09;1.12267e-09;2.55302e-09;1.5402e-08;2.50888e-09;1.21603e-09;7.53541e-09;5.40407e-09;6.4677e-09;1.47656e-09;1.13841e-09;5.18255e-09;3.48163e-09;8.74444e-09;1.96465e-09;2.37357e-10;1.44152e-11;2.46553e-11;4.12048e-09;3.73227e-09;6.40089e-10;1.07892e-09;1.4817e-10;2.21152e-10;5.33794e-09;1.78114e-08;1.52009e-08;3.73738e-09;3.83335e-09;1.34654e-09;1.53794e-10;1.75829e-09;3.22429e-09;2.99958e-09;9.36829e-09;1.59126e-09;6.11808e-09;8.18319e-09;3.87731e-09;3.04252e-07;1.39691e-09;3.90583e-10;3.91274e-10;3.29185e-09;3.77424e-10;4.19008e-09;1.11281e-09;4.53274e-09;6.31486e-10;2.02219e-09;2.8595e-09;6.72811e-10;2.19994e-09;3.12756e-11;3.81643e-09;5.95141e-09;1.41629e-09;9.33823e-10;7.27823e-09;4.31625e-09;5.75376e-09;6.25e-08;5.93874e-09;6.13605e-09;1.5706e-09;9.60103e-09;3.64084e-09;6.92277e-10;6.99259e-09;8.24152e-09;8.48505e-09;4.03222e-09;4.78375e-09;9.45423e-10;3.81143e-09;1.08399e-08;7.11153e-09;2.81726e-09;1.3112e-09;5.75645e-09;7.50189e-09;6.51534e-09;1.06025e-08;5.24697e-09;6.63286e-10;1.33239e-09;1.4698e-09;5.41256e-09;1.10493e-09;7.64696e-09;8.88815e-09;5.11748e-09;1.53838e-08;1.48075e-08;1.5545e-09;3.14377e-10;2.58042e-09;2.89393e-09;6.96325e-09;1.14724e-09;7.11193e-09;7.88903e-10;3.10907e-09;1.93423e-09;6.53782e-09;5.00528e-09;2.79748e-10;3.974e-10;5.99442e-11;1.58147e-09;2.4809e-09;2.71641e-09;1.10831e-09;3.86889e-08;3.55592e-09;8.92552e-09;4.83726e-07;4.30488e-08;1.53673e-08;6.02618e-09;1.08113e-08;1.04885e-08;1.84753e-08;9.20583e-09;6.04065e-10;3.42618e-10;2.19132e-10;3.75674e-09;8.40734e-10;5.53914e-10;2.19292e-09;5.8177e-10;1.19691e-09;5.17082e-09;8.71088e-09;1.66324e-08;2.58631e-08;6.01224e-10;1.3593e-09;4.82946e-10;2.88037e-09;2.24562e-09;3.35963e-09;3.93494e-09;1.98814e-09;2.21428e-09;1.15903e-09;3.24868e-09;4.82478e-09;3.7398e-09;1.60924e-07;6.18347e-11;2.86565e-09;2.63205e-11;1.8808e-09;1.89526e-09;2.54758e-09;1.55806e-09;2.20723e-09;1.20909e-09;5.82832e-12;2.61712e-09;6.47609e-09;6.07255e-09;1.17348e-09;1.22148e-10;5.50944e-10;2.73937e-10;1.76893e-08;2.04673e-09;1.20831e-08;3.10876e-11;1.38866e-09;7.14814e-10;7.60509e-10;5.50927e-10;5.46743e-09;8.02511e-10;1.63049e-10;1.40974e-10;1.78041e-11;4.96916e-10;2.14457e-09;1.03596e-09;1.49657e-09;1.361e-10;5.83639e-10;5.54906e-10;2.03206e-09;2.81065e-09;1.07728e-08;3.34618e-08;1.44919e-09;1.00339e-09;4.50463e-10;5.117e-11;3.64849e-09;5.84283e-09;5.476e-10;1.13393e-09;9.89173e-10;1.73719e-09;2.91615e-08;1.52793e-08;5.93849e-09;5.16181e-08;1.98765e-07;2.25637e-09;8.43586e-10;1.10393e-08;2.03829e-09;3.45369e-11;5.19831e-09;3.05156e-09;2.52092e-08;3.44279e-09;1.89339e-10;2.04948e-10;6.39183e-09;5.05692e-09;2.46064e-09;7.79613e-10;1.61119e-09;2.06976e-09;1.8607e-06;1.35567e-10;2.94998e-09;1.62135e-09;4.52877e-10;1.82514e-11;3.09237e-10;2.24634e-11;1.13689e-08;1.51914e-08;2.96352e-09;4.9069e-10;4.59877e-10
3.24686e-07;9.51696e-06;6.15345e-06;7.11082e-06;1.58119e-05;8.74294e-06;1.02542e-05;1.74049e-05;7.4431e-05;1.86952e-05;0.858449;0.136859;0.00313763;3.66075e-07;8.07887e-07;4.70945e-07;6.90155e-06;5.36853e-07;5.12325e-07;8.88921e-06;4.67638e-05;9.59586e-08;1.42997e-06;8.14219e-07;2.28245e-06;1.2174e-06;1.57581e-06;2.22262e-06;7.27977e-08;4.07961e-06;3.57352e-06;8.55038e-06;1.79677e-06;3.11885e-07;5.92286e-06;3.85974e-07;7.80622e-07;3.75043e-07;4.64047e-07;2.13768e-07;3.1007e-07;7.14808e-07;3.95125e-06;4.18087e-06;4.10492e-06;5.56041e-07;2.71645e-07;2.84053e-07;3.89978e-05;6.59293e-05;9.42948e-08;1.99013e-07;9.74114e-08;2.2037e-08;9.15069e-08;9.34064e-07;7.6429e-07;9.43273e-07;7.62075e-07;5.99132e-06;2.58749e-06;5.60302e-07;4.93878e-07;3.78149e-07;8.38794e-07;1.73061e-06;1.34634e-06;1.74772e-07;8.29988e-07;2.47083e-05;6.87593e-06;1.2224e-05;2.95498e-06;9.98481e-08;7.56841e-07;4.06775e-07;1.1493e-06;5.17216e-07;4.06934e-05;4.6249e-06;5.2296e-07;1.41877e-07;3.45514e-06;2.89801e-05;2.01511e-06;3.63573e-07;1.25368e-07;1.97802e-07;1.23199e-06;5.18973e-07;6.41699e-07;1.53949e-06;1.49789e-06;2.56441e-05;1.03387e-05;5.66428e-06;1.09965e-05;5.27876e-07;1.13525e-06;3.38378e-08;2.73691e-06;6.00562e-06;8.48236e-07;4.94122e-06;2.26751e-07;6.6777e-07;4.44388e-08;1.03885e-06;7.99741e-07;3.33989e-08;7.67014e-07;1.78101e-08;1.24472e-06;4.31158e-07;8.85315e-07;1.81365e-07;7.07848e-05;3.94237e-07;2.6688e-05;1.21218e-07;1.07323e-06;4.87586e-08;8.78406e-07;1.7138e-08;2.35671e-06;2.7547e-06;9.16783e-06;1.49921e-07;4.48586e-08;1.56447e-08;1.8739e-07;3.72378e-07;8.10365e-07;2.82155e-07;1.7811e-06;4.15459e-08;1.87415e-07;2.89285e-07;1.02006e-05;3.68386e-05;2.15779e-06;4.20297e-07;5.63212e-06;5.56995e-07;2.16361e-06;2.56238e-06;3.66181e-06;2.4903e-07;1.57296e-07;2.6725e-05;7.56093e-06;4.38884e-06;5.67154e-07;4.39088e-08;5.90861e-07;2.40281e-07;7.05998e-08;4.8792e-07;5.47099e-07;9.76929e-07;4.85041e-07;7.35916e-06;3.49633e-05;5.16014e-05;3.63252e-06;4.71316e-06;3.61069e-06;3.45314e-06;1.43294e-06;3.78271e-07;2.33516e-07;1.21314e-06;5.10336e-06;3.16634e-05;1.76837e-05;7.74567e-07;5.70814e-06;8.95369e-07;9.71017e-07;7.25791e-07;4.8257e-07;6.78481e-06;1.60439e-05;8.78729e-06;2.05231e-07;5.73204e-07;5.64613e-07;1.007e-06;6.84761e-06;1.61315e-06;1.68305e-06;1.15895e-06;2.42531e-06;1.97564e-05;1.7851e-06;8.39069e-06;1.67206e-07;2.91549e-06;9.38065e-06;8.53461e-06;2.50316e-06;4.3431e-07;4.09507e-06;1.03795e-06;1.70136e-05;2.683e-06;4.66384e-06;1.00792e-06;7.14797e-07;1.21669e-06;1.95384e-06;3.48931e-06;2.59755e-06;5.98912e-07;1.34112e-07;4.487e-06;1.65623e-05;4.57545e-06;1.97075e-06;5.55491e-07;1.21765e-07;6.09292e-07;5.32269e-07;8.51401e-07;6.98251e-07;1.20089e-06;1.02418e-05;4.50995e-06;2.42889e-05;8.14769e-06;3.83687e-06;3.22725e-06;4.79817e-08;3.01298e-07;4.47948e-06;7.34608e-07;4.78901e-07;1.09605e-07;1.35676e-06;9.90742e-08;1.25667e-06;5.00816e-07;1.07802e-06;2.92401e-07;4.10579e-07;4.30956e-08;2.92505e-06;6.17671e-06;2.60696e-06;4.88193e-07;1.14229e-07;8.62305e-07;4.28953e-07;9.72334e-07;3.92906e-06;9.91482e-07;7.49606e-07;1.86924e-06;1.05159e-06;3.45385e-07;3.68334e-06;7.69121e-06;5.67369e-06;1.09622e-07;1.38734e-07;2.5864e-08;2.88871e-07;8.16856e-07;3.75626e-07;4.3228e-08;2.11007e-06;4.78855e-07;2.90472e-08;4.37238e-09;2.36627e-07;1.28904e-06;1.23069e-08;1.66865e-07;7.56677e-09;3.89976e-07;2.19032e-07;8.92753e-07;1.09786e-06;6.13664e-08;1.7693e-07;3.60621e-07;8.75593e-07;4.85579e-08;5.48485e-06;1.50646e-05;6.9753e-07;4.08627e-07;1.04194e-06;1.42405e-06;7.05368e-07;2.07779e-06;1.33536e-06;6.00555e-08;1.0835e-06;5.08449e-07;7.77946e-07;1.17486e-07;3.10551e-06;1.17571e-06;2.30632e-08;3.77655e-07;1.44227e-06;1.65867e-08;7.13543e-07;7.6803e-06;1.36857e-07;1.1972e-07;3.328e-07;7.16456e-07;2.63288e-07;2.54847e-05;4.07251e-06;3.51013e-06;6.30915e-06;5.32006e-09;5.10677e-06;4.64884e-07;8.44046e-07;1.25402e-11;4.5927e-07;7.58046e-06;5.74728e-05;2.54736e-05;2.98136e-06;1.09328e-07;1.20104e-07;1.67832e-06;1.21361e-06;3.85622e-07;8.07272e-07;5.63279e-07;1.51644e-06;5.95744e-10;1.78562e-07;6.09449e-07;3.84743e-07;4.0746e-05;2.74686e-07;1.21185e-09;6.57382e-08;2.98339e-06;2.6035e-06;5.50329e-07;5.90144e-07
7.54107e-07;3.14322e-08;1.21177e-08;6.97939e-09;1.84792e-07;1.20109e-08;1.71505e-08;5.4474e-06;3.62656e-07;2.35408e-07;1.35693e-07;3.06708e-07;1.18986e-06;4.51148e-08;3.00821e-07;2.84442e-06;7.67251e-07;9.15411e-08;8.26319e-07;1.10594e-06;1.51041e-08;6.09928e-09;1.02733e-07;9.30187e-08;2.79764e-08;2.99749e-05;3.30854e-08;5.22946e-08;5.84975e-09;3.57286e-07;5.33625e-08;2.39659e-06;7.77652e-08;6.97489e-06;2.55186e-07;5.75162e-07;3.05227e-08;2.13928e-08;4.9744e-08;1.59796e-09;8.34388e-07;8.37687e-08;2.05731e-06;4.62133e-08;3.7021e-07;4.60391e-07;2.37123e-06;1.38324e-08;7.25553e-09;1.90866e-08;1.79786e-08;2.71374e-09;1.82096e-06;1.20801e-08;1.72987e-09;1.58144e-07;1.06774e-07;1.4247e-08;3.2905e-08;1.27854e-07;2.96279e-07;4.51492e-09;3.79724e-06;5.27152e-08;4.99476e-08;7.32751e-08;5.59248e-08;7.1625e-08;8.62581e-09;3.59934e-08;5.20381e-08;1.67878e-07;1.10612e-09;4.72972e-07;1.06102e-08;6.08566e-08;8.71607e-08;5.30505e-07;1.91638e-08;7.55299e-07;3.15286e-08;2.30063e-08;1.48558e-07;4.68693e-08;8.21657e-07;1.32475e-08;2.5404e-06;4.10296e-06;1.96678e-07;4.68163e-08;3.09491e-08;1.38205e-07;9.87279e-08;1.24387e-06;4.62956e-08;7.12433e-07;6.22878e-07;1.21053e-06;2.54234e-07;2.30527e-08;3.98183e-09;2.6901e-08;1.37783e-09;5.11355e-09;3.04584e-07;1.22457e-06;5.37233e-08;6.94933e-08;6.18673e-08;9.57814e-08;1.45458e-08;3.78725e-07;1.4767e-06;9.14485e-08;3.95968e-07;7.13944e-09;1.97799e-08;4.43199e-05;5.93451e-07;2.03924e-07;1.17184e-07;3.51396e-08;3.00382e-07;2.99411e-09;2.68899e-08;9.6353e-08;9.25941e-08;1.04142e-08;4.94052e-06;9.70722e-08;3.55313e-08;7.59275e-08;4.34433e-08;1.04171e-08;7.82277e-09;6.93207e-07;4.44449e-09;9.09236e-09;6.49673e-08;5.26287e-08;2.98453e-08;1.45351e-06;6.45623e-07;2.8079e-07;2.32354e-08;1.10939e-07;1.12161e-07;4.07838e-07;2.68582e-08;1.57296e-07;1.88883e-07;6.44876e-07;5.91047e-10;2.50396e-06;8.01603e-08;6.60563e-08;1.77501e-07;9.24211e-09;6.79445e-07;9.98218e-08;6.58709e-08;9.44183e-08;1.14722e-06;5.81486e-08;6.9588e-06;3.46008e-06;6.52494e-07;1.48366e-07;1.84065e-07;7.31603e-08;5.96817e-08;5.38008e-08;8.58239e-08;2.00448e-07;6.59251e-08;6.19377e-06;2.82267e-07;1.29321e-07;1.91339e-07;4.25073e-07;6.02452e-08;1.30484e-07;2.38208e-07;1.36104e-06;4.22167e-08;9.34706e-06;8.03876e-08;1.04324e-07;8.2015e-08;2.87247e-07;1.32233e-07;7.11309e-08;7.4773e-08;1.05863e-06;3.31857e-07;1.00956e-07;1.03135e-05;2.79842e-07;2.07252e-06;3.8886e-07;3.94154e-06;5.25488e-08;2.82631e-08;4.68858e-08;1.61848e-08;4.07299e-08;4.5408e-06;4.30424e-06;4.31943e-08;7.66998e-08;4.66778e-08;6.80483e-08;1.82066e-07;3.22068e-08;1.21544e-08;3.84217e-07;5.42651e-07;4.26473e-09;1.44163e-08;2.12109e-05;4.67903e-07;1.53323e-07;1.28959e-07;6.27703e-08;8.65687e-08;2.33618e-07;2.04998e-07;3.50241e-08;1.15278e-05;4.43211e-08;4.35255e-06;2.48653e-06;8.99529e-09;3.11074e-08;2.55665e-07;6.20412e-08;1.65622e-09;1.80648e-06;3.40171e-08;2.8294e-07;5.40764e-07;4.23817e-07;7.03027e-08;1.94583e-06;9.01964e-08;3.39902e-09;1.12231e-07;2.48248e-08;3.3952e-07;3.8971e-10;1.14378e-06;1.03934e-06;9.66822e-08;1.04086e-07;1.13161e-07;9.3832e-08;4.50838e-08;3.44151e-07;5.29072e-08;1.74926e-07;7.18548e-07;4.718e-07;8.11422e-06;1.307e-10;3.38414e-06;8.44389e-07;1.8862e-07;2.17843e-07;7.95999e-07;2.70915e-08;3.2432e-08;2.47495e-06;1.17816e-12;1.54457e-09;3.74475e-07;3.88636e-08;2.03175e-07;1.04605e-07;5.72096e-07;3.68482e-07;8.93564e-07;8.59051e-07;1.15826e-06;4.70567e-08;5.54253e-08;1.83766e-06;1.08875e-07;2.21755e-10;2.87735e-09;6.5146e-08;5.20226e-09;5.12563e-10;1.02354e-07;5.28013e-07;2.91593e-07;5.10788e-07;1.07708e-07;3.63459e-06;1.49607e-07;1.2859e-05;7.49404e-08;1.63495e-09;2.64345e-08;1.93028e-08;8.58571e-10;3.25326e-10;5.53196e-07;2.77585e-06;1.94679e-07;1.40571e-07;2.88698e-09;1.49144e-08;9.79726e-06;5.56119e-07;1.14131e-08;3.91588e-07;9.63409e-08;3.26499e-07;7.31636e-10;1.93218e-07;7.44973e-08;7.14297e-07;1.12765e-07;5.7667e-05;4.04712e-05;1.21081e-05;0.0689356;1.52378e-05;0.137557;0.790641;2.05662e-06;1.64192e-06;2.66396e-07;0.00213224;2.7589e-06;0.000283045;2.84996e-07;1.24243e-11;6.01677e-08;1.43402e-07;4.80486e-09;4.69513e-09;7.07569e-07;3.65701e-07;1.10905e-08;2.34082e-08;2.68631e-07;2.91081e-07;2.50894e-07
3.29205e-06;6.03583e-08;5.48255e-08;9.22312e-08;2.01885e-08;5.92171e-08;1.54521e-08;9.90378e-08;8.82701e-08;4.61291e-08;2.44821e-07;1.5106e-08;9.24996e-09;1.08161e-08;1.01948e-07;7.11956e-08;3.26778e-08;1.22086e-08;7.45152e-09;2.85496e-08;1.2147e-08;6.36577e-09;1.74367e-07;6.63153e-07;1.32809e-07;1.58582e-06;2.50223e-07;1.64043e-08;5.51535e-10;1.21076e-07;1.00179e-07;9.08441e-06;9.12799e-08;2.63009e-08;4.13849e-09;8.50685e-09;2.05201e-08;1.6436e-08;3.05498e-09;5.01079e-08;1.74567e-09;2.55365e-07;6.76616e-07;9.16476e-09;1.12673e-08;5.3007e-08;1.14066e-09;5.72472e-08;3.13851e-07;9.25991e-08;8.50822e-07;3.14987e-06;2.61831e-08;9.96311e-08;4.2982e-10;3.8281e-07;2.39822e-07;2.50844e-09;9.86535e-08;8.18503e-08;2.6187e-07;1.49262e-07;6.83194e-08;5.21245e-09;6.45334e-09;4.07774e-08;5.1781e-08;9.86277e-08;6.82791e-08;5.45632e-07;1.04096e-06;2.38922e-06;7.93372e-06;7.73339e-08;1.27283e-07;9.71291e-09;4.2455e-08;1.91047e-07;1.16082e-07;1.91048e-07;5.63736e-08;4.40507e-09;3.82562e-07;4.17845e-08;2.35741e-07;2.5522e-07;3.76999e-07;1.04425e-08;9.81036e-08;2.54542e-08;1.93251e-08;1.88796e-07;2.41918e-08;2.94055e-07;4.6566e-07;1.00572e-07;5.33888e-08;4.69505e-07;1.10139e-07;3.4372e-09;4.64585e-08;4.26756e-08;3.84292e-08;9.01646e-09;3.43031e-09;4.84934e-08;3.30882e-09;7.15991e-09;3.10644e-08;2.39968e-07;5.09191e-07;1.125e-07;7.27736e-08;1.67017e-08;6.33867e-07;2.44852e-08;1.29729e-07;1.49126e-08;1.61733e-08;1.90693e-08;1.13312e-07;1.75432e-08;5.17123e-08;2.29704e-10;3.58379e-07;3.89767e-08;1.9362e-07;1.45797e-08;2.12537e-08;2.92047e-09;6.43455e-09;1.6196e-07;3.02221e-08;2.61689e-09;5.83047e-08;1.61094e-09;1.44199e-08;7.8354e-08;1.50996e-07;2.30825e-07;1.5594e-06;8.1011e-08;1.77025e-07;8.38829e-09;1.21368e-08;3.16432e-07;6.87399e-08;4.01048e-08;1.79114e-09;2.60978e-08;1.38223e-08;1.40883e-08;1.2027e-07;5.42152e-08;2.84644e-10;2.0262e-08;4.11475e-10;3.03387e-08;5.45894e-08;1.06261e-08;2.01401e-08;3.16721e-08;1.53162e-07;9.05133e-08;1.266e-07;8.54934e-09;5.85855e-09;4.19876e-08;1.09889e-07;2.88168e-08;2.72991e-08;4.21086e-08;1.52108e-07;2.71484e-07;4.74388e-08;1.97962e-07;7.7791e-09;8.18145e-08;5.39805e-08;5.68947e-07;9.03882e-09;3.17138e-07;7.41547e-08;8.84805e-08;5.84932e-07;1.05857e-07;2.99178e-07;8.10777e-08;1.70797e-07;9.8106e-08;7.03691e-08;7.95649e-09;2.86552e-07;1.00601e-07;2.8555e-08;8.20416e-08;1.5808e-08;8.89365e-09;5.94e-09;4.421e-08;9.52623e-08;2.37376e-08;2.54317e-07;7.0442e-08;4.54125e-06;1.20121e-06;1.42499e-05;1.77041e-06;1.90109e-08;1.38376e-07;3.04242e-07;1.8637e-07;5.14041e-07;2.82354e-08;1.68192e-09;1.33249e-07;1.41121e-07;2.76345e-08;1.21407e-08;5.71004e-07;7.9977e-09;1.42505e-08;6.959e-08;2.43172e-08;2.27564e-08;2.20496e-08;1.7052e-07;6.20144e-08;3.44709e-07;4.06655e-07;3.86172e-07;1.78635e-08;1.03297e-08;1.85329e-06;1.01398e-07;4.95688e-08;1.67411e-06;8.74761e-09;2.1094e-09;1.44816e-08;8.55448e-08;3.99549e-08;1.78011e-07;1.02676e-06;2.92493e-08;1.384e-09;6.75494e-08;6.28555e-08;2.12612e-07;1.49017e-06;8.48771e-08;1.26796e-08;4.22437e-09;4.3897e-08;1.87269e-08;4.71942e-09;2.15275e-07;4.12917e-08;1.1251e-08;1.66038e-08;3.26042e-07;6.20837e-08;5.65676e-08;1.42732e-07;2.03733e-08;1.2169e-09;1.21497e-08;2.26184e-08;3.17964e-08;1.08675e-07;1.12723e-07;1.92e-07;1.33175e-11;5.06091e-10;2.25644e-07;1.41678e-08;2.61882e-07;3.57676e-08;3.22145e-09;2.09014e-11;6.15498e-09;1.44095e-08;1.50557e-07;7.72117e-11;4.92386e-08;2.43089e-09;5.39922e-08;2.32086e-09;1.2421e-07;4.39712e-07;8.89162e-09;1.46709e-07;2.89894e-09;3.20367e-10;2.21712e-08;4.3046e-08;2.16974e-08;7.262e-11;1.591e-08;7.57486e-09;2.41747e-08;3.14529e-10;9.19794e-08;9.10393e-09;8.25797e-09;2.96828e-06;5.1742e-10;9.38293e-10;8.61943e-09;1.48311e-07;2.48248e-11;2.87765e-07;8.21031e-10;2.96339e-08;1.06579e-09;1.26576e-07;1.13349e-08;2.93966e-08;4.97319e-08;4.36206e-10;3.84505e-10;4.45615e-08;3.92512e-08;5.20675e-10;1.08958e-08;3.62815e-08;1.18327e-07;2.3936e-08;2.483e-08;1.32211e-09;5.84772e-09;1.49844e-07;3.69601e-08;3.72466e-09;3.05495e-08;1.3379e-07;1.02224e-07;0.000429138;1.55493e-06;5.46561e-05;0.058903;0.938804;1.26618e-05;0.00157703;2.19774e-06;7.85132e-05;2.56356e-05;5.24899e-06;1.48451e-05
0.00065243;2.86091e-05;0.00177927;4.19959e-05;2.75197e-06;1.72195e-06;8.16531e-08;5.02951e-06;8.18348e-06;6.70698e-06;5.70788e-08;2.51705e-07;3.30613e-05;2.75989e-06;1.25181e-05;0.00445062;0.000258554;2.33639e-06;0.00221934;1.84031e-05;3.23334e-06;2.29775e-05;1.23863e-05;8.10207e-06;1.61503e-05;1.81616e-05;0.000164698;5.36975e-07;3.4642e-07;9.18557e-05;6.27333e-06;3.26676e-07;2.56142e-07;1.08592e-08;3.89418e-05;3.42345e-06;4.97619e-06;3.7058e-06;1.87872e-06;1.5957e-06;7.04674e-09;0.000909141;0.000864076;5.64832e-05;1.16198e-05;4.5036e-06;2.64223e-07;1.30212e-06;8.76069e-05;3.73977e-06;9.44794e-09;2.13632e-07;1.2911e-07;2.5852e-05;4.53878e-07;2.23908e-05;3.29051e-06;1.52021e-05;6.88747e-06;5.92849e-05;2.42682e-06;8.19805e-07;1.03311e-06;1.10739e-05;1.74823e-06;1.53496e-05;4.70028e-06;2.24459e-06;8.31053e-06;0.000101395;6.13931e-05;7.2929e-07;2.79253e-05;4.69146e-06;6.43855e-05;2.70492e-06;4.0597e-06;1.96421e-06;2.93754e-06;1.34101e-05;2.12405e-05;3.27885e-06;5.95017e-05;6.00997e-05;1.12617e-07;5.16586e-06;0.000188507;4.03305e-05;1.8653e-05;3.45005e-06;3.31384e-05;0.000418216;9.38807e-06;2.82437e-05;1.97855e-05;0.000135761;0.0177327;1.47418e-05;1.60466e-05;1.55549e-06;0.000137604;3.31672e-05;8.23411e-07;5.35716e-07;5.01184e-07;0.000118816;7.25547e-07;2.1912e-06;1.40761e-06;1.13918e-05;3.1314e-06;2.67421e-06;8.68672e-06;7.55057e-06;9.61662e-05;3.87725e-07;2.33912e-06;3.54734e-08;2.00757e-06;1.09367e-05;2.99176e-06;1.32178e-07;1.86192e-06;1.60771e-07;6.80522e-05;3.49109e-07;2.2102e-07;3.69223e-07;4.01257e-07;4.56458e-05;1.05811e-06;7.82609e-05;2.84875e-05;2.86693e-07;3.79309e-07;2.20488e-07;1.41361e-05;0.000351468;0.000336346;2.61063e-06;1.09048e-05;2.13598e-05;0.000129702;8.30669e-06;1.8983e-05;9.96372e-06;1.83991e-05;2.90983e-05;4.19467e-07;2.03498e-05;8.97651e-06;3.72818e-06;3.50923e-07;2.64291e-07;0.000172876;2.04851e-06;9.22928e-07;1.34985e-07;1.71477e-05;1.42926e-05;3.53246e-06;4.81476e-05;2.59266e-05;4.56103e-05;3.47041e-06;0.000236939;8.74549e-06;5.48713e-06;6.34648e-06;4.33703e-06;1.71809e-05;2.43332e-05;0.000239276;1.17544e-05;2.33062e-05;1.08379e-05;0.000590904;1.05117e-05;4.31826e-06;2.85394e-05;1.91785e-05;0.000159969;2.70783e-05;2.70765e-05;0.000240374;0.000281436;0.00755312;0.000315313;1.5769e-05;1.81716e-05;6.9164e-06;4.97522e-06;0.000203652;2.5845e-05;2.00585e-06;1.0535e-05;9.35143e-06;0.000604063;2.84893e-05;3.9131e-06;9.25441e-06;0.000178969;0.00372167;0.000401679;0.0110665;0.031469;0.0171934;0.884916;2.06291e-05;4.59733e-05;3.45352e-05;8.66048e-05;0.00036053;7.53416e-06;1.96224e-07;2.15386e-05;1.16645e-05;9.56761e-09;2.30376e-07;1.18502e-06;0.000161866;3.51429e-06;1.42395e-05;2.48498e-06;3.08754e-06;1.14838e-05;0.00010822;2.95976e-05;1.93681e-07;0.00012663;0.000116998;0.000365054;1.84137e-06;0.000109063;5.48444e-06;2.75982e-07;2.84658e-07;1.3816e-07;7.29009e-05;7.33435e-06;2.86411e-05;2.05996e-06;9.11127e-06;4.14065e-06;5.4241e-06;5.98877e-06;0.000195572;1.36728e-05;9.82226e-07;5.75211e-05;2.3587e-07;2.73823e-05;2.02042e-06;1.53345e-05;1.20137e-05;3.99199e-07;2.32921e-05;4.97513e-06;1.60086e-06;1.23157e-06;1.09345e-05;9.11201e-06;1.1548e-06;8.78714e-06;5.11944e-08;7.12932e-06;2.15438e-06;3.25815e-06;2.22984e-05;7.92457e-07;7.10137e-06;6.59552e-06;2.20548e-07;1.66031e-06;0.00381581;8.77838e-06;5.23462e-08;1.86189e-07;9.27678e-07;1.05159e-06;2.50249e-06;1.53314e-05;6.55218e-05;4.2896e-10;2.62008e-07;2.67395e-07;5.19352e-06;1.75455e-07;3.63359e-05;2.56081e-06;3.84483e-08;7.60474e-07;2.60776e-09;3.19695e-07;4.49992e-06;1.31866e-05;6.11844e-06;6.05352e-08;1.14725e-05;1.18629e-05;2.50829e-06;1.36408e-07;0.000169559;1.39634e-06;3.52288e-06;2.86e-08;1.09406e-06;2.74376e-06;9.58296e-06;1.89732e-05;1.98013e-08;6.14663e-07;1.79053e-07;3.99609e-06;1.06021e-06;1.46566e-05;4.22796e-06;2.65183e-06;8.59742e-09;6.89249e-06;0.000472579;4.74683e-06;4.79512e-05;1.13066e-05;8.99047e-07;2.90187e-06;1.3896e-07;1.55308e-07;2.31404e-06;6.57033e-07;8.37074e-07;1.2359e-05;6.07513e-06;3.10513e-05;2.53007e-06;3.1146e-07;2.12395e-05;2.42235e-07;1.83016e-06;1.5536e-05;6.13865e-08;7.62436e-08;6.64594e-07;9.36727e-06;6.57677e-07;5.25712e-06;8.93499e-06;1.09021e-06;7.59742e-07
7.04305e-07;1.09087e-06;4.19785e-06;1.91e-06;4.7382e-06;4.92432e-06;8.48609e-09;8.63887e-06;1.86245e-05;5.64177e-06;1.97841e-07;6.70876e-07;2.38599e-06;3.12221e-06;9.22273e-06;4.92808e-06;6.50399e-06;1.622e-06;4.51646e-05;8.21491e-06;2.80712e-05;2.17588e-06;2.55401e-05;9.56488e-06;1.97072e-05;9.45732e-07;2.16929e-06;2.17486e-07;3.43843e-07;6.5714e-05;3.14567e-06;4.86549e-07;4.4094e-06;0.000289684;2.5478e-07;2.47352e-06;4.62087e-06;2.22016e-06;1.2768e-05;2.39604e-05;2.1488e-06;1.94187e-05;8.61392e-05;2.18552e-06;2.40727e-06;1.16623e-06;2.42642e-07;4.97612e-07;1.39561e-06;3.99314e-07;2.09063e-08;1.41751e-06;1.41538e-06;2.75801e-08;1.65847e-07;5.97428e-06;3.72225e-06;5.23851e-07;3.23383e-06;2.79521e-06;9.04967e-07;6.42227e-06;4.00886e-06;1.08616e-06;1.99758e-06;5.03969e-06;2.72058e-06;5.49872e-06;5.40879e-07;1.65754e-05;9.87886e-06;2.81802e-06;1.65985e-05;4.65317e-06;9.44859e-07;1.75415e-06;8.67928e-07;3.0575e-06;2.70663e-06;2.77877e-05;4.93419e-05;1.39613e-06;8.53322e-06;5.42231e-06;3.62654e-06;1.0028e-06;3.43948e-06;4.83584e-06;1.07725e-05;1.63064e-06;2.30548e-06;3.92382e-06;2.74834e-06;1.24462e-06;5.5528e-06;1.31857e-05;7.56085e-07;1.70647e-06;3.74111e-05;3.77964e-07;3.22345e-05;5.31429e-06;2.903e-08;3.68452e-07;4.19403e-06;4.64843e-08;5.09301e-07;2.53435e-06;5.14525e-06;2.93803e-06;3.27681e-05;0.000166165;1.47941e-06;3.89303e-06;9.25139e-06;1.41335e-06;3.48364e-07;6.02029e-07;6.3532e-07;5.2279e-07;3.61448e-06;0.00015323;2.5244e-06;3.59918e-07;6.71647e-06;2.41599e-06;3.80298e-07;1.00172e-05;2.00034e-06;1.13415e-07;4.02554e-06;0.000149907;2.06587e-05;2.10114e-05;4.94402e-05;3.75189e-05;3.32193e-06;4.4571e-06;9.05271e-06;4.20345e-06;2.25243e-05;6.96369e-06;1.59809e-06;3.15877e-06;5.71679e-07;5.34774e-05;3.43474e-05;2.28702e-05;1.17797e-06;3.43911e-06;8.76804e-06;2.43747e-07;3.79369e-08;3.07172e-06;2.07966e-07;1.18654e-06;2.19942e-06;1.7467e-05;2.6309e-06;1.84938e-06;1.55988e-06;6.14835e-06;1.53085e-05;1.29071e-05;6.43419e-06;2.54328e-07;1.07453e-05;3.07812e-06;1.45049e-05;2.99171e-06;3.77131e-06;4.11118e-06;1.72753e-05;8.95303e-08;1.23394e-05;1.28003e-05;9.05355e-07;1.52391e-06;6.46427e-05;1.3748e-05;1.41156e-06;1.41156e-05;6.88649e-06;4.93061e-06;1.01811e-05;3.40466e-06;1.27368e-06;5.95416e-06;2.1754e-05;1.10966e-05;2.02024e-06;3.21933e-06;5.3539e-06;4.50925e-06;8.82516e-07;7.98439e-06;8.44699e-06;4.95172e-06;1.32752e-06;6.61271e-06;2.59666e-05;1.44902e-06;1.18954e-05;4.75284e-06;6.38765e-06;9.87452e-06;1.34022e-05;6.10994e-06;9.80655e-06;2.14862e-06;3.63971e-06;5.27363e-06;3.49404e-05;7.99439e-07;7.3536e-07;6.16355e-06;1.3407e-06;1.51003e-07;6.63333e-07;4.01071e-06;2.3199e-07;1.73051e-06;6.25841e-06;1.15863e-05;4.15215e-06;1.04669e-06;6.40247e-06;4.2586e-06;4.78184e-06;1.04295e-06;1.08186e-05;9.24222e-07;2.49783e-07;8.91569e-06;4.53376e-06;4.16546e-07;5.48502e-07;1.00716e-07;1.10291e-07;7.03934e-06;3.85366e-06;7.59966e-06;1.94012e-05;2.70672e-05;2.26536e-06;2.42896e-07;4.33078e-06;3.94082e-06;3.80497e-07;9.63325e-07;2.63737e-05;1.54647e-07;2.13798e-06;4.65442e-06;1.37689e-05;8.17248e-06;2.33919e-05;2.15345e-06;8.3335e-07;4.48201e-07;2.43013e-06;5.62799e-06;1.05247e-08;0.000367007;1.28224e-07;6.32858e-08;1.23288e-06;3.49926e-06;9.32186e-05;1.56415e-06;1.30783e-05;1.30633e-05;2.8081e-08;0.000130252;0.010097;0.00630108;0.0337808;0.00686616;0.671107;9.31716e-05;0.000699121;0.00124028;0.00061006;0.0173566;0.215992;0.0321007;1.02834e-05;3.31959e-06;4.53603e-06;5.06334e-06;2.07706e-07;4.31574e-07;5.13959e-05;3.2322e-07;1.49292e-06;1.09683e-05;6.9268e-06;7.48795e-07;7.90614e-06;2.60896e-05;1.95176e-06;2.96554e-08;3.05011e-06;1.82597e-06;4.2644e-08;1.02314e-06;6.40255e-07;2.77826e-08;1.19397e-06;1.08527e-05;1.9368e-07;3.24486e-05;3.21605e-06;4.12578e-06;1.58444e-06;7.80113e-06;4.77623e-06;1.48551e-06;1.47412e-05;5.10741e-05;7.72599e-09;5.9536e-06;3.36776e-05;1.03729e-05;6.31174e-07;7.30638e-07;2.44761e-08;4.14762e-08;1.20316e-06;4.1828e-06;6.13517e-07;2.3112e-06;2.00795e-06;8.56087e-07;9.02964e-06;2.17621e-05;4.05707e-06;3.97669e-05;4.12184e-07;5.94502e-06;2.40035e-08;5.32086e-09;2.37253e-06;1.02361e-07;1.52439e-07;5.29669e-07;2.75881e-06;1.06023e-05;1.77426e-07
1.27947e-05;2.29282e-06;3.07242e-07;2.93708e-08;3.65523e-07;3.12296e-06;2.70213e-08;1.4078e-06;5.04528e-06;1.98601e-06;5.8371e-06;2.92327e-06;8.56825e-07;3.31694e-06;1.8705e-06;1.1371e-06;2.25301e-05;6.07859e-07;8.66202e-07;6.33294e-06;0.000134314;1.294e-06;8.9166e-07;6.22144e-06;2.4233e-05;3.98216e-06;2.15171e-06;5.72571e-07;3.25177e-07;6.67009e-07;2.70193e-07;5.96996e-06;8.18632e-06;3.66474e-07;8.77917e-05;9.76412e-07;9.34262e-07;1.52882e-06;2.4558e-06;6.17623e-07;6.69695e-07;1.83569e-05;1.25778e-06;1.37999e-06;1.01881e-06;2.03437e-06;2.5891e-08;1.24559e-07;2.19472e-07;4.02496e-08;1.57528e-06;1.98595e-06;1.57324e-07;0.000250243;2.52207e-08;9.8823e-07;9.67186e-07;1.30875e-06;1.04463e-06;1.51784e-06;3.93149e-06;1.35049e-06;7.26843e-07;1.26403e-05;6.5338e-07;2.913e-06;2.72676e-06;2.21843e-06;3.29818e-07;4.27149e-07;9.39668e-08;8.96892e-07;6.2707e-05;1.8069e-06;3.44448e-07;1.32831e-06;1.45592e-06;4.04913e-07;2.27213e-06;8.48865e-07;2.86684e-06;2.53112e-06;5.29709e-07;1.0217e-06;2.51423e-06;1.11047e-05;6.77268e-07;2.43858e-06;8.40684e-06;1.45375e-06;2.6736e-06;1.40684e-06;2.51157e-06;9.15132e-07;3.1356e-06;9.93904e-07;2.3888e-06;1.77546e-06;3.44166e-06;8.0639e-07;3.5533e-06;2.26915e-06;2.33779e-06;0.000251934;2.46016e-05;5.70396e-05;1.17428e-06;2.26227e-06;2.06754e-06;3.42559e-07;5.99968e-06;2.71103e-06;1.32533e-07;1.40518e-06;2.89114e-07;1.73324e-06;9.48092e-06;3.57554e-07;5.13813e-07;1.03631e-06;2.93288e-06;1.92821e-06;4.85713e-07;1.06491e-07;8.51565e-08;7.05897e-08;8.85418e-08;1.40535e-05;1.62704e-09;1.41385e-05;3.00727e-07;1.22761e-06;1.41658e-06;2.49674e-06;2.39675e-07;1.51294e-07;1.0486e-06;3.06753e-06;7.83336e-07;1.2784e-06;4.46309e-06;1.73258e-06;2.34611e-06;1.27872e-06;9.52937e-07;1.94949e-06;1.65961e-06;4.00349e-06;2.67708e-06;6.85585e-06;3.62722e-06;7.13835e-06;1.8918e-06;9.017e-06;2.92498e-06;1.96558e-06;1.71446e-06;9.19624e-06;5.24738e-06;1.12266e-06;9.86527e-07;2.81126e-06;1.67448e-06;4.86287e-06;1.57965e-07;1.03198e-06;3.94277e-06;1.10818e-06;7.29506e-07;9.61867e-07;2.46025e-06;1.65818e-06;1.94776e-06;2.33278e-07;3.24055e-06;2.54887e-07;4.52518e-06;7.02382e-07;8.64973e-06;4.54663e-07;1.06617e-06;4.13302e-07;2.66368e-06;1.41153e-06;7.83151e-06;4.22563e-07;2.13945e-05;2.06035e-06;8.01179e-06;2.18748e-06;2.29079e-06;1.98466e-06;1.8614e-06;2.67579e-06;4.84362e-06;2.67065e-05;8.94249e-07;3.61868e-06;5.59463e-06;2.10726e-06;5.66922e-06;4.40521e-06;4.38314e-06;1.53789e-06;2.73091e-06;1.14412e-05;6.80141e-07;3.43137e-06;1.74935e-06;1.00267e-06;1.4574e-06;1.13241e-06;4.29015e-06;1.30779e-06;1.08498e-06;1.20349e-06;8.39759e-07;1.04436e-07;2.27946e-06;8.03791e-06;4.16945e-07;5.6336e-07;1.81178e-06;2.04697e-06;1.03129e-06;8.74558e-07;3.56329e-06;5.9542e-07;7.59047e-07;1.492e-05;1.16873e-06;7.93182e-06;5.86173e-07;2.2239e-06;9.87905e-07;3.04587e-07;0.000359863;1.11378e-07;2.66484e-05;6.66189e-07;1.27835e-06;5.57433e-06;2.056e-06;5.29146e-07;1.33665e-06;4.05207e-06;6.3344e-06;2.43369e-06;5.87718e-07;1.10101e-05;2.48015e-07;2.56053e-05;1.27342e-06;1.77203e-06;2.3141e-06;4.75501e-06;4.3211e-06;6.05349e-06;1.25615e-06;1.64604e-06;7.6595e-07;1.2557e-06;6.07408e-07;3.38988e-05;1.44839e-06;9.60125e-06;1.39099e-06;2.58556e-06;7.06257e-07;6.01437e-06;1.39712e-06;9.3024e-06;9.49825e-08;3.04378e-07;8.14129e-07;9.05983e-07;2.41931e-07;9.83384e-06;5.78289e-06;6.93142e-06;1.64177e-06;1.48414e-06;3.86904e-06;2.68337e-07;7.3309e-06;5.81987e-06;0.00105029;0.000393755;0.000832047;0.00033374;0.122305;0.540585;0.0292132;0.300288;1.74046e-05;1.86949e-05;1.92696e-05;0.00152355;0.00040068;0.000197256;1.05826e-06;7.34818e-08;9.36251e-07;2.35048e-07;6.94588e-06;3.25929e-05;5.50125e-06;1.06182e-05;1.65457e-06;3.54987e-06;1.23439e-06;1.58896e-06;3.7714e-06;1.7428e-06;1.97482e-06;2.72107e-06;2.08995e-06;2.7116e-07;1.16555e-05;2.65126e-06;3.33581e-06;3.86062e-06;3.25004e-06;5.93297e-05;6.00285e-07;1.05812e-06;5.19675e-08;2.65784e-07;2.0364e-06;1.46477e-06;5.39888e-07;6.8524e-07;1.55916e-06;2.74206e-07;1.50016e-06;1.53731e-07;1.97841e-05;0.000444707;3.30663e-06;2.23076e-06;4.50822e-06;1.2074e-07;1.72582e-06;4.47411e-05;5.60927e-07;1.75136e-06;7.37084e-07;1.28864e-05;1.48728e-07
2.2796e-06;2.4088e-06;6.48395e-07;5.39852e-07;3.66861e-07;2.44202e-07;7.95887e-08;4.48965e-07;1.07e-07;1.62062e-07;5.51931e-07;1.09481e-06;8.25887e-08;1.20508e-07;9.05103e-08;4.49159e-07;3.11598e-07;8.26061e-08;5.3339e-07;3.49847e-07;2.24362e-08;2.51182e-08;3.23401e-07;1.49907e-06;2.48831e-07;8.68787e-08;2.49664e-08;6.44832e-08;6.32095e-08;1.64079e-07;1.18804e-06;7.89299e-08;8.98439e-08;1.80855e-06;1.89115e-06;7.62601e-08;4.4619e-08;7.13087e-08;5.45801e-08;3.24164e-08;3.28581e-08;5.28605e-07;1.1904e-07;9.68604e-07;6.44879e-08;1.97356e-08;8.42724e-08;2.35374e-08;2.11832e-07;8.43545e-08;1.81655e-08;6.63481e-08;1.06964e-09;4.75481e-07;4.18702e-09;4.96845e-07;1.49896e-07;1.49274e-07;1.85399e-07;2.00909e-06;9.02111e-07;2.71315e-08;3.32599e-07;5.53018e-06;3.65021e-08;2.46793e-07;2.21116e-07;1.31984e-07;3.39698e-08;4.85427e-07;3.87902e-07;2.79615e-08;1.43423e-07;1.13594e-07;5.27995e-08;8.66456e-08;1.44632e-07;5.29343e-08;2.60838e-07;4.81418e-08;8.58158e-08;7.65096e-08;2.41652e-06;1.41173e-06;1.94215e-06;4.34249e-06;2.64491e-08;1.97525e-07;2.61963e-07;2.14819e-07;1.13684e-07;2.88406e-07;1.81079e-07;3.52539e-07;8.05034e-07;1.57505e-08;1.81235e-06;9.40188e-08;5.05799e-07;1.66643e-08;1.32593e-06;6.92969e-07;2.93819e-08;3.56053e-06;2.89069e-07;1.54354e-07;3.36328e-07;1.4146e-07;8.44068e-08;7.51519e-08;9.43789e-07;1.68222e-08;4.3289e-08;1.19749e-07;6.78741e-08;7.92555e-09;1.18616e-07;2.58961e-08;2.09263e-07;3.254e-08;4.5106e-08;2.34029e-07;2.40935e-07;1.73559e-08;3.40304e-08;9.27401e-07;1.01614e-07;1.2701e-07;2.06353e-08;2.02886e-07;3.44845e-08;1.3733e-07;1.44284e-07;8.80797e-07;1.91311e-08;1.17738e-07;3.71164e-08;5.42679e-07;1.01384e-07;3.206e-07;4.4242e-07;2.56984e-08;4.06794e-08;1.54569e-07;1.96482e-07;2.49093e-07;1.87968e-07;1.12844e-07;1.62703e-07;1.63792e-06;6.88682e-07;4.833e-08;1.6045e-08;3.67592e-07;1.33747e-06;4.43788e-08;4.28748e-08;6.8122e-07;2.38565e-07;3.21434e-08;1.13943e-07;1.04479e-07;1.08269e-07;1.09435e-07;1.44922e-08;3.16572e-08;4.06958e-08;7.76297e-08;1.48411e-08;1.17084e-07;9.18836e-08;8.18002e-07;2.6542e-07;1.03457e-06;4.27259e-07;3.67696e-08;5.02502e-06;5.34607e-08;9.6205e-08;4.8344e-08;2.98137e-08;2.53301e-07;6.53497e-07;1.64827e-07;2.52587e-07;1.01948e-08;3.20486e-08;4.63175e-08;1.42773e-07;5.81523e-08;1.09923e-07;5.78982e-08;3.51076e-07;2.752e-06;5.68444e-06;5.49352e-07;1.51666e-07;2.48838e-06;2.63651e-07;2.04995e-07;4.31193e-07;1.37393e-07;4.92378e-07;1.86018e-07;3.4044e-07;1.21016e-07;3.32809e-08;1.61111e-07;2.4982e-08;1.71636e-07;2.6625e-08;5.73e-08;1.57181e-07;1.10187e-07;2.56442e-08;2.14107e-07;9.42147e-08;5.21589e-08;1.23039e-07;5.54288e-08;2.91854e-08;4.16065e-08;5.46001e-08;5.74851e-08;7.2241e-08;4.58803e-08;7.77429e-07;1.77303e-07;3.50118e-07;1.16156e-08;6.69361e-08;3.3013e-06;2.21746e-08;3.11553e-07;3.65554e-07;3.71777e-07;5.05863e-08;6.47195e-08;2.2169e-06;7.77563e-08;9.07705e-08;2.43201e-07;3.35572e-07;2.59881e-07;1.25241e-07;2.12252e-08;8.19832e-07;5.19848e-07;4.01449e-08;2.05202e-09;1.62369e-07;1.17427e-07;7.57439e-09;1.63829e-07;6.70598e-08;3.33778e-08;1.28386e-08;2.14595e-08;7.93956e-08;9.08377e-08;4.54305e-07;2.04034e-07;1.33107e-07;4.84627e-07;1.11595e-08;4.6363e-07;8.06167e-08;9.96181e-08;1.4649e-07;3.73628e-08;4.24352e-08;6.67227e-08;7.11879e-10;1.36308e-08;4.87551e-07;3.83996e-07;5.10169e-08;2.51808e-07;1.11935e-08;7.01254e-07;4.11892e-08;1.95658e-07;3.05567e-08;5.19824e-09;1.22141e-08;7.57418e-09;2.83469e-08;3.04277e-08;4.03183e-06;6.39802e-07;4.09303e-09;1.12895e-07;1.26675e-08;1.48782e-07;1.7768e-07;1.093e-07;1.57166e-07;1.0574e-07;2.64352e-08;5.73336e-08;3.21218e-07;1.49085e-06;3.34001e-05;1.13325e-05;0.939811;2.81558e-05;0.0012446;0.0584784;1.62665e-06;4.71583e-06;0.00014498;2.71923e-06;0.000112175;9.47115e-08;3.59669e-08;4.3675e-07;5.60852e-07;1.65655e-08;6.75624e-07;3.54915e-08;5.97553e-07;1.15458e-07;4.16499e-07;4.25391e-07;8.42455e-08;2.498e-07;9.27664e-08;1.99767e-07;2.81796e-07;1.96614e-06;1.03233e-07;6.13476e-07;1.01481e-07;7.54504e-08;8.09653e-08;8.30909e-08;5.00345e-08;3.05885e-07;9.46538e-08;3.01381e-07;9.40417e-08;1.35117e-07;1.99045e-07;2.88744e-08;1.91256e-08;4.27456e-07;1.07089e-07;6.25007e-07;6.30692e-09
3.99059e-09;8.63964e-10;9.29875e-10;5.75655e-10;2.28411e-10;1.39684e-09;9.13113e-10;2.58244e-07;1.90094e-09;1.04323e-08;1.41554e-09;3.08275e-09;3.28335e-08;1.57321e-09;5.30378e-09;1.03544e-08;3.80717e-08;3.19341e-09;8.49059e-09;2.11248e-08;3.62332e-06;6.33225e-09;1.64049e-08;3.2036e-08;4.48359e-09;1.08714e-08;2.38133e-07;7.15039e-09;1.91531e-10;1.76791e-10;7.26041e-10;3.6989e-10;1.42026e-09;3.78336e-08;5.71854e-09;1.65022e-09;1.82706e-09;7.94679e-09;1.70954e-08;6.34679e-09;3.59029e-09;1.41632e-07;1.0474e-07;6.44063e-08;1.9848e-08;6.72944e-08;7.76628e-09;1.20881e-10;1.36867e-09;3.55558e-10;1.11466e-10;3.6822e-10;2.74158e-10;4.59152e-08;7.89749e-11;8.64275e-09;1.12942e-08;1.41931e-09;5.07608e-09;6.68377e-09;5.44375e-09;1.89502e-10;1.03514e-08;1.13404e-08;1.64204e-09;1.90523e-09;1.46696e-08;8.41878e-09;6.2911e-10;5.21081e-09;2.29502e-09;7.40828e-10;1.36644e-08;4.32126e-08;2.02671e-07;2.88062e-09;5.85027e-09;1.48459e-08;4.76191e-09;2.76203e-08;1.31166e-09;2.05546e-09;1.42023e-08;4.68964e-09;5.41454e-08;9.43174e-08;1.21462e-08;2.69986e-07;7.93306e-09;6.02614e-09;5.26991e-09;3.1501e-09;5.68285e-09;2.5138e-09;7.06722e-08;1.52018e-08;4.45225e-08;8.84498e-09;6.74932e-08;8.16318e-11;3.90998e-09;1.31524e-09;6.91962e-09;2.88878e-09;2.85608e-08;5.45727e-09;3.28596e-09;3.90543e-09;4.7709e-09;5.42403e-09;3.70526e-10;1.4305e-09;1.36236e-09;2.12095e-09;1.13317e-08;3.40455e-09;1.13124e-09;1.91441e-08;1.51078e-08;9.52705e-10;3.60307e-09;1.87856e-08;1.7746e-08;1.61104e-11;9.86845e-11;1.19024e-10;6.66891e-10;8.95961e-09;2.19054e-09;1.07287e-08;2.92362e-09;9.63117e-10;8.36685e-09;6.01161e-10;3.91262e-09;8.0213e-09;3.09825e-10;1.69348e-08;2.03924e-09;1.05873e-09;7.47874e-09;2.4594e-09;1.34961e-08;1.60549e-09;3.53493e-08;1.43064e-08;8.30278e-08;2.36439e-09;1.22536e-09;1.30677e-07;3.89989e-09;2.32891e-08;1.89284e-08;6.21918e-08;5.08667e-09;4.12754e-09;2.00573e-08;8.04379e-09;8.65972e-08;8.21342e-10;2.02606e-09;3.1107e-09;1.17055e-09;9.09234e-09;7.44783e-11;5.49531e-09;1.30548e-09;5.43161e-09;1.97035e-08;2.42833e-09;1.63037e-09;7.32928e-09;1.58922e-09;9.23601e-09;1.10779e-08;1.34333e-08;1.24138e-07;2.02685e-08;2.95282e-09;6.82429e-08;1.84798e-10;3.16995e-09;2.6615e-10;1.06693e-10;1.71934e-09;8.2399e-09;7.12927e-08;5.54603e-09;5.5967e-09;4.81674e-09;4.11234e-08;4.94649e-10;7.6657e-09;4.68092e-09;3.44008e-08;1.121e-08;3.50274e-08;1.05038e-06;4.41986e-08;5.14467e-09;2.2991e-08;1.76904e-09;9.45567e-09;5.47047e-09;5.12342e-08;6.46181e-08;1.1081e-08;2.36236e-08;2.48357e-09;2.1545e-09;6.84005e-10;1.59815e-08;2.46458e-09;8.76976e-09;6.09203e-10;9.95479e-10;6.04357e-09;3.39408e-09;1.63232e-09;2.05708e-08;1.63689e-08;2.31689e-09;1.44364e-08;4.70705e-09;1.96025e-09;1.70656e-09;2.50493e-08;4.04017e-09;4.48632e-09;1.67886e-08;1.89334e-08;5.72356e-08;3.78134e-07;5.46882e-06;4.49066e-06;0.000466107;0.000804807;0.00747951;0.991219;1.28061e-07;2.85052e-08;2.1764e-06;1.40283e-07;6.58709e-06;3.00402e-09;2.64457e-10;1.90579e-09;2.49511e-09;5.337e-08;9.72365e-09;4.99509e-08;6.3323e-07;1.41444e-09;1.82301e-08;2.08944e-09;4.80702e-09;1.06495e-09;3.66725e-09;2.92865e-09;1.27101e-08;5.47355e-09;2.46739e-09;7.5794e-08;4.23196e-09;6.26784e-08;1.44743e-07;2.79185e-09;7.01118e-09;2.87275e-09;5.11109e-09;1.95161e-09;1.01539e-08;4.95026e-07;3.21379e-11;6.99389e-10;3.24314e-10;2.07426e-09;1.65699e-10;2.4053e-07;6.77966e-12;1.27265e-09;1.03332e-08;2.23988e-09;8.70537e-12;5.77196e-10;4.27238e-10;5.89868e-10;2.2946e-11;1.31944e-09;3.60748e-11;1.58536e-08;1.48319e-08;1.18712e-09;4.19752e-09;2.53604e-09;2.65441e-09;3.07616e-09;5.75246e-11;1.46637e-09;1.09961e-09;4.3271e-09;1.32978e-10;2.4224e-09;5.87088e-10;4.03049e-08;1.36508e-08;1.16611e-08;3.33896e-09;4.46853e-09;3.52777e-09;1.12271e-08;3.7321e-09;4.05715e-08;2.78009e-09;2.38889e-10;9.44989e-10;2.17533e-09;4.73566e-10;3.05098e-09;4.19574e-10;1.39781e-08;9.2471e-09;2.60249e-08;3.45555e-08;3.33133e-09;4.48823e-09;4.68297e-09;4.83977e-09;8.95434e-08;7.38096e-10;2.84231e-09;1.42749e-08;3.62791e-09;3.51547e-09;1.00052e-08;1.00889e-08;9.00693e-09;1.06932e-08;1.7804e-09;6.01577e-09;1.63039e-09;8.43774e-09;1.88545e-09;2.79836e-07;6.76828e-10;7.08936e-09;1.48942e-08;4.72105e-10;1.89634e-09
5.76335e-07;5.07406e-07;2.17607e-06;6.96259e-06;8.82682e-06;2.49778e-07;2.74931e-07;3.89408e-07;3.7232e-06;1.24212e-06;1.32549e-06;5.30421e-08;7.87401e-09;6.33035e-06;6.54363e-06;5.89173e-05;4.92583e-05;1.82891e-06;4.40477e-06;5.21989e-06;2.13009e-06;7.24575e-05;2.5926e-05;0.000373107;6.40479e-05;2.70952e-05;4.64438e-05;4.00409e-07;8.70158e-07;1.22345e-07;1.32774e-07;5.77292e-06;7.79499e-05;1.72934e-05;5.30988e-07;4.58349e-06;1.6029e-06;2.09443e-06;6.88989e-05;4.93419e-07;8.96755e-06;3.22396e-06;1.34598e-05;5.28778e-07;1.48053e-06;4.9792e-06;2.51711e-07;5.23891e-07;9.25318e-07;3.48698e-08;9.57546e-08;1.61634e-07;5.99481e-08;6.2408e-08;3.03594e-08;1.9647e-06;8.64708e-07;1.23216e-05;7.42344e-06;7.08084e-05;0.000131464;3.20359e-06;4.85971e-06;7.86438e-07;3.71539e-06;5.82228e-06;9.31066e-06;4.38814e-06;1.49988e-05;1.29169e-05;5.96679e-06;1.29027e-05;4.13512e-06;1.57694e-06;1.46425e-05;2.23993e-06;3.61879e-06;0.000569544;5.52091e-06;7.71781e-05;1.15272e-06;9.87459e-07;7.41868e-06;4.70528e-06;8.56486e-07;2.52072e-07;1.20924e-08;2.46075e-08;4.02895e-06;1.48553e-06;2.13747e-05;4.25255e-06;2.27545e-06;6.69932e-07;6.03656e-05;1.13262e-07;4.30709e-07;9.57878e-06;5.26379e-06;9.58692e-07;7.09887e-07;4.616e-07;1.60727e-05;2.42324e-06;4.40659e-07;5.18802e-08;9.39953e-06;1.15913e-06;7.18967e-07;4.92586e-06;1.36434e-06;3.19505e-07;2.31989e-05;8.46489e-07;5.29135e-06;9.81056e-07;6.43284e-07;1.42739e-05;2.13161e-06;1.35556e-06;6.34569e-06;1.04635e-05;3.05617e-06;3.29145e-06;8.17623e-07;6.27184e-07;2.85415e-06;7.20949e-05;2.19651e-05;3.35345e-06;2.37607e-05;5.65744e-06;2.26019e-05;8.04739e-06;3.49398e-05;2.90321e-06;2.0995e-06;3.60068e-06;2.96246e-05;4.76708e-06;4.28475e-07;7.0446e-07;1.02573e-06;5.21815e-06;8.33722e-06;8.57927e-06;1.69165e-05;0.000220724;0.0153158;0.0836371;0.013296;0.703867;0.0886243;0.0855846;0.000167908;8.3527e-06;0.00028714;0.000684297;0.000427517;1.80938e-05;1.19785e-06;7.46064e-06;3.69453e-05;0.000316816;2.72269e-06;1.33142e-06;2.07464e-06;8.57182e-05;1.34476e-05;1.14636e-06;9.81799e-06;3.45386e-06;4.22672e-06;1.28679e-06;4.17524e-06;1.24703e-06;1.26707e-05;7.58681e-06;3.1384e-06;4.99665e-05;1.99782e-05;1.43768e-05;1.98971e-06;2.49066e-05;3.34941e-05;2.91927e-07;1.63289e-05;0.00052689;0.000108169;9.88555e-05;9.26337e-06;1.80933e-05;1.69012e-05;5.76177e-06;3.97043e-05;0.000131183;4.38119e-07;4.03377e-05;1.13991e-05;5.89953e-06;3.07938e-06;2.26842e-05;1.62446e-05;8.71841e-06;0.00143124;5.55904e-05;5.0699e-05;1.7189e-05;2.17892e-05;1.00298e-06;9.24889e-06;4.7401e-06;3.34744e-05;2.18287e-06;2.19356e-05;1.46543e-06;7.45082e-06;0.000161483;4.11617e-06;3.95744e-07;3.83639e-08;1.93604e-06;1.67026e-05;5.03356e-06;2.68875e-06;5.14313e-06;9.882e-06;7.96804e-06;1.03877e-06;5.60776e-06;1.36111e-06;1.02093e-07;2.22653e-05;1.48052e-05;2.34976e-05;2.82133e-05;3.65091e-05;3.42896e-07;2.94664e-06;8.702e-06;2.3204e-06;6.21449e-06;2.13857e-06;2.63937e-05;1.27008e-06;1.73465e-06;8.13779e-07;1.82575e-06;2.1469e-06;2.30559e-06;5.65095e-07;3.87014e-07;7.16153e-06;5.08273e-06;6.58825e-06;7.95104e-06;9.39777e-07;7.44359e-07;1.54621e-06;1.67859e-05;3.58258e-06;5.01146e-06;8.43974e-07;9.61511e-08;2.71869e-08;3.80538e-08;1.91034e-06;3.64461e-06;1.7503e-06;4.2312e-06;2.92573e-06;1.13342e-05;4.29798e-10;2.45017e-07;8.87602e-08;5.65584e-07;2.57632e-05;8.04885e-09;1.18643e-06;1.96124e-07;4.52825e-06;4.57479e-07;4.52951e-06;8.2701e-07;5.10185e-07;5.86658e-06;1.43616e-06;2.809e-07;7.68161e-08;7.96093e-08;0.000525883;8.36231e-08;3.44864e-07;3.04981e-10;5.34239e-06;1.48723e-06;1.423e-06;1.69057e-06;1.6678e-06;3.23258e-06;1.64944e-06;8.59205e-07;3.40892e-06;1.82401e-06;1.00475e-06;3.28941e-05;5.44446e-07;6.97062e-10;5.97231e-06;4.14681e-06;2.25721e-05;9.0635e-06;3.25925e-06;2.06367e-06;3.13299e-06;5.75955e-07;4.18023e-06;6.03465e-05;3.93007e-06;2.7617e-09;4.3145e-08;1.90833e-05;1.42366e-05;4.42706e-07;1.50502e-05;1.20966e-06;2.00172e-07;8.31178e-08;1.64931e-07;3.08957e-06;3.643e-06;2.33277e-06;3.57452e-06;1.14654e-06;1.87519e-06;4.59327e-06;9.96408e-06;0.000604952;6.68313e-06;5.22482e-06;7.13494e-08;7.51289e-08;1.90143e-06;6.28977e-07;2.34804e-06;3.95093e-06;2.39281e-05;4.69217e-07;5.42114e-06
4.17811e-07;9.20799e-06;2.98897e-05;1.85351e-05;8.21645e-06;2.85158e-06;2.13792e-06;1.59925e-06;1.0902e-05;2.48809e-06;2.3463e-06;3.30906e-07;7.37043e-08;1.27161e-06;1.53502e-06;7.70627e-06;6.86162e-05;8.68543e-07;1.96925e-06;4.69372e-05;1.90695e-05;5.38328e-07;9.54561e-06;4.96961e-06;2.82724e-05;1.71633e-05;4.97563e-05;3.63337e-06;1.87047e-07;3.19573e-06;1.87124e-05;1.25255e-07;5.25404e-07;3.04001e-07;5.9922e-06;2.15233e-06;5.49846e-07;1.0782e-06;1.04624e-06;6.68165e-08;2.10891e-06;2.43303e-05;0.000153317;0.000185396;1.48808e-05;1.57795e-05;6.66277e-06;3.05427e-07;6.53993e-06;1.95658e-06;2.73581e-07;6.84591e-07;1.75525e-05;6.87374e-07;1.28757e-09;2.49506e-06;5.15609e-06;8.39748e-07;1.61907e-06;7.13269e-05;1.51742e-06;9.04477e-06;4.16258e-06;3.58395e-06;1.07241e-06;5.03613e-06;8.1822e-07;1.73452e-06;1.04515e-06;6.38876e-06;1.21874e-05;1.50421e-07;5.68541e-06;3.20844e-08;3.69244e-09;1.75657e-06;2.77281e-06;2.06358e-06;8.12305e-07;1.02338e-05;5.24903e-07;3.53209e-08;1.58469e-06;8.55235e-06;5.4776e-09;1.93839e-06;1.97932e-06;2.0382e-08;2.71471e-06;1.14449e-06;1.32798e-06;6.23185e-06;1.82822e-06;8.5733e-06;1.11202e-06;1.66909e-07;1.69689e-07;2.07069e-06;7.81726e-07;1.99194e-06;7.81732e-06;5.45661e-06;1.56118e-06;3.12793e-06;3.18393e-06;4.28789e-05;1.61542e-06;4.69798e-07;1.04293e-06;2.7815e-08;2.80155e-07;3.78111e-06;4.59369e-07;8.09171e-07;9.3132e-06;3.85983e-07;1.05717e-06;9.01987e-06;4.10093e-06;2.08134e-07;9.77949e-07;9.18412e-08;9.76982e-07;6.5732e-08;4.96419e-06;2.45236e-05;2.42233e-06;1.70574e-06;5.70261e-06;2.72737e-06;2.35816e-07;4.48915e-06;8.55669e-06;8.40885e-08;5.14255e-07;1.89207e-06;8.82151e-07;9.55949e-07;4.12904e-05;7.59541e-07;6.13234e-06;7.08101e-07;2.59739e-06;8.88718e-07;9.18916e-07;1.75171e-06;4.27582e-06;2.15578e-06;1.2993e-06;5.78807e-05;0.000338116;2.21545e-06;5.71392e-05;2.55234e-05;6.13954e-07;6.62647e-07;1.98684e-07;4.21653e-06;2.11569e-06;2.16845e-06;6.61026e-07;1.97861e-05;2.26144e-06;2.06552e-06;1.95214e-06;3.4599e-07;2.9891e-07;1.44833e-06;8.5661e-07;6.71675e-07;4.74377e-07;3.3618e-06;1.30564e-06;1.74131e-07;4.08736e-07;2.11645e-07;5.28969e-07;9.48434e-08;5.05275e-07;6.06751e-07;2.97429e-06;5.45599e-06;6.00896e-05;7.67657e-06;5.6691e-06;8.17952e-06;1.72687e-05;1.54209e-05;3.16488e-06;3.11576e-06;2.16881e-06;6.80842e-07;6.74182e-07;1.13722e-05;6.27866e-07;1.37333e-05;1.75604e-06;2.18774e-06;9.40912e-07;1.60884e-06;1.55844e-06;1.65362e-06;9.81495e-06;8.18454e-06;4.69178e-05;3.63774e-05;1.57324e-05;1.06995e-05;1.94052e-06;4.44917e-06;5.34905e-07;9.73853e-06;4.84968e-06;5.25863e-07;3.19158e-08;3.28305e-06;5.77784e-05;3.75573e-07;1.30008e-08;2.39079e-06;7.41951e-08;7.2404e-07;1.07984e-06;1.65383e-06;2.36853e-06;5.17722e-06;1.25984e-05;5.71009e-06;5.52839e-06;8.01134e-06;1.11755e-05;4.49942e-06;8.31685e-07;2.07778e-06;1.2258e-05;1.15224e-06;2.69078e-07;5.84294e-07;1.46289e-08;2.21517e-07;1.66934e-06;3.41209e-07;3.43147e-06;6.10709e-07;1.99948e-06;6.13992e-07;1.99276e-05;1.6291e-05;1.35886e-06;3.4853e-08;4.01725e-06;7.68677e-07;5.02392e-07;1.81437e-06;5.84265e-06;2.79974e-08;1.97745e-07;5.20019e-07;8.00006e-07;2.19863e-06;7.32518e-05;7.19072e-05;3.50306e-05;3.38311e-07;8.48736e-07;1.8554e-07;1.92606e-06;7.53494e-07;1.54686e-05;7.04963e-07;6.64183e-07;2.71354e-05;1.69429e-10;1.16226e-08;1.84877e-06;2.3911e-05;3.35152e-08;7.02344e-07;5.90261e-08;6.91299e-07;4.73299e-07;1.96497e-06;6.01228e-06;2.00614e-10;9.75548e-08;8.55372e-07;1.46429e-06;9.59219e-10;4.88604e-07;2.71745e-06;7.43397e-08;7.04598e-08;5.46936e-07;5.40299e-06;3.11935e-06;9.84373e-07;7.39648e-07;1.42704e-06;1.20707e-06;4.00884e-07;6.69349e-07;6.21297e-09;1.6212e-06;8.74751e-06;2.77024e-08;7.14536e-07;1.61997e-06;1.49917e-08;7.51054e-07;9.55444e-07;9.77789e-09;1.40023e-08;1.96565e-06;9.33321e-06;3.44215e-05;0.000349761;0.000496843;0.0752165;0.396784;0.522775;0.000518993;0.000345767;0.000780868;1.0843e-08;1.73403e-07;4.46737e-06;3.76268e-07;1.28531e-07;1.52835e-07;4.6701e-08;3.9829e-07;1.23895e-06;2.00197e-06;4.23867e-06;1.18303e-06;1.54831e-06;3.38458e-05;8.41852e-07;8.68288e-07;4.65465e-06;8.22076e-08;1.70223e-08;7.95211e-07;4.45999e-09;2.59602e-07;5.15418e-06;4.18161e-05;3.21597e-07;2.55722e-06
2.62907e-06;7.3269e-07;3.44549e-06;6.72676e-07;5.97234e-08;6.54615e-08;4.94882e-07;3.38909e-07;4.59952e-07;4.38351e-07;6.43513e-08;6.26673e-06;1.44986e-08;2.19302e-07;6.46112e-07;7.23117e-07;1.6417e-05;1.35463e-07;5.00153e-07;2.91291e-06;1.11087e-07;3.78821e-08;2.83912e-07;4.81464e-07;6.15174e-07;4.36873e-08;4.34081e-08;9.64687e-07;8.69451e-08;4.07496e-07;1.00186e-06;2.60098e-07;3.45836e-08;1.04872e-05;5.14235e-07;3.83262e-07;1.39089e-07;1.11018e-07;2.3363e-08;1.61044e-08;1.35575e-07;1.94709e-07;2.49403e-07;3.31357e-06;4.17784e-07;1.9763e-07;1.4768e-06;7.02087e-08;8.81097e-07;5.37985e-07;2.80944e-08;3.26981e-06;2.4266e-07;1.08187e-09;5.26716e-09;9.90678e-07;1.13019e-07;1.91543e-05;9.45758e-07;0.000237601;0.00112527;0.997399;0.000102546;0.000225262;2.25358e-07;0.000264954;6.50978e-07;6.49983e-07;1.06237e-06;5.20171e-06;9.09873e-06;2.86958e-05;3.04777e-06;1.59725e-08;2.13181e-08;2.43966e-07;4.93065e-07;1.24252e-07;3.87144e-07;4.77549e-07;1.81306e-05;1.20015e-07;6.51503e-07;6.52152e-07;8.86589e-08;1.07367e-07;1.64552e-08;6.12627e-08;8.49182e-07;1.81784e-07;4.00367e-07;2.95661e-07;1.26031e-07;3.26425e-07;2.79562e-07;6.74811e-09;4.96554e-08;7.2203e-08;6.13504e-08;1.20183e-06;1.03697e-06;4.20145e-07;8.11498e-08;2.21087e-08;3.20024e-08;5.16202e-08;6.26809e-07;1.90213e-07;2.1868e-07;5.10243e-08;5.36864e-09;4.26982e-08;4.72972e-07;4.24478e-07;3.84338e-06;2.72372e-07;6.07043e-08;3.21574e-07;9.04182e-09;3.74078e-07;1.38178e-07;5.26235e-08;1.7802e-07;7.19448e-08;8.74483e-07;3.24484e-06;5.15551e-07;4.83761e-08;4.89396e-07;7.98817e-09;1.07868e-06;3.94434e-06;6.30753e-07;1.43442e-07;1.5087e-07;5.70252e-08;3.37236e-07;2.32557e-07;8.67981e-06;6.47363e-07;7.76124e-07;2.86991e-08;2.67824e-07;7.24913e-07;9.84566e-09;2.58484e-07;5.47351e-08;1.57012e-06;3.94614e-07;4.63276e-07;6.73131e-06;1.3105e-05;2.26779e-07;6.45219e-08;1.38462e-07;6.6309e-08;8.82077e-08;3.33621e-08;9.93002e-08;4.88844e-07;2.5908e-07;1.13501e-06;6.32998e-07;1.09204e-06;4.57635e-07;2.0918e-08;1.55742e-07;1.30037e-07;2.95283e-07;2.82871e-07;1.96332e-07;2.5656e-07;8.63521e-07;7.01168e-07;2.99151e-06;2.81835e-07;5.06678e-07;1.54922e-08;5.09159e-07;2.55924e-07;2.60998e-07;4.3291e-06;7.18921e-07;2.28138e-05;7.29668e-07;3.26575e-07;1.84866e-07;1.56562e-07;1.28162e-07;3.48296e-07;1.43471e-07;6.11041e-07;5.31142e-07;9.53423e-06;1.70905e-07;4.30729e-06;1.33704e-07;8.81418e-06;1.87818e-08;1.15185e-07;1.23511e-07;5.02129e-07;1.0743e-06;1.05495e-06;4.70264e-06;1.70994e-07;1.93426e-06;7.80179e-07;2.96676e-07;4.77445e-07;3.96409e-07;1.34139e-07;4.96606e-07;3.27425e-07;5.1244e-08;4.6809e-07;9.32022e-07;2.35472e-08;1.1094e-07;8.58283e-09;1.66406e-08;1.90506e-07;2.73035e-07;1.15249e-07;3.43528e-07;1.54929e-06;2.85931e-06;4.25125e-07;3.49267e-05;2.07275e-07;1.79457e-07;2.58916e-07;1.11002e-06;6.11534e-07;9.59545e-06;1.03596e-05;2.56841e-08;9.63968e-08;1.79333e-09;2.42308e-06;1.57667e-07;8.9958e-07;9.8244e-07;5.47166e-08;2.44912e-07;5.23716e-07;1.65787e-06;1.62664e-05;2.66739e-06;4.63646e-06;1.07028e-06;8.31683e-09;2.62384e-07;4.66928e-07;3.32646e-07;3.03704e-08;1.31603e-07;1.18196e-07;3.79215e-07;1.32687e-07;2.86999e-07;1.00531e-06;3.1532e-09;3.06506e-05;2.52635e-10;1.73513e-08;2.57415e-07;1.13224e-07;3.35524e-06;8.63882e-09;6.24679e-08;6.32508e-08;7.8743e-13;9.83557e-09;4.34295e-07;9.7376e-07;9.89926e-06;1.66735e-06;3.39214e-07;6.56943e-07;7.28174e-07;1.51969e-06;1.35275e-06;2.945e-09;5.93978e-07;1.05204e-06;1.03729e-07;2.03861e-10;8.64965e-08;2.10865e-07;6.63469e-08;9.6692e-08;9.58067e-08;3.23902e-06;1.64797e-06;1.65955e-07;1.52024e-07;9.69195e-08;1.0587e-06;7.49045e-08;2.60368e-07;2.01269e-08;1.88016e-07;8.6926e-07;1.67203e-08;7.48932e-08;1.4173e-08;6.07748e-09;2.00381e-07;1.80784e-07;0.000121547;2.02834e-08;8.01849e-09;7.35859e-07;4.39188e-07;5.64208e-07;2.03495e-06;2.69378e-07;1.53204e-05;6.16694e-06;7.8649e-09;4.78409e-07;1.09621e-06;5.31447e-10;5.83892e-06;5.79031e-06;3.36208e-06;5.53232e-09;7.20519e-09;3.82638e-06;2.797e-07;1.83004e-06;6.60074e-07;2.14497e-07;7.08418e-07;7.91427e-07;1.09604e-06;4.70288e-06;7.24269e-07;5.82905e-07;6.95036e-06;3.32159e-07;4.96587e-08;1.18444e-07;9.74286e-07;4.81657e-07;1.9838e-06;3.45437e-07;1.00504e-07
1.39086e-07;2.67388e-06;4.32838e-06;5.107e-07;4.21242e-06;1.97496e-05;1.62318e-07;1.56401e-05;5.73387e-06;4.17821e-06;5.08238e-06;1.36944e-07;1.88658e-05;1.99543e-07;2.81134e-06;1.08075e-06;7.46768e-07;1.24801e-06;2.4964e-05;1.89601e-05;7.93213e-06;6.25838e-08;3.50907e-06;2.56993e-06;3.12928e-06;3.25927e-06;6.87795e-06;6.67689e-06;3.7617e-09;1.09965e-06;1.07082e-06;1.89248e-07;3.63007e-08;2.91493e-07;5.17899e-07;7.41392e-07;1.45904e-06;1.25063e-06;2.85917e-08;5.07015e-06;6.30699e-05;1.18179e-05;3.32226e-05;8.45111e-06;1.12505e-06;4.21438e-06;2.5753e-05;6.74122e-08;1.19239e-06;6.39504e-07;4.06359e-06;4.13676e-07;1.44883e-06;3.58171e-07;1.19632e-07;1.86005e-06;3.8524e-06;9.91278e-08;1.5095e-06;4.93239e-06;3.73299e-07;3.69546e-06;7.05861e-05;4.35126e-07;5.42858e-07;1.29979e-06;6.20575e-07;1.91259e-06;1.04889e-07;1.51732e-05;1.44013e-05;2.6235e-06;2.3025e-06;2.83439e-05;7.1531e-07;2.10428e-06;1.30887e-06;5.34335e-06;1.03444e-06;1.22573e-05;2.19042e-06;7.5963e-08;3.62831e-06;1.65013e-06;7.43569e-06;2.3676e-06;4.05901e-07;1.44924e-05;2.14082e-06;1.45722e-06;2.7634e-07;3.05353e-06;8.58855e-07;6.67997e-05;6.85491e-06;1.64615e-05;9.00872e-05;2.13002e-06;2.72713e-06;9.51939e-08;2.98835e-06;7.58025e-06;2.90787e-07;2.78896e-07;2.60501e-06;9.67419e-07;5.63188e-07;2.09217e-06;2.7642e-06;2.98683e-07;3.59062e-07;5.07632e-06;2.31116e-07;8.3737e-07;9.23235e-06;4.93703e-07;3.4717e-08;3.12251e-05;8.04214e-06;6.73529e-08;2.98389e-07;1.15971e-07;1.58236e-06;1.554e-09;1.22266e-07;4.69189e-07;2.78629e-08;2.36247e-07;1.5341e-06;2.42625e-07;3.7237e-07;9.92985e-06;1.42677e-06;5.29718e-07;5.90778e-07;2.31868e-05;6.09103e-08;1.10648e-06;7.3781e-06;1.65831e-06;2.11154e-06;1.18444e-05;8.64555e-05;1.21975e-06;1.66378e-06;4.50653e-06;1.83034e-06;1.35025e-06;1.69447e-07;5.42831e-06;8.31261e-06;1.90038e-07;1.55568e-07;3.77306e-07;3.00621e-06;3.13622e-07;2.10832e-08;5.45857e-07;8.60041e-07;5.02473e-07;1.33575e-06;3.58498e-06;4.40387e-05;6.26979e-06;7.99548e-06;8.25607e-06;3.64126e-06;1.47019e-06;7.88549e-07;9.12552e-07;9.03475e-08;7.27076e-07;9.07685e-07;8.96605e-08;6.06962e-08;8.44402e-07;3.2424e-07;3.08602e-08;1.33226e-06;4.83241e-06;5.02774e-07;2.11256e-05;3.37168e-05;1.38655e-05;5.41054e-07;3.89109e-06;3.7384e-06;2.44881e-06;3.1894e-06;4.12252e-06;2.91697e-06;5.76067e-07;1.62732e-06;1.64928e-05;1.04009e-05;2.45283e-06;5.64313e-06;2.74911e-06;5.33805e-06;3.41349e-06;1.34309e-05;9.06591e-08;5.27494e-07;1.05192e-06;5.56053e-07;1.28198e-07;3.18339e-06;1.15853e-06;1.15191e-06;2.65115e-06;4.81259e-08;6.49649e-07;6.88031e-07;1.29133e-06;1.20953e-07;1.49099e-05;1.31485e-05;1.27557e-07;8.52578e-07;0.000169382;2.70144e-06;6.95847e-07;1.14167e-06;1.15384e-06;7.33387e-07;2.1572e-07;4.91152e-06;6.74888e-07;1.26514e-05;1.3831e-06;1.2533e-05;2.43636e-06;2.65012e-08;7.57734e-07;3.61412e-06;5.34294e-06;7.82907e-08;4.34291e-06;1.00703e-07;1.49766e-06;8.27476e-07;3.24145e-06;3.1107e-06;2.14534e-06;7.71626e-07;9.89753e-08;8.89573e-07;5.98824e-06;5.7317e-08;7.4383e-07;1.31929e-05;4.33915e-07;1.71544e-06;1.95739e-05;1.79786e-05;5.84545e-06;3.82673e-06;3.66374e-06;9.73028e-07;2.2629e-07;3.06162e-05;1.22894e-05;1.33216e-06;9.26316e-08;4.75278e-06;4.01843e-06;7.19296e-07;1.28676e-06;8.74577e-06;2.78517e-06;9.53314e-07;3.56302e-06;1.81878e-11;1.023e-09;4.47497e-06;1.26676e-06;9.71739e-07;1.54119e-07;8.06647e-06;0.000106971;3.97769e-07;4.04957e-05;4.48504e-06;3.03691e-08;4.71313e-06;1.9723e-06;0.000242863;7.60467e-07;0.000190367;0.000866175;0.104348;0.00192887;0.0295677;0.287569;0.000116518;3.64878e-05;1.12789e-05;0.566075;0.000517249;0.00634924;1.08104e-06;6.85899e-09;6.36074e-06;1.50881e-06;9.53064e-07;4.69433e-08;1.91818e-06;8.29261e-05;2.50325e-07;2.07171e-06;1.40715e-08;3.69516e-07;0.00012954;4.57694e-06;9.95042e-08;3.3771e-06;6.58076e-07;2.864e-08;6.72293e-07;3.65041e-06;2.40471e-07;5.59041e-07;8.28922e-07;1.07281e-09;8.30906e-06;1.49097e-06;3.5817e-05;1.96123e-07;1.33117e-05;5.06924e-06;8.55616e-08;9.98188e-07;6.11014e-07;6.02689e-08;3.60488e-06;1.41e-06;1.34103e-05;2.28438e-07;2.68205e-07;4.80106e-06;5.06365e-08;2.91699e-06;6.8124e-06;1.37313e-07;8.00103e-08;2.99062e-06;2.13659e-06;1.18317e-06;4.22445e-07
1.50601e-05;1.99235e-06;7.71549e-07;2.69885e-08;4.11444e-08;4.37492e-08;2.85679e-09;1.26777e-08;2.07717e-07;1.77907e-07;1.71165e-07;1.19419e-07;8.27668e-08;4.92668e-08;1.44969e-07;1.00873e-06;7.79982e-08;4.50434e-08;1.62728e-07;1.43849e-07;4.44473e-08;3.36148e-07;5.71209e-08;8.44274e-07;1.32031e-07;2.09946e-06;1.18765e-06;5.60324e-08;9.94485e-08;1.54613e-07;1.28254e-07;7.33589e-06;1.01281e-08;1.01401e-07;4.24766e-07;6.27163e-08;7.43868e-08;5.19432e-08;6.99142e-10;2.62882e-08;1.29366e-08;3.69718e-07;5.98963e-07;4.69298e-08;7.34315e-09;1.62243e-08;1.00374e-08;1.41291e-07;3.16836e-07;2.10904e-08;1.30621e-06;1.04796e-07;1.10956e-09;2.98199e-08;5.5948e-08;1.35096e-06;2.40952e-07;6.98998e-08;1.03796e-07;6.2582e-08;8.63237e-08;1.19586e-07;4.34812e-08;5.95852e-08;3.50045e-08;1.5093e-07;7.83982e-08;7.10538e-08;2.62304e-07;1.59581e-06;1.15453e-07;2.30285e-07;1.49617e-07;1.16658e-07;8.88909e-07;5.68484e-08;5.46828e-08;8.58621e-07;3.23126e-07;4.43155e-08;4.84999e-08;6.74886e-08;1.4758e-07;2.58509e-08;3.54617e-07;1.30782e-06;1.00347e-07;2.05851e-07;1.88071e-07;7.78939e-08;1.31776e-07;8.16189e-08;5.45821e-08;3.33351e-07;5.28117e-08;8.57573e-09;1.99694e-06;4.1047e-07;2.66455e-07;4.10236e-08;1.65485e-07;3.98862e-08;2.2925e-08;8.80741e-08;2.87295e-09;4.10592e-08;1.15853e-07;3.73857e-08;3.36209e-08;5.4781e-07;2.22363e-07;3.41584e-08;7.50778e-08;7.66067e-08;7.77503e-08;2.92705e-07;1.23498e-08;1.35981e-09;9.52447e-08;4.68172e-08;6.32709e-08;3.87881e-08;8.75785e-08;2.98593e-08;5.22109e-08;9.62182e-09;3.72461e-08;2.90361e-08;2.94975e-10;2.32105e-08;3.22474e-08;2.50202e-07;4.55025e-08;1.5687e-07;5.09209e-08;3.79354e-09;1.53725e-07;1.06857e-07;2.75336e-07;8.54206e-08;9.30715e-08;3.08321e-08;1.25392e-07;7.66403e-08;1.92124e-07;2.14751e-07;4.19569e-08;9.26323e-08;7.75567e-08;2.43493e-07;1.70002e-08;2.11285e-08;3.98216e-09;4.33355e-09;4.91808e-08;5.61803e-08;1.12106e-07;2.24706e-07;1.79384e-07;3.01727e-07;5.64585e-08;9.73681e-08;1.28803e-07;5.2813e-08;2.63391e-07;7.59314e-07;1.36531e-07;8.11503e-08;6.46486e-08;1.20675e-07;1.41531e-07;1.23084e-07;9.36946e-08;4.05178e-08;3.1871e-08;2.73041e-08;2.80275e-08;4.34577e-08;5.57042e-08;1.80678e-07;1.31084e-07;1.93993e-07;2.8104e-07;1.01877e-07;2.60848e-08;8.23697e-09;8.14887e-08;1.04807e-07;1.79003e-07;6.84933e-08;5.97263e-07;4.81626e-08;9.98694e-08;9.1552e-08;2.26382e-08;2.53506e-08;6.64252e-09;4.03392e-08;2.19795e-08;8.35521e-08;9.51628e-08;9.9488e-08;2.3617e-07;1.61353e-07;1.01008e-05;2.81327e-07;1.65072e-07;1.67286e-06;1.72026e-07;1.01412e-07;1.46587e-07;5.59962e-08;2.73801e-07;1.66408e-07;7.80981e-08;1.70444e-07;1.29174e-07;1.28984e-07;6.28556e-08;2.96305e-08;6.22716e-09;5.06842e-08;6.22633e-08;5.38965e-08;1.07775e-07;1.74052e-07;5.37948e-07;6.98324e-08;5.15938e-07;5.27943e-07;2.26988e-07;5.01812e-07;3.66681e-08;3.59818e-08;4.27946e-08;5.835e-08;8.1465e-08;2.66259e-09;5.66439e-08;1.73769e-07;7.46343e-08;2.99831e-07;8.75323e-08;3.51595e-08;4.19295e-08;7.48608e-08;1.67406e-07;4.68438e-08;2.6343e-07;1.87883e-07;5.10262e-08;1.63845e-07;7.31594e-08;2.31259e-07;9.31031e-08;6.50476e-08;3.22118e-07;2.66612e-08;4.18212e-08;2.45361e-08;1.21051e-07;4.81683e-08;1.19263e-08;2.34307e-08;1.23422e-08;2.74202e-07;4.69976e-08;3.48988e-08;4.55373e-08;3.1054e-07;7.01869e-08;7.8004e-08;7.71232e-10;3.68057e-09;1.02447e-07;4.96482e-09;5.55445e-08;1.17312e-08;6.97672e-10;1.90022e-11;3.48231e-08;9.21112e-09;4.98375e-08;1.13395e-09;3.02353e-09;1.24226e-09;1.33661e-07;1.51264e-08;2.97041e-07;1.72478e-08;3.07946e-08;1.39301e-05;3.14182e-09;3.69715e-09;1.90249e-07;5.1436e-08;4.7043e-08;9.5861e-08;1.39113e-07;2.78183e-08;3.49041e-08;6.4351e-08;2.36825e-07;1.22994e-08;1.22176e-08;3.64115e-08;4.38583e-09;2.84477e-07;1.18842e-07;6.22593e-08;5.73522e-09;1.16312e-08;2.40759e-08;8.26922e-08;1.6684e-07;7.02299e-08;5.62638e-08;1.00876e-07;4.27675e-09;1.68431e-08;3.75986e-09;3.97084e-08;1.56798e-07;1.21578e-07;1.63131e-07;1.21318e-07;1.13761e-07;5.35256e-07;3.20023e-07;4.70091e-07;1.30074e-07;2.81367e-07;4.97927e-08;3.3528e-08;3.51588e-08;7.3616e-08;2.2041e-08;0.000298981;1.94687e-05;1.76282e-05;0.992539;0.00667626;3.54438e-06;0.000258615;1.08442e-05;1.60849e-05;4.37493e-06;5.22586e-05;2.00998e-06
4.62641e-08;3.46863e-09;2.18621e-07;1.57108e-07;6.62628e-10;4.62571e-10;8.2964e-11;2.06271e-09;2.80112e-09;5.85073e-09;5.51438e-13;1.2619e-10;6.53847e-09;6.1323e-10;9.29746e-09;6.17321e-08;9.57677e-09;3.83524e-09;8.84463e-07;6.96006e-09;6.21754e-11;6.72783e-09;8.52025e-09;4.93298e-08;1.72048e-09;2.65684e-09;1.12065e-06;3.40503e-09;5.75266e-11;7.54576e-08;3.098e-09;1.04219e-10;1.13216e-10;9.3318e-11;8.87301e-08;1.51116e-10;1.26048e-09;1.3652e-09;1.30568e-09;2.71497e-10;1.58152e-11;5.19513e-08;2.17094e-07;6.31968e-09;2.90092e-10;9.7474e-10;1.51378e-10;3.11492e-10;1.09204e-07;2.38303e-09;2.28631e-09;1.33798e-10;2.44322e-12;2.69355e-09;1.84423e-09;1.11407e-08;1.99149e-09;6.28089e-09;4.07462e-09;5.73247e-08;1.72985e-09;1.23756e-09;6.94676e-09;5.41365e-08;3.52277e-10;2.74428e-09;3.69624e-09;1.73914e-09;5.65046e-10;5.12458e-08;1.1733e-08;1.89727e-10;9.49212e-10;1.51669e-09;5.15329e-07;8.82073e-10;1.1737e-09;2.62639e-09;2.46549e-09;5.21825e-10;1.63039e-09;7.84888e-11;4.6435e-08;4.19077e-09;3.25829e-10;2.42325e-09;2.03272e-10;3.47414e-07;5.49394e-09;2.17377e-09;1.59224e-09;2.78233e-08;3.25053e-09;5.53978e-10;4.55403e-10;9.74336e-10;1.48876e-06;7.16244e-09;3.15891e-08;5.08513e-11;9.23416e-08;2.47297e-08;1.58519e-10;5.01244e-10;6.38406e-12;7.87745e-08;2.84938e-10;2.542e-09;1.21568e-09;1.26341e-09;1.21945e-10;9.74943e-11;2.40098e-10;2.14536e-09;2.52016e-08;4.21301e-11;2.20865e-10;6.42334e-12;3.63496e-08;7.10008e-10;6.57167e-10;6.83029e-10;1.22473e-08;8.73554e-11;2.07032e-07;1.47725e-09;4.78473e-09;1.94518e-09;3.07644e-10;2.91635e-07;8.28247e-10;4.25096e-08;6.00464e-09;4.79299e-09;3.38092e-10;6.38591e-10;1.27713e-09;1.34514e-07;9.48777e-08;1.91438e-10;1.33798e-09;1.02252e-09;4.52549e-09;2.15425e-09;1.11576e-08;2.29018e-09;1.38011e-09;1.2253e-06;5.28458e-08;3.22777e-06;1.21879e-06;2.60919e-05;7.49258e-07;2.11465e-06;0.999948;2.14167e-09;3.42535e-06;3.96755e-07;3.13171e-06;2.23518e-09;1.10804e-09;1.06535e-08;2.50034e-08;3.38726e-09;2.02099e-09;1.36916e-06;1.84473e-09;2.14739e-09;1.02384e-08;4.16899e-09;5.28426e-10;6.50381e-09;9.26567e-09;5.58937e-10;2.10258e-09;1.37547e-09;2.39623e-08;1.88366e-10;2.54981e-09;4.02838e-09;5.88013e-10;4.97334e-08;1.29009e-08;5.35845e-09;2.05515e-08;4.16294e-09;1.37739e-07;1.43236e-08;1.78302e-08;1.56838e-09;1.12148e-08;6.12009e-10;8.39312e-08;1.14726e-08;1.41243e-09;7.98297e-09;1.03426e-09;3.01645e-07;4.77562e-09;1.59089e-09;2.2233e-09;1.90327e-09;7.23807e-08;2.43975e-08;7.95737e-10;7.76497e-09;1.50112e-09;1.78277e-07;1.64821e-09;7.26006e-09;7.01983e-11;1.07498e-09;3.83348e-09;7.62466e-09;1.09709e-10;2.14192e-08;1.04629e-08;4.6539e-11;2.78138e-10;1.37201e-11;5.72934e-08;1.70715e-09;2.62624e-09;1.37585e-09;1.99371e-09;1.0113e-09;2.02132e-08;4.86747e-09;3.1151e-09;3.06002e-09;6.85256e-09;1.36228e-07;1.93511e-10;6.61164e-08;1.7242e-09;5.0129e-09;5.22141e-10;8.59373e-12;1.43471e-08;6.74004e-10;2.05166e-09;1.88715e-09;2.56698e-09;2.42804e-09;3.79883e-09;4.55218e-10;3.7075e-07;1.73318e-08;8.47264e-10;3.65804e-09;3.29506e-10;3.39255e-07;3.71624e-10;1.13806e-08;6.08152e-09;5.18232e-09;4.31592e-08;1.24356e-08;8.13979e-10;3.03899e-11;9.25188e-09;2.0201e-08;3.84046e-11;3.06967e-12;6.92077e-11;2.38796e-08;4.89383e-10;1.18454e-09;1.15661e-08;2.66953e-10;1.13184e-09;5.57054e-11;7.43695e-10;1.18815e-10;1.08808e-07;3.54163e-09;2.8792e-12;1.97172e-11;3.25608e-10;1.78052e-08;2.04175e-10;9.34693e-10;4.49852e-08;9.81229e-13;6.72316e-11;3.10224e-11;9.25917e-10;2.18761e-11;3.00723e-08;2.47516e-09;2.54099e-11;9.13362e-10;1.83237e-13;2.18754e-08;9.68623e-10;1.12248e-09;4.30269e-09;6.73495e-11;1.4101e-09;6.08518e-10;2.43183e-09;8.94839e-11;1.7723e-07;2.96517e-09;3.71447e-11;1.1346e-10;2.46116e-10;5.85421e-08;1.44087e-09;7.26292e-09;7.65602e-12;1.20872e-09;2.40437e-10;2.22971e-09;3.33797e-10;1.83751e-08;4.2116e-09;5.76033e-11;2.26859e-11;1.95483e-08;1.01204e-08;9.42798e-10;8.43769e-09;2.55965e-10;7.74346e-10;1.70106e-09;2.39541e-09;1.07792e-09;1.91287e-10;1.99824e-08;3.86058e-10;1.86547e-08;1.78422e-09;8.67624e-09;9.88366e-10;2.70902e-09;1.41561e-08;8.20713e-11;4.41882e-10;7.64803e-09;7.04941e-09;1.95088e-10;1.42849e-10;5.3047e-09;1.11205e-10;2.25871e-09;7.24209e-10;3.11039e-09;1.23765e-11
4.06391e-09;2.56077e-09;5.31763e-09;2.38121e-09;1.16318e-09;2.67254e-08;5.76478e-10;4.29402e-08;1.45302e-08;1.58894e-08;7.94275e-09;5.56933e-09;7.11928e-11;1.94377e-09;5.8527e-09;8.20562e-09;6.43274e-10;1.82687e-09;5.56421e-09;2.25713e-08;8.62897e-11;9.65623e-10;2.12137e-08;3.05557e-08;1.01579e-07;1.67823e-09;3.33093e-09;2.25331e-09;3.6995e-11;3.64099e-09;1.92587e-10;1.74372e-10;1.82531e-09;6.69736e-11;2.31197e-10;2.25633e-09;2.05058e-09;1.39793e-09;6.40409e-10;2.32808e-09;3.67052e-10;3.13545e-09;2.29503e-08;1.30076e-09;2.13741e-09;7.58863e-08;6.08964e-10;7.299e-07;1.40397e-05;1.24332e-06;0.999865;8.35254e-05;1.05085e-05;4.75322e-06;2.40571e-06;6.04176e-06;7.09032e-06;5.12445e-10;5.05681e-09;1.97797e-08;3.64555e-09;1.46304e-09;7.19799e-09;1.21001e-09;1.62919e-09;5.68241e-09;2.71093e-09;4.66603e-09;7.7064e-10;3.0732e-08;7.07262e-09;3.52428e-09;2.44689e-07;5.60611e-10;1.06189e-10;1.31607e-09;2.30986e-09;1.46428e-08;1.08421e-08;5.77564e-09;5.36843e-09;7.23152e-11;6.72924e-08;1.85589e-09;4.50886e-09;1.1145e-08;9.38325e-11;3.30286e-10;5.15049e-08;2.10354e-09;1.21319e-09;9.79508e-09;4.8625e-09;2.84077e-08;4.57529e-09;8.38442e-10;5.86779e-10;4.45181e-08;2.96734e-08;3.62172e-10;2.69895e-08;2.99936e-09;1.25043e-09;1.32158e-07;8.50063e-09;6.28718e-09;4.24131e-09;1.96929e-09;2.51956e-09;2.14292e-10;9.34114e-10;2.93313e-09;1.7491e-09;1.567e-09;3.79549e-08;2.03554e-09;2.95924e-09;1.07276e-09;3.86062e-09;4.00926e-10;1.02116e-08;2.19446e-09;1.34264e-09;7.97633e-12;9.19045e-09;7.02523e-10;1.68157e-09;4.5764e-08;1.09618e-09;1.81161e-11;7.87005e-09;2.71729e-08;8.14184e-09;2.7125e-08;1.22125e-08;7.75565e-09;8.95763e-09;4.8292e-08;5.56148e-08;8.23933e-08;1.45095e-07;3.46091e-09;1.70916e-09;6.44969e-09;5.3248e-09;3.12154e-08;2.25965e-08;6.37454e-09;3.70062e-10;1.44961e-08;6.43472e-10;1.63652e-08;4.24146e-09;1.16677e-09;5.70007e-08;2.40741e-09;2.21923e-10;6.05188e-08;1.15518e-08;2.74731e-09;1.26168e-09;1.12068e-08;1.43123e-07;4.00469e-09;1.82992e-08;5.2194e-09;1.42476e-08;2.75622e-09;1.69004e-08;6.0574e-09;5.11185e-09;1.17572e-08;7.50455e-09;6.03838e-09;4.86126e-08;8.77152e-09;2.66922e-10;8.52258e-10;1.56938e-08;8.26084e-09;1.8798e-09;1.76477e-07;6.14953e-09;2.63455e-09;4.13114e-08;6.84006e-10;1.12954e-09;5.39531e-09;6.92154e-08;4.00116e-09;9.59938e-09;5.52904e-09;5.71245e-08;1.83484e-08;9.59253e-09;1.64822e-07;5.96823e-09;5.11039e-09;5.07067e-09;1.49395e-08;3.44439e-09;9.91069e-09;2.74061e-08;1.54507e-08;5.48662e-08;3.61619e-08;1.51021e-09;3.33948e-09;6.35826e-09;1.37793e-08;6.09366e-09;1.74361e-09;1.06299e-07;3.22053e-09;9.00935e-10;9.40075e-09;1.22169e-08;8.68343e-09;8.77925e-09;4.54757e-10;4.05434e-11;4.28899e-09;6.83209e-09;7.55605e-09;4.22889e-09;4.24526e-09;1.00579e-08;4.72959e-09;3.11143e-07;9.2318e-09;6.06048e-09;4.62635e-09;7.18477e-10;7.67382e-09;2.60401e-09;5.89558e-09;7.28611e-09;7.91052e-11;2.68935e-11;5.72013e-10;1.88116e-09;1.6713e-09;1.10276e-08;3.28638e-09;5.80888e-09;1.61419e-09;2.79498e-07;6.92579e-09;3.11743e-08;4.63926e-10;9.04813e-10;2.52294e-10;2.04863e-09;1.08972e-08;5.0311e-08;5.06038e-09;1.65205e-07;2.93778e-08;2.73512e-09;1.22727e-09;1.4019e-07;7.96317e-08;3.14446e-09;5.26545e-09;6.23266e-10;5.68992e-10;4.58625e-09;2.95668e-09;3.58651e-08;5.03047e-09;2.03511e-08;1.28918e-08;5.13628e-14;1.43035e-11;2.97047e-09;9.90078e-10;5.85063e-09;2.38855e-08;1.62436e-10;3.65248e-10;6.03911e-10;5.0543e-10;5.02213e-09;3.42453e-12;1.41713e-10;1.12951e-10;1.07182e-08;1.92515e-10;4.21987e-09;6.66823e-10;9.76587e-09;4.03107e-08;2.95881e-11;4.67675e-11;4.08017e-09;5.54483e-10;7.93228e-09;7.54087e-11;1.84794e-09;4.40005e-09;2.61526e-09;1.95852e-10;5.97205e-09;1.89665e-10;7.58059e-11;1.87725e-08;2.68029e-11;2.44118e-14;8.21077e-10;2.83443e-09;7.28207e-13;2.63289e-10;4.95751e-12;7.7424e-09;1.34123e-09;9.95567e-09;3.75241e-09;4.27286e-11;1.55167e-08;5.54658e-08;2.35639e-11;6.53014e-09;6.89413e-09;1.48566e-12;1.2975e-09;2.94312e-09;1.7941e-10;1.54868e-09;1.77631e-10;1.6987e-09;5.9978e-10;6.92671e-09;3.52862e-09;2.68265e-09;2.05863e-09;5.13664e-09;6.96745e-09;1.38308e-10;6.86302e-09;5.69844e-08;6.74056e-07;3.08808e-08;2.87426e-09;1.16362e-11;3.63522e-10;1.58229e-08;9.26948e-09;5.58486e-09;1.65429e-10
1.19807e-06;6.96089e-07;1.0361e-06;1.91893e-07;7.34426e-08;7.0245e-07;6.73412e-09;1.73325e-07;7.44271e-07;4.9711e-07;1.8289e-08;8.30729e-08;0.000114669;1.23232e-07;1.64637e-07;5.51553e-06;2.68425e-07;2.03042e-07;7.79518e-06;1.56029e-06;1.28722e-08;3.84374e-08;1.59493e-07;1.06667e-07;1.24141e-07;9.8231e-08;1.5034e-07;1.09018e-07;3.61265e-09;4.94982e-07;1.07725e-07;4.9417e-09;3.64314e-08;3.47577e-11;1.10818e-05;5.88567e-08;1.13757e-07;7.55045e-08;2.18271e-08;1.8425e-09;4.12361e-10;4.39627e-07;1.91693e-06;3.85143e-07;7.26779e-08;1.24928e-07;8.29391e-08;1.81183e-07;2.94888e-06;1.84179e-06;7.10815e-08;1.5037e-09;9.14487e-09;4.72715e-06;1.92265e-06;5.31456e-07;2.4852e-06;1.43468e-07;9.61489e-08;2.32783e-06;4.20557e-08;2.0601e-09;2.83305e-07;5.11522e-07;7.60028e-08;1.92051e-06;1.41879e-07;1.24359e-07;3.95068e-08;6.36517e-07;1.28312e-06;9.17575e-09;4.25441e-07;7.87123e-07;5.73595e-07;7.10918e-08;1.06241e-07;3.89626e-08;4.87253e-07;2.56462e-08;5.19776e-08;1.53205e-08;9.33009e-06;1.18406e-07;6.27601e-08;9.46855e-07;9.1798e-07;1.62018e-06;4.59174e-07;2.18469e-07;1.76312e-07;3.92556e-06;2.34387e-07;7.22961e-08;2.32142e-07;1.05162e-05;0.000274354;1.11242e-06;8.50132e-06;1.61417e-08;3.56879e-07;1.44108e-06;5.27279e-07;9.08261e-08;1.08881e-06;9.22509e-06;1.43291e-07;1.32662e-07;1.20097e-07;2.07071e-06;4.25756e-07;8.28913e-08;3.28752e-08;1.44039e-07;3.17284e-07;4.87148e-09;5.83503e-09;4.80112e-08;1.32285e-06;1.23342e-07;1.10934e-07;2.8451e-08;8.20469e-08;2.37048e-09;7.65526e-07;3.27519e-07;8.52937e-07;3.06327e-08;1.12739e-07;9.55338e-07;1.71916e-07;3.66749e-06;2.93982e-06;5.99976e-09;1.48696e-08;1.23269e-07;1.51387e-07;1.42337e-06;1.18139e-06;1.91448e-06;2.96074e-06;5.84615e-07;2.30751e-07;2.87526e-07;1.10277e-07;3.62415e-06;1.69667e-07;1.53079e-07;4.37366e-09;8.28587e-08;1.51928e-08;7.36926e-10;3.58432e-08;2.73335e-08;8.51872e-07;8.82705e-08;4.78177e-10;3.08415e-08;1.01569e-06;2.23981e-07;6.25035e-08;1.27288e-06;4.17395e-08;3.41568e-07;3.13678e-07;3.17638e-05;3.40468e-07;1.17082e-07;2.65045e-07;1.31831e-07;8.73053e-07;1.10534e-06;1.08367e-05;4.77672e-07;4.09176e-06;5.00141e-06;0.000172672;1.67455e-07;4.08495e-06;2.203e-07;4.49129e-08;8.23211e-07;2.42547e-06;3.24067e-08;2.42441e-06;5.84545e-07;7.7791e-06;1.89236e-07;2.938e-07;1.78957e-07;8.2982e-07;8.69555e-08;1.79772e-06;5.35797e-07;2.62872e-05;1.34589e-06;1.01314e-05;5.61069e-05;1.71307e-05;6.88433e-07;7.41185e-07;3.15982e-07;3.55504e-06;1.11643e-06;2.01695e-07;2.07363e-06;1.64679e-06;7.44778e-05;1.98196e-07;4.36927e-07;1.52963e-08;1.13493e-07;6.75943e-07;6.20798e-07;1.29736e-08;1.07978e-06;4.94969e-07;7.34642e-10;1.31429e-07;1.71178e-07;5.07506e-06;1.85805e-07;3.4864e-07;1.25479e-07;1.022e-07;1.92517e-06;8.08096e-05;2.2899e-06;0.0248935;0.00130255;0.00197409;0.970246;3.80928e-09;1.17286e-06;5.3819e-07;1.98381e-08;2.7379e-08;4.32558e-08;4.96121e-05;3.33588e-07;1.91129e-07;4.01251e-06;2.07043e-06;2.5649e-07;2.59293e-07;3.00115e-08;5.07615e-06;1.44972e-07;2.89236e-08;4.39824e-08;2.14997e-06;7.78873e-06;4.15058e-08;7.47762e-07;9.27256e-07;2.22909e-07;3.07315e-07;7.40702e-08;1.25842e-07;3.50492e-08;4.07282e-06;4.93798e-07;6.52822e-08;1.12302e-07;3.24433e-08;0.000269945;2.52536e-07;6.8804e-08;8.99099e-07;2.87146e-08;3.92321e-07;4.93653e-07;5.29677e-10;2.24448e-09;1.79583e-06;7.64388e-08;2.24387e-10;3.20552e-07;8.91789e-09;2.90907e-07;5.58445e-08;1.11968e-06;7.68369e-07;2.14824e-10;2.25285e-09;1.83758e-08;1.59476e-07;4.62778e-09;1.67089e-07;3.50263e-08;2.64631e-08;1.92424e-08;1.33355e-09;0.000118845;2.65443e-07;2.68836e-07;2.75326e-07;7.74983e-09;2.75726e-07;3.46302e-07;1.70231e-07;8.53625e-10;2.30052e-06;5.54985e-09;3.09946e-10;9.84556e-11;2.44211e-09;5.02023e-07;2.00057e-07;3.78374e-07;6.05406e-10;1.81441e-08;7.4215e-10;2.16025e-07;1.35072e-08;7.67765e-08;2.88391e-07;5.67773e-10;9.26636e-09;4.00344e-08;1.42737e-05;3.40884e-07;4.53621e-07;1.38894e-08;5.85226e-08;5.81582e-07;1.74464e-08;5.70605e-07;6.18206e-07;5.62197e-08;7.89821e-08;1.34075e-06;3.09933e-07;2.04654e-07;3.41148e-07;4.78993e-07;3.36785e-07;4.58395e-08;1.54931e-07;2.85259e-06;6.53066e-08;2.70124e-09;9.34677e-08;2.48678e-06;3.39838e-08;7.14293e-07;4.15073e-07;3.59293e-08;4.56798e-09
1.65423e-08;6.75031e-10;1.07749e-08;4.16803e-10;1.32652e-09;2.18968e-09;2.57514e-09;1.63373e-08;2.48383e-08;3.41071e-08;1.08237e-08;7.57713e-09;1.36247e-08;9.84815e-09;2.04015e-08;4.61227e-09;1.22575e-07;7.31458e-09;5.24253e-09;9.43759e-09;1.84375e-07;1.46585e-08;8.7726e-09;6.83476e-08;1.66597e-08;2.91228e-06;4.14851e-08;3.26255e-08;3.03131e-09;1.67536e-08;4.55829e-09;1.11169e-08;1.40649e-08;9.18821e-08;6.63532e-08;2.8062e-08;9.61891e-09;6.54627e-09;2.64967e-07;6.80288e-08;1.05405e-08;1.06825e-08;1.11143e-07;7.2131e-10;6.62924e-09;7.93494e-08;1.36173e-08;1.0086e-09;1.4721e-08;2.25732e-09;6.0833e-09;6.11727e-10;1.04075e-08;4.23523e-08;1.32544e-09;4.87711e-08;5.52525e-08;6.43221e-09;1.4279e-08;9.10509e-08;2.97439e-08;1.01887e-09;1.38469e-07;4.244e-08;3.35331e-09;3.3433e-08;3.11336e-08;3.59453e-08;1.00095e-08;3.08623e-08;5.3756e-08;1.10638e-08;1.40094e-07;2.32857e-06;2.45376e-07;3.14225e-09;1.43293e-08;1.2379e-07;1.08638e-07;3.65548e-07;3.21221e-09;2.05786e-09;8.47258e-08;5.14564e-10;6.11641e-08;1.43569e-08;2.16841e-08;1.29668e-09;6.20181e-08;7.24934e-09;5.05228e-08;6.57193e-08;1.80406e-08;1.9155e-09;3.75933e-08;1.06589e-05;2.25762e-08;1.91287e-06;6.70488e-06;1.21219e-09;5.96131e-08;1.02579e-08;8.06914e-09;6.09093e-09;2.06167e-07;3.54951e-09;4.42781e-09;5.81755e-09;2.00554e-08;2.39306e-07;2.83373e-08;4.89692e-07;7.61744e-09;1.03552e-08;5.79585e-08;6.82371e-09;1.55502e-08;3.23889e-08;2.9495e-08;1.29424e-09;1.81265e-07;7.42977e-08;3.32992e-08;6.98878e-12;1.09644e-08;1.91984e-11;2.55374e-09;6.77587e-08;3.23813e-07;5.43299e-10;8.83208e-09;1.15179e-07;2.4967e-07;2.26829e-09;2.42941e-07;3.90465e-08;8.13577e-09;5.46667e-08;2.63492e-08;3.41907e-09;7.18779e-09;1.39787e-08;9.74907e-09;2.14502e-08;3.26496e-08;6.02741e-07;8.96767e-08;1.32105e-08;2.54319e-09;1.53607e-08;4.05453e-10;6.61983e-10;1.23178e-08;8.98114e-08;1.65006e-09;7.54438e-09;2.31829e-08;1.63214e-07;4.4281e-07;2.64571e-09;7.67498e-09;2.06599e-09;1.22857e-09;1.18788e-08;9.28395e-09;3.79478e-09;5.47437e-09;1.83634e-08;2.38432e-07;2.35198e-08;3.0695e-08;3.68908e-08;1.35951e-07;6.19236e-09;2.58756e-07;1.88308e-06;1.7676e-07;4.32479e-09;3.64141e-07;5.02604e-06;2.54526e-10;1.33501e-08;4.98019e-09;4.46625e-09;5.88527e-08;2.93547e-08;2.73741e-09;2.31945e-08;1.31054e-07;1.55941e-08;5.38425e-08;1.0528e-08;1.0475e-07;6.53871e-09;1.45204e-07;1.78666e-08;3.69521e-07;5.04605e-08;6.8038e-07;8.42507e-08;7.06592e-08;6.85309e-09;5.35161e-08;1.60032e-08;8.20424e-09;9.43003e-07;5.45527e-07;3.14903e-08;3.01697e-08;6.05273e-09;5.60417e-09;9.28843e-08;6.24061e-08;2.59163e-08;2.88809e-09;3.25466e-08;1.58619e-08;2.05567e-09;9.82238e-09;1.62045e-08;4.88668e-08;7.38726e-09;4.2422e-08;2.29895e-08;1.15275e-08;9.44948e-09;9.45865e-08;2.29936e-08;1.87209e-08;3.729e-07;1.08527e-06;1.81447e-07;1.8764e-06;4.53946e-05;2.4309e-05;0.000902203;0.000175957;0.997891;0.000766922;5.79486e-07;6.03219e-08;3.05091e-05;1.40049e-05;9.59233e-05;9.52424e-09;1.19588e-09;7.94354e-09;8.3464e-09;2.44457e-09;5.44368e-07;4.09907e-07;6.84059e-09;3.44358e-09;6.52677e-08;1.74659e-08;1.63293e-07;1.0581e-07;2.15764e-07;5.99541e-09;4.61771e-09;8.26157e-08;6.78738e-09;1.734e-10;1.79683e-09;4.10552e-08;8.43502e-08;1.29823e-08;1.14628e-08;7.78096e-09;6.97718e-08;9.7356e-08;1.091e-08;1.0784e-07;8.46181e-11;1.78286e-10;5.1048e-11;5.01939e-11;2.6911e-09;1.05213e-08;6.04622e-12;2.95637e-09;1.15199e-08;2.2465e-09;1.70776e-09;4.45539e-08;3.98727e-10;2.16592e-08;4.96295e-10;4.85021e-09;3.03007e-10;2.89669e-10;3.38475e-10;6.01886e-08;1.00135e-09;1.11993e-09;1.05272e-08;2.07709e-08;3.91628e-10;9.83072e-09;4.54393e-08;2.44792e-08;8.84839e-10;1.93802e-08;2.42997e-09;1.72107e-10;1.57379e-10;6.05579e-09;8.50838e-11;7.48544e-09;1.02911e-07;1.34258e-09;2.45176e-08;4.65014e-09;5.96769e-09;4.42924e-09;1.73299e-08;4.61998e-08;1.68578e-10;8.7169e-10;1.07234e-09;5.23348e-09;1.57924e-07;5.78011e-07;4.92795e-08;4.95771e-09;9.48037e-09;2.53112e-11;9.01447e-08;4.23964e-07;1.0696e-10;7.40248e-09;3.31449e-08;1.37122e-08;3.82444e-09;3.06448e-08;4.35675e-07;3.51603e-08;3.92469e-09;6.62452e-09;6.7701e-08;1.02116e-10;3.54311e-09;5.56498e-08;9.73021e-07;5.1824e-10;2.9546e-09;9.87072e-10;2.03558e-08;2.66838e-09
2.46013e-05;2.92192e-08;5.40259e-07;9.60846e-09;1.88631e-06;3.24624e-06;1.58481e-07;4.16495e-08;2.23682e-07;1.21251e-07;5.0479e-09;1.16822e-06;1.80205e-08;1.4485e-07;2.9604e-07;7.43417e-07;1.12607e-07;8.88631e-08;8.57706e-08;1.39443e-07;1.87461e-08;3.3473e-07;1.28538e-07;4.0646e-06;1.76163e-05;4.40121e-07;1.18833e-07;7.77767e-10;7.57495e-09;1.18098e-07;7.8904e-10;8.58639e-08;6.11897e-06;3.20394e-07;1.96132e-09;3.89876e-07;4.27871e-08;7.65398e-08;1.57547e-08;1.70149e-07;1.80381e-08;5.93169e-08;3.36265e-07;3.38471e-09;4.38063e-07;2.13688e-05;5.34629e-08;1.39715e-07;2.87271e-08;8.1214e-10;4.0283e-08;1.04187e-06;1.91816e-06;1.19083e-07;5.35944e-10;1.24815e-07;5.12083e-08;4.61259e-07;1.37063e-07;8.34485e-07;8.39239e-07;7.32525e-07;1.10588e-07;5.75024e-08;1.185e-07;8.03555e-08;1.15627e-07;1.59723e-07;1.07214e-07;4.11871e-07;1.77705e-07;2.45379e-07;7.51073e-06;1.82107e-07;1.67576e-07;1.35718e-07;1.21973e-07;4.62744e-06;1.14411e-06;4.37469e-07;1.14318e-07;6.25901e-08;5.47581e-07;2.49832e-08;9.84892e-07;4.88772e-06;3.3079e-07;4.5042e-09;2.5741e-07;6.11423e-08;3.12492e-07;1.31381e-07;1.80285e-07;7.05765e-09;5.07825e-06;5.35265e-08;2.14621e-09;2.03203e-06;7.387e-08;5.48958e-08;5.50485e-08;2.28505e-09;2.02519e-07;1.25683e-06;1.15763e-07;9.01823e-09;1.29569e-07;5.39529e-08;9.85578e-08;7.17391e-07;1.59387e-07;7.74121e-07;7.98881e-07;9.07779e-08;1.42704e-06;3.73181e-08;6.85929e-07;2.74581e-08;1.10746e-08;1.82134e-08;1.883e-07;2.63371e-09;7.15413e-06;4.03181e-05;1.83244e-05;9.23488e-07;0.00894329;0.971223;0.0102977;0.00204134;9.96724e-05;2.37068e-05;2.71186e-05;0.00126771;0.0048811;7.24979e-05;3.07743e-07;5.19195e-07;2.55757e-07;7.55449e-08;3.40572e-07;6.33135e-07;5.56183e-08;5.1782e-07;1.23884e-07;8.9784e-07;3.27558e-07;7.28985e-07;1.98907e-06;7.71191e-06;1.51639e-07;4.33848e-07;1.46075e-06;1.6722e-07;2.29457e-08;2.3227e-07;2.41344e-08;1.75268e-07;1.80393e-07;2.33255e-07;1.4415e-07;1.44902e-07;2.29473e-07;6.06961e-08;3.69271e-08;4.27889e-09;2.71824e-08;9.52087e-08;3.46252e-08;2.46409e-07;4.47233e-06;1.13011e-06;9.34469e-07;2.58041e-07;2.0858e-06;7.82395e-07;1.6846e-07;1.14044e-06;1.55127e-06;2.34147e-06;4.92354e-08;1.75587e-07;4.01578e-08;3.1946e-08;3.39481e-05;1.27169e-08;8.1599e-07;1.12511e-06;9.28787e-07;2.93584e-07;1.24215e-07;2.85552e-07;4.48899e-07;2.6542e-08;3.72106e-08;7.40364e-07;1.17951e-08;6.87048e-09;1.14802e-07;6.4741e-08;1.80504e-07;4.95067e-06;4.63006e-06;6.14035e-07;1.63109e-06;6.69763e-06;1.90648e-06;4.97211e-07;6.9685e-07;9.11848e-08;3.60082e-07;6.35191e-08;5.51948e-06;7.95406e-08;1.37672e-07;8.63355e-08;2.15535e-07;1.84539e-08;1.98001e-05;3.21544e-08;1.14833e-09;2.13413e-07;8.34027e-07;4.39421e-07;1.17195e-07;1.12935e-06;2.18484e-07;3.12829e-07;3.23687e-08;3.52722e-07;4.22988e-07;2.19536e-08;2.8398e-07;1.32555e-06;2.92045e-07;9.51663e-08;1.2043e-05;3.17205e-08;9.53594e-08;1.02454e-06;1.85817e-07;9.03019e-07;1.37801e-06;1.76742e-07;1.41808e-07;1.26178e-07;4.13758e-07;1.47066e-08;1.45784e-07;5.07794e-07;5.54338e-08;1.96902e-09;7.59947e-08;1.64172e-07;1.00358e-07;1.78056e-07;1.9818e-06;2.507e-07;7.90228e-08;1.78428e-07;2.07006e-07;9.28572e-08;9.00088e-09;1.46379e-08;1.76932e-09;4.60226e-09;4.66491e-07;1.37294e-07;4.55496e-08;1.06259e-06;3.33061e-07;6.7536e-07;3.45467e-12;2.9905e-07;1.07541e-06;4.31473e-08;3.95555e-07;0.000707556;3.03533e-07;2.22674e-08;3.30488e-07;4.88042e-08;1.70072e-07;3.59334e-08;2.73951e-08;8.67659e-08;9.02421e-08;1.97459e-07;1.82513e-08;1.0144e-09;4.04899e-09;1.13301e-05;3.48937e-09;1.52443e-15;6.61462e-08;1.97252e-07;1.64685e-07;3.88998e-08;4.0563e-07;3.44604e-07;1.78559e-07;2.20041e-07;2.90048e-07;4.40094e-09;1.40753e-07;3.36691e-06;6.14193e-07;1.07831e-11;4.13731e-07;1.59847e-07;4.54538e-06;2.21759e-07;3.38375e-08;1.15665e-07;1.74936e-07;1.10539e-07;1.38353e-07;6.4077e-09;2.20837e-07;2.00756e-07;1.29554e-09;7.81171e-07;4.69357e-07;3.9524e-08;1.3516e-06;1.05159e-07;2.33152e-08;5.43188e-07;2.4937e-08;3.0347e-08;4.85838e-07;3.4874e-07;4.83146e-08;7.17892e-07;1.75399e-07;4.47054e-07;4.14035e-06;1.93828e-05;4.39954e-07;1.38132e-06;1.40267e-08;2.79599e-08;2.74891e-06;2.26495e-09;6.86302e-08;3.09011e-07;3.53769e-08;5.80513e-06;1.48311e-06
5.06619e-06;2.01557e-07;4.06583e-07;5.56253e-09;3.82003e-07;7.67477e-06;2.51513e-08;1.64865e-06;3.87412e-08;2.39694e-08;8.28606e-08;2.93384e-07;1.4759e-07;1.69334e-08;6.33773e-08;7.49751e-08;1.76619e-07;4.27176e-08;1.17284e-07;3.47681e-08;4.35179e-06;2.53387e-08;1.23228e-07;2.53316e-07;4.82844e-07;6.86928e-08;4.21382e-07;0.99936;3.38055e-09;2.79735e-08;4.60764e-09;4.24436e-07;1.95377e-06;4.85047e-09;6.80447e-08;1.25446e-08;2.59396e-08;3.45559e-08;3.8392e-08;4.48243e-07;9.45873e-08;6.38784e-06;6.22675e-05;2.80847e-07;9.14796e-07;2.21021e-05;1.36853e-08;4.94545e-08;1.90278e-07;1.7224e-08;3.41142e-08;4.37224e-06;5.76194e-08;3.07382e-06;3.53156e-09;1.12438e-07;1.39478e-07;2.41579e-08;8.5461e-08;7.54978e-08;6.88541e-07;1.25317e-07;1.38097e-08;1.23077e-07;2.70701e-08;2.01219e-08;8.67476e-08;1.53902e-07;1.59626e-07;1.07393e-06;2.62602e-07;1.60675e-07;1.59739e-05;1.09421e-07;2.75081e-08;4.56915e-08;4.45432e-08;1.31075e-07;2.86447e-08;5.38492e-08;7.12136e-08;6.85424e-08;5.96264e-07;1.01992e-07;1.07047e-07;2.51532e-06;4.51795e-05;2.76954e-07;9.77313e-08;4.62205e-08;3.75511e-08;2.11966e-07;1.23106e-07;1.20144e-07;3.15591e-06;1.15438e-08;4.53954e-07;2.16317e-07;3.15751e-08;4.04334e-09;1.46323e-08;1.35741e-09;1.21076e-08;1.14421e-08;6.80458e-10;6.03362e-08;7.95997e-09;2.75685e-08;2.56049e-08;4.69563e-09;4.7749e-09;1.31827e-08;1.24342e-08;1.41548e-08;7.72249e-07;9.35855e-07;3.4182e-08;5.50385e-09;3.28718e-08;2.74348e-08;5.33509e-08;4.34071e-09;1.12029e-07;1.39403e-07;2.9808e-06;1.64666e-07;4.58194e-07;1.39569e-05;2.76672e-08;4.39426e-07;3.97946e-08;2.51415e-07;2.39961e-07;1.80341e-09;5.12258e-08;6.36683e-09;1.29439e-07;7.1149e-07;5.61705e-08;2.06718e-07;1.16535e-06;3.0437e-08;2.2882e-08;3.41333e-08;5.30558e-08;8.01687e-08;2.78552e-07;2.73958e-08;4.48484e-08;2.08839e-07;8.40543e-09;2.96239e-08;1.14647e-06;7.37331e-08;3.61947e-09;5.42432e-08;1.52468e-10;1.29221e-08;1.72916e-08;6.80804e-08;6.33517e-08;1.40338e-07;2.45508e-08;3.45791e-08;6.5529e-09;2.23553e-09;3.03364e-09;3.73005e-08;1.98988e-08;3.86552e-08;5.64362e-08;8.22183e-08;1.80836e-08;7.36303e-07;1.99101e-07;5.79357e-08;9.74347e-07;3.36728e-08;5.09289e-08;1.46794e-07;1.44895e-07;7.09406e-07;1.7128e-07;4.26428e-07;4.20167e-06;6.13114e-07;9.6322e-06;1.83065e-07;1.42188e-07;1.87181e-07;4.46804e-08;3.34434e-09;2.2842e-08;1.21413e-09;1.22124e-08;1.08908e-07;9.07883e-09;1.3675e-08;6.07265e-09;1.058e-08;2.16046e-08;4.52126e-08;1.7718e-07;6.38855e-08;3.40221e-07;8.2515e-07;6.06703e-08;6.4507e-08;2.17713e-08;3.45616e-08;4.89503e-09;7.38031e-08;9.07837e-08;6.27394e-08;2.28977e-08;2.73484e-08;7.1475e-08;2.75252e-06;2.70129e-09;1.93454e-08;1.02991e-08;3.00482e-08;1.08369e-07;5.66926e-08;4.4776e-08;4.14393e-08;4.86536e-08;1.8385e-07;4.92051e-08;1.14678e-07;7.16206e-08;4.28729e-08;1.34131e-07;2.63514e-07;4.22759e-08;4.59612e-07;3.75599e-07;3.40594e-09;2.04289e-07;5.0319e-08;3.92999e-08;1.5186e-08;2.92574e-08;2.25695e-08;3.56474e-08;9.41174e-08;1.74398e-06;2.02404e-08;3.94846e-07;1.42784e-06;7.43789e-08;9.93338e-09;1.57241e-08;6.68852e-08;7.97859e-08;2.72456e-08;6.13157e-08;1.35353e-08;4.77536e-08;2.3902e-08;1.61923e-07;1.74061e-08;2.13524e-07;4.27481e-07;4.63121e-08;1.17789e-08;6.813e-08;4.82241e-08;3.39729e-08;7.14321e-08;3.41526e-08;4.95466e-07;6.48665e-08;5.78568e-08;7.32821e-07;1.17669e-07;6.30695e-07;4.46925e-06;2.79997e-06;2.31944e-10;4.74574e-08;5.92961e-07;1.34576e-07;8.49043e-10;3.54271e-08;8.06705e-09;1.95536e-08;7.11809e-09;3.62771e-07;2.41903e-08;2.97782e-08;1.34723e-07;2.77822e-08;1.1087e-08;2.15066e-08;1.67002e-08;8.00364e-08;3.55122e-08;2.85093e-08;1.7104e-08;4.71231e-08;2.54174e-09;5.35926e-08;8.66408e-09;1.02725e-07;5.35669e-07;5.27445e-09;1.04439e-10;1.24846e-08;3.54217e-08;6.44424e-07;5.75098e-08;2.61305e-09;3.13734e-08;2.66054e-07;1.07702e-07;1.57105e-07;1.43289e-06;7.81821e-06;1.46031e-07;3.14798e-06;3.56319e-07;2.54209e-07;0.000341834;8.60541e-08;8.41887e-08;5.35195e-07;9.43502e-07;1.55604e-08;4.50637e-09;1.27512e-07;6.74036e-07;1.18419e-07;1.44732e-07;7.02751e-08;1.96236e-07;8.54388e-06;3.36098e-06;2.1915e-08;2.03973e-07;1.93047e-08;2.99843e-07;2.53648e-08;1.71123e-07;4.14276e-08;3.97763e-07;3.27172e-08;3.76619e-07;6.12462e-07
1.14078e-10;5.16504e-09;2.53276e-09;1.1216e-10;2.54913e-09;4.27446e-08;4.97775e-10;6.15744e-09;1.3467e-10;1.32611e-10;2.30419e-11;1.52958e-09;6.80091e-12;3.2642e-11;4.40801e-10;1.14788e-09;3.4983e-08;3.59954e-10;4.0323e-10;1.83978e-10;1.7705e-07;1.29169e-11;2.39294e-10;2.4737e-10;9.61748e-11;4.5739e-11;7.89722e-11;1.53115e-09;6.03776e-11;2.9309e-09;1.64843e-09;2.987e-10;9.99258e-09;1.10381e-10;1.83916e-09;3.25781e-11;3.36732e-10;3.72469e-10;3.87987e-10;3.85004e-10;1.29734e-10;2.24733e-09;2.77711e-09;3.72788e-10;2.93756e-09;1.15172e-09;7.79327e-11;3.85708e-11;9.84649e-09;2.13288e-08;4.89053e-11;4.07443e-10;5.5546e-11;4.23753e-11;5.46591e-12;9.72502e-11;4.90822e-10;2.74961e-10;8.01345e-10;1.03151e-09;7.9459e-10;3.68939e-10;1.88602e-10;2.11784e-09;1.39095e-10;1.1496e-10;1.11189e-09;5.24783e-10;4.32844e-10;3.72535e-09;1.9364e-09;2.13877e-10;6.42215e-09;2.39453e-10;2.65662e-11;3.04595e-10;2.75257e-10;2.16243e-11;8.53149e-10;1.00009e-10;7.55208e-11;3.19157e-10;9.07445e-09;9.85406e-10;1.54694e-11;8.93931e-10;7.20902e-09;1.17517e-10;1.2485e-10;2.65392e-10;1.90899e-10;2.35354e-09;6.21372e-10;7.04103e-11;3.34248e-08;1.8607e-08;4.09927e-09;1.27381e-10;1.68757e-10;1.1603e-11;1.26778e-08;1.12605e-09;3.85629e-10;2.1437e-10;2.68221e-10;5.77624e-10;4.04879e-11;4.86336e-10;2.9521e-10;4.12893e-10;1.85128e-09;4.19676e-11;7.48364e-11;1.54596e-10;1.49847e-09;3.6142e-09;3.87148e-09;9.92762e-10;1.75798e-09;4.53492e-11;1.0505e-09;7.85924e-11;3.45331e-10;5.80543e-12;6.44427e-09;1.44715e-09;6.59886e-09;2.05134e-10;3.36842e-11;8.85111e-11;3.83926e-11;7.91127e-10;1.24354e-09;2.19686e-12;4.49118e-11;4.9284e-12;1.49137e-10;1.12503e-08;8.76779e-10;5.28972e-10;6.78045e-10;5.29156e-11;1.48556e-09;4.01891e-11;5.61568e-10;8.74272e-10;6.74933e-10;2.1155e-10;1.26686e-10;4.83102e-08;1.05691e-09;1.83273e-09;1.40242e-08;5.58515e-10;2.22274e-09;1.10294e-10;4.863e-11;2.62588e-10;8.72572e-10;3.29263e-10;2.99878e-10;3.33819e-09;5.27026e-10;1.14325e-08;4.41561e-10;6.27939e-10;1.57109e-10;7.56902e-10;9.57266e-10;1.22326e-10;3.95991e-11;1.05265e-09;3.53163e-10;4.69227e-10;9.81282e-10;4.46062e-11;4.33952e-09;2.59261e-10;4.56751e-10;4.88349e-10;1.64989e-10;3.02175e-09;2.00959e-09;3.15935e-09;1.55581e-09;1.8586e-09;2.26522e-08;6.05726e-09;4.69513e-10;1.56826e-09;4.87649e-10;1.00475e-10;1.70194e-09;6.41906e-10;7.51375e-10;9.33849e-10;1.03018e-09;1.01182e-09;6.83097e-09;5.65016e-10;2.48402e-10;9.66025e-11;2.48855e-09;3.6968e-10;3.04541e-09;4.9486e-09;8.2171e-09;5.08794e-10;9.50536e-11;2.38569e-10;1.70229e-10;8.54139e-09;3.39678e-10;3.79843e-10;2.12844e-11;1.58795e-09;1.45469e-09;5.59148e-10;4.36974e-11;2.23077e-10;8.23635e-11;1.48891e-10;3.18238e-10;3.51644e-10;1.91765e-10;1.09078e-10;2.91746e-09;1.87848e-09;1.04436e-11;4.67092e-10;1.77813e-10;1.90734e-10;5.06739e-11;2.45678e-09;2.70822e-09;9.1167e-10;1.39669e-09;3.09862e-11;1.67192e-09;1.1883e-10;7.79747e-10;2.59516e-10;2.10585e-10;1.51376e-10;2.94836e-10;7.21973e-11;1.58583e-08;4.70991e-10;1.41333e-09;9.51992e-09;1.79655e-10;9.80566e-11;4.25414e-11;2.70639e-10;2.68779e-10;9.92823e-11;2.67186e-10;8.84662e-11;4.49862e-10;4.45625e-11;1.40008e-09;4.74477e-10;1.19418e-09;4.15832e-09;7.28838e-11;3.25615e-11;1.54083e-10;5.97535e-10;3.63901e-10;6.92073e-11;2.66577e-10;1.70704e-10;0.999743;2.22831e-08;3.6592e-06;4.10941e-07;7.56928e-07;1.2519e-06;0.000136557;0.000107972;4.6163e-09;3.92131e-06;1.11852e-07;8.35716e-07;8.12496e-07;4.32904e-08;8.93088e-11;1.73828e-11;2.94979e-09;1.91392e-09;2.692e-09;6.45523e-10;4.94916e-11;6.1683e-10;1.2594e-11;1.94131e-10;1.32231e-09;5.66846e-11;1.42732e-10;6.47748e-11;2.84232e-10;5.74466e-11;1.60607e-09;1.49206e-10;2.54011e-10;6.78237e-11;1.46033e-11;4.5378e-11;7.67584e-11;1.18677e-09;8.43009e-11;5.50038e-12;2.48174e-10;1.31334e-10;2.22257e-10;4.99803e-09;1.11922e-09;3.74632e-10;1.14963e-09;3.53196e-11;4.14097e-08;1.67598e-10;7.26568e-10;6.91029e-12;6.3223e-11;7.83647e-10;4.72838e-08;1.86839e-09;1.25226e-10;1.23257e-10;9.27057e-11;4.03268e-09;9.31473e-10;1.94382e-11;1.54745e-10;6.63572e-11;8.87683e-10;7.42889e-12;1.14885e-11;1.82669e-10;3.29687e-11;2.25544e-10;9.32931e-12;2.43249e-11;8.15146e-12;9.00391e-10;2.79023e-11;1.42943e-10;2.48633e-11
9.73217e-13;2.20025e-10;4.84037e-12;4.25235e-12;1.36482e-10;1.27358e-10;1.65291e-11;6.00096e-10;4.67106e-11;6.07664e-11;8.65587e-09;3.45429e-10;7.14826e-13;2.92647e-10;1.46684e-10;2.00006e-10;3.81191e-09;1.14509e-10;3.41292e-11;4.83508e-11;9.71603e-09;5.28188e-11;5.82492e-11;1.92403e-10;1.76152e-10;5.5176e-10;5.46247e-12;1.44134e-10;2.45412e-10;6.71714e-11;1.31102e-11;4.72638e-09;7.63435e-09;1.5999e-08;5.39421e-12;3.41036e-10;8.87394e-11;7.75892e-11;4.37366e-10;1.25676e-09;1.21062e-10;7.16976e-11;1.59161e-10;2.32735e-11;2.05548e-09;5.86461e-10;1.20977e-10;1.91647e-11;7.92849e-11;1.46355e-12;1.22184e-11;5.05355e-10;3.73058e-10;3.2866e-12;3.69471e-11;3.05036e-10;1.46577e-10;1.14638e-10;4.6763e-11;9.28817e-11;1.35699e-11;2.03004e-10;9.38556e-12;2.73904e-11;9.09786e-11;4.47425e-09;7.20134e-10;5.23312e-10;1.5067e-09;2.32997e-10;4.41342e-11;1.62184e-08;2.59549e-09;1.9819e-09;4.20353e-11;1.49729e-10;5.63504e-11;4.08595e-09;9.70652e-10;2.13933e-10;1.07469e-10;3.77408e-09;1.1936e-09;1.32355e-10;2.77766e-09;1.81575e-09;4.79255e-11;2.28294e-11;1.23963e-10;5.01943e-11;1.45038e-10;1.95795e-11;4.06483e-11;7.70942e-10;1.33268e-09;6.32247e-10;2.94769e-12;1.0264e-10;4.30594e-11;5.94978e-11;3.27356e-10;1.07298e-11;2.31924e-10;3.37576e-10;1.52297e-10;7.193e-12;1.47476e-09;8.51233e-11;5.10856e-11;1.17933e-08;2.07527e-08;1.24121e-09;6.32225e-10;7.75183e-11;8.19932e-11;3.6202e-11;6.8805e-11;8.19949e-09;4.56324e-11;1.94372e-09;3.06662e-08;6.10853e-09;3.02323e-09;1.84896e-11;3.63916e-12;5.46443e-13;6.43985e-11;1.23896e-10;6.83243e-12;1.28984e-13;6.87262e-10;1.49623e-10;6.43891e-11;6.72786e-09;1.32117e-08;1.6171e-09;1.09517e-10;4.72852e-11;5.47616e-11;1.06207e-10;1.71145e-11;9.04384e-12;1.47599e-11;1.13738e-10;3.57347e-09;1.3228e-08;3.05839e-10;4.7913e-11;8.82581e-11;2.58296e-11;2.42422e-12;2.73529e-11;2.38634e-11;1.32038e-11;3.66495e-12;7.90056e-11;6.94731e-08;6.88997e-09;1.39083e-09;1.67109e-10;1.30643e-10;9.31856e-11;8.3883e-10;3.67778e-10;9.76816e-11;5.52253e-11;4.11932e-08;1.15129e-07;5.28426e-09;1.58755e-10;2.93809e-10;1.3863e-10;1.98148e-11;2.73783e-11;1.04526e-10;2.97213e-11;3.82363e-11;3.38178e-09;1.75682e-08;3.1434e-09;1.30971e-10;4.48711e-11;6.18354e-12;7.39943e-10;2.65383e-10;2.85272e-12;1.92976e-12;2.23062e-09;2.54033e-09;5.65535e-10;9.84588e-11;3.70107e-10;6.65496e-11;1.70326e-10;3.35207e-10;6.75224e-10;4.17272e-12;9.59917e-11;9.62424e-09;6.66607e-09;3.87019e-10;1.8624e-10;6.31778e-11;6.9892e-11;5.56232e-09;7.53074e-10;4.51508e-10;6.77804e-11;2.66851e-10;4.49442e-11;1.17429e-07;7.82792e-09;2.62542e-09;4.60166e-11;4.27184e-11;5.68185e-12;1.45629e-11;6.39582e-10;1.90981e-09;5.95792e-11;1.36587e-13;9.07335e-11;8.60049e-11;1.78677e-10;1.11361e-10;6.8035e-10;6.55803e-11;6.37633e-11;1.54296e-09;5.46444e-10;4.96464e-11;9.12838e-11;5.42454e-10;7.53682e-11;4.78765e-10;3.17482e-09;1.97723e-09;6.52433e-10;3.45263e-12;4.25907e-10;6.45761e-11;1.87383e-10;4.78829e-11;1.40118e-10;7.41931e-11;9.45764e-11;8.45752e-11;1.03237e-11;4.33047e-08;1.25384e-09;6.59565e-09;1.92027e-11;1.06006e-10;1.36229e-10;4.08425e-11;1.36388e-10;2.11701e-11;6.96241e-11;2.54137e-10;3.73542e-10;5.42409e-10;3.81287e-11;2.44844e-10;8.81093e-09;5.65226e-10;6.35456e-12;1.61357e-10;1.84568e-10;1.51816e-10;1.93832e-11;1.79009e-10;9.22212e-11;1.08777e-07;1.32006e-08;4.37898e-09;1.5637e-09;1.79803e-05;3.83282e-07;5.36939e-06;3.13496e-06;1.97211e-07;1.78652e-08;7.05385e-09;0.999957;1.48235e-05;4.01424e-08;4.84368e-10;4.53333e-12;3.99881e-12;6.30733e-13;9.80094e-10;1.21585e-09;2.87648e-11;1.86009e-12;1.19872e-10;6.7103e-11;3.88837e-11;1.21749e-09;3.38928e-10;1.35247e-10;4.70742e-11;6.10147e-12;2.7676e-12;1.20871e-12;1.01537e-11;7.92217e-11;1.42389e-12;3.82909e-12;1.97134e-10;2.85521e-11;2.71391e-07;2.73045e-09;8.66328e-10;6.72466e-11;3.94784e-10;1.82483e-10;4.01338e-10;2.34568e-09;3.98088e-08;6.17006e-11;2.93134e-12;2.40583e-10;7.36989e-11;2.79595e-10;1.01246e-10;1.41723e-10;6.49101e-11;1.50674e-10;1.72229e-10;1.5832e-09;1.35464e-10;5.44851e-11;8.75454e-11;1.33118e-11;2.76554e-10;1.59517e-10;1.79316e-10;3.03368e-12;7.19731e-10;4.36717e-11;9.65102e-11;1.14305e-09;1.94924e-11;1.51863e-09;5.06113e-10;4.32865e-11;1.92728e-11;1.06894e-11;1.38498e-09
3.47765e-08;1.14264e-07;3.79835e-08;9.77357e-09;2.56938e-08;1.16333e-07;2.01149e-08;2.83621e-06;2.04195e-07;6.50109e-08;2.38926e-07;1.70133e-08;7.05582e-08;2.434e-08;4.43454e-08;3.25284e-08;9.70653e-08;2.12297e-08;1.57955e-07;2.98063e-07;5.3943e-08;6.80762e-09;8.99525e-08;1.66279e-07;9.92756e-08;4.46525e-07;1.3988e-06;1.82292e-06;2.5694e-09;3.71964e-06;9.24107e-08;8.47069e-07;2.79193e-06;1.83191e-07;4.05264e-08;4.93152e-08;9.66296e-09;1.58428e-08;1.14779e-08;9.53632e-09;9.72814e-08;2.04596e-07;5.36664e-06;1.60946e-07;1.05353e-07;1.43136e-06;1.72012e-08;3.86941e-10;2.08149e-07;2.86433e-08;9.8179e-09;9.03821e-08;1.13751e-07;2.31676e-07;1.36117e-08;5.02419e-07;1.49804e-07;7.1275e-09;2.23515e-08;2.13953e-07;9.57013e-09;2.86363e-07;1.556e-07;7.13141e-08;1.6868e-08;6.07175e-07;1.55737e-07;1.33483e-07;2.93091e-09;6.33484e-08;1.05587e-08;4.55946e-09;3.56686e-08;7.23609e-08;1.4912e-09;1.83443e-08;3.18461e-08;4.39619e-08;9.28642e-08;4.92508e-07;1.20851e-08;1.83234e-09;5.16483e-08;5.94861e-08;6.40075e-09;1.63599e-07;1.1987e-07;1.39838e-08;2.8647e-08;1.35178e-08;1.21322e-08;2.36312e-08;4.75911e-08;4.70834e-07;6.57481e-08;8.17965e-06;9.64264e-07;1.23913e-08;2.57812e-08;1.98022e-09;1.29594e-07;4.31981e-08;3.46884e-08;1.57432e-07;1.2624e-08;1.01708e-07;9.96587e-09;1.49902e-08;2.8475e-08;1.18612e-08;6.15671e-08;6.43258e-07;6.1223e-09;2.88517e-08;5.71868e-08;5.00804e-11;6.07702e-09;3.5015e-07;5.80763e-08;5.08017e-09;2.01941e-07;2.41975e-08;8.80283e-07;5.4846e-11;7.99102e-08;4.05042e-09;1.81394e-09;6.43387e-09;3.37555e-09;1.13438e-08;6.09828e-09;8.21207e-08;4.66799e-08;6.63754e-08;2.30855e-07;1.49711e-05;1.89382e-09;3.78149e-08;6.18932e-08;1.24211e-08;3.52892e-09;2.38404e-08;1.04181e-07;1.98359e-08;5.81382e-07;9.39419e-08;9.5806e-08;1.96992e-08;4.35078e-09;3.80108e-08;3.79066e-08;8.503e-09;6.25312e-09;1.14529e-08;5.17653e-08;2.3827e-08;3.60773e-07;3.07584e-07;1.91147e-07;8.54057e-09;2.10526e-08;3.10441e-08;4.32646e-10;8.41834e-10;1.40985e-08;1.12163e-08;5.10712e-07;2.4701e-07;2.05172e-07;2.57963e-08;2.18048e-09;1.96561e-08;4.42066e-09;2.42071e-09;1.98455e-08;1.11723e-08;5.60397e-09;9.98412e-08;3.12351e-07;2.54749e-07;2.71722e-09;3.99352e-08;1.69871e-07;2.53855e-08;9.4974e-09;3.68742e-08;1.23825e-08;4.63128e-07;2.38292e-07;1.12048e-07;2.60071e-08;6.13625e-09;2.95972e-08;3.38301e-07;3.89913e-09;1.40328e-07;4.9094e-08;1.94583e-07;6.81594e-07;5.69307e-07;3.83063e-07;5.18186e-09;2.30127e-08;4.56568e-08;3.18784e-09;2.23979e-08;6.58278e-08;1.80418e-07;1.81251e-08;7.65383e-08;4.28547e-07;7.2882e-07;3.32195e-07;6.88913e-09;2.32547e-10;9.20125e-09;4.57982e-08;9.38043e-11;2.29949e-09;7.25812e-07;4.09176e-08;1.43831e-08;1.45003e-08;1.53057e-08;3.07517e-08;1.42069e-08;4.06941e-08;7.40819e-08;4.30181e-07;1.50349e-07;6.89598e-07;6.62265e-07;3.14121e-09;8.09711e-08;5.60024e-08;2.37912e-09;2.16721e-08;6.06357e-09;8.81387e-09;4.33917e-09;2.76315e-08;4.64894e-07;2.68575e-08;9.55351e-08;2.02364e-08;1.25862e-09;3.70459e-08;3.78438e-09;6.8531e-08;2.11551e-09;6.20818e-08;1.83708e-08;6.51184e-09;1.34069e-07;5.62411e-08;5.01978e-08;2.94018e-07;7.84413e-07;1.83753e-08;1.48367e-08;3.77925e-07;3.82725e-07;1.67086e-07;2.99914e-08;4.38894e-07;7.37921e-08;3.40738e-08;2.77091e-08;3.99295e-07;1.9061e-08;4.15508e-08;1.08543e-07;4.33211e-09;4.25553e-11;1.04292e-07;2.78325e-08;5.586e-12;1.48056e-10;6.84608e-09;1.64212e-05;2.26998e-08;8.52943e-07;3.38333e-07;6.26307e-09;1.75961e-07;5.06693e-08;4.41594e-07;4.88873e-10;1.50672e-07;7.78001e-09;2.1587e-08;1.09537e-08;6.14847e-10;0.000341164;1.93933e-08;2.9187e-08;6.34355e-08;2.66093e-08;6.07446e-08;9.94579e-07;3.25561e-08;5.70702e-11;3.54312e-08;1.15675e-09;2.61108e-09;3.01678e-08;4.27469e-10;2.2422e-06;2.91314e-08;2.45002e-08;3.82287e-07;4.31628e-07;3.39901e-05;5.31642e-07;2.08294e-06;0.000189396;9.38567e-06;0.083055;0.167096;0.749016;0.000126957;2.12599e-05;9.11818e-06;2.68368e-12;2.4608e-08;1.26525e-07;4.12122e-08;1.26941e-08;9.3997e-07;1.89194e-06;2.16423e-09;4.03822e-08;2.57031e-08;4.11318e-08;3.56546e-08;1.33434e-07;8.86653e-08;1.08857e-09;3.42524e-09;5.62338e-08;1.50767e-09;1.94013e-09;1.2902e-08;1.23976e-08;1.07289e-09;1.56182e-08;1.42172e-07;4.0796e-08;3.1338e-08
3.89821e-08;7.97075e-10;2.70477e-10;3.7907e-10;2.27788e-10;1.65207e-10;3.87319e-09;1.59826e-09;1.28931e-09;1.53878e-09;8.93358e-07;1.39909e-07;6.83986e-12;5.90886e-10;3.15547e-09;2.54131e-08;1.19582e-08;6.33291e-10;1.49123e-09;3.93672e-09;1.54684e-09;2.57369e-10;2.78299e-09;6.7371e-08;2.79909e-08;2.29219e-08;1.26679e-08;2.78619e-10;3.20563e-11;8.52448e-10;2.16865e-09;4.46532e-07;8.87064e-09;9.73222e-09;3.24474e-09;2.03254e-10;6.11315e-10;9.55006e-10;8.58614e-10;1.9243e-10;4.45289e-10;4.73625e-10;7.13449e-10;8.78963e-11;2.79211e-09;3.73234e-09;3.47519e-10;6.49011e-10;6.43863e-09;2.16285e-09;1.04985e-05;1.16207e-08;7.48797e-10;3.3661e-09;1.55702e-10;4.16911e-09;1.58085e-08;9.98661e-11;1.46604e-09;3.69625e-09;1.01946e-08;1.12907e-09;2.28521e-09;7.85597e-10;4.42808e-10;3.39914e-09;1.57194e-09;2.15184e-09;4.30645e-10;3.00224e-09;1.27016e-09;7.11635e-07;1.31853e-06;7.42794e-09;4.26726e-10;5.88927e-10;2.11838e-09;2.99113e-09;6.63058e-09;4.65207e-09;9.93752e-10;2.96969e-11;1.73522e-09;1.15932e-09;1.66342e-08;2.2161e-07;6.76911e-08;1.06561e-11;1.03008e-09;1.10021e-09;3.25967e-10;7.82178e-10;1.07572e-09;1.32939e-07;2.03872e-07;1.09376e-10;1.09565e-09;1.10115e-09;7.02732e-10;1.36155e-11;1.19101e-10;1.1056e-09;3.09379e-08;2.03194e-07;1.39228e-08;5.7823e-09;1.89456e-10;4.99157e-10;8.82822e-10;2.6594e-09;1.01114e-08;1.08176e-09;4.3787e-10;6.27209e-10;3.09852e-10;1.87658e-09;3.23933e-08;1.84032e-08;3.32189e-10;1.45825e-09;4.64616e-09;1.58107e-09;2.7165e-09;5.30871e-12;2.39923e-10;3.88892e-10;1.59662e-07;1.08478e-08;3.12237e-09;3.19357e-09;4.12426e-10;8.06673e-10;4.91113e-10;3.70379e-10;1.30615e-08;2.6144e-10;1.39048e-10;2.94798e-09;1.46854e-09;1.34619e-06;7.74067e-08;1.62957e-09;3.31674e-09;5.45026e-10;1.55283e-08;3.42354e-08;1.28376e-08;6.44953e-10;5.31235e-10;3.36338e-09;1.01968e-09;1.90063e-08;6.79296e-08;7.1764e-10;7.11388e-10;1.39418e-09;7.95046e-11;7.7521e-09;4.28222e-09;2.99117e-10;7.4312e-10;1.23685e-09;4.26404e-08;2.4546e-09;3.824e-10;1.43867e-09;8.26611e-10;7.76094e-09;5.07047e-10;2.88005e-10;1.5523e-10;2.59558e-10;6.41226e-10;3.36217e-08;1.11309e-08;2.60596e-10;2.07809e-10;1.23333e-09;1.10572e-09;8.22988e-10;9.2471e-11;1.51727e-09;2.37609e-09;4.3456e-09;2.67514e-09;5.44942e-09;2.59022e-09;3.48202e-09;1.56722e-09;2.34773e-09;4.91173e-09;6.55918e-11;7.51681e-10;2.85555e-09;2.24693e-09;1.26637e-09;1.56179e-10;1.74033e-09;5.12731e-10;2.33025e-09;4.00223e-09;4.43924e-10;2.80074e-09;6.27205e-10;2.69615e-07;2.95965e-08;3.00503e-09;1.17636e-08;3.39491e-10;1.6082e-09;8.7305e-09;4.09525e-09;1.40169e-09;1.54972e-09;1.87525e-11;2.85334e-10;1.07343e-09;4.29739e-09;6.09429e-10;1.71939e-08;8.65984e-11;2.83648e-10;1.28243e-09;4.94951e-10;1.02701e-09;3.54501e-10;1.86144e-09;9.7674e-10;1.1175e-07;5.48879e-09;1.64308e-09;4.44007e-10;7.33738e-11;9.41214e-10;1.57164e-09;2.44298e-06;4.18046e-08;4.05227e-10;5.75105e-09;1.11864e-09;1.68955e-09;8.38126e-09;3.2971e-09;5.81927e-09;4.09691e-10;1.0295e-10;2.14267e-09;4.80964e-09;4.78596e-07;1.99538e-09;6.24458e-09;1.04422e-08;3.63956e-10;6.10419e-10;5.54362e-10;1.29385e-09;2.4118e-09;1.43893e-09;9.57805e-10;3.03538e-10;9.69353e-10;1.15551e-09;6.5436e-08;4.07984e-09;3.40051e-09;1.56978e-10;1.04577e-09;1.10137e-09;3.18921e-10;4.4102e-10;8.3227e-10;4.73249e-10;6.1208e-14;1.06817e-12;1.35473e-10;5.4186e-10;3.38369e-08;2.51853e-09;4.02171e-09;1.5483e-09;1.20853e-10;3.15668e-09;2.63658e-09;1.10607e-12;5.50688e-10;3.25932e-10;1.5592e-09;2.21166e-12;7.98018e-10;5.86562e-10;2.27118e-06;4.15126e-08;1.20487e-09;5.42217e-10;9.31623e-10;1.98681e-09;7.18739e-10;1.71616e-10;1.55796e-09;7.58607e-11;1.09441e-09;2.96863e-11;3.71973e-10;4.86916e-11;3.7711e-07;4.76174e-09;3.91182e-11;3.64258e-10;5.51377e-10;8.5339e-10;3.39727e-09;3.50399e-09;1.22037e-10;1.65961e-09;9.22283e-11;7.11213e-10;1.17248e-09;1.71009e-09;5.64726e-08;7.47225e-11;2.49708e-10;2.9874e-09;3.74348e-10;2.14716e-13;3.35581e-10;8.86881e-09;1.81829e-08;9.04736e-08;9.74602e-10;1.38452e-10;2.39171e-11;3.88001e-10;5.39359e-10;4.47254e-11;4.60056e-10;8.97006e-10;9.61463e-10;3.8935e-07;3.03841e-08;2.31537e-07;0.973632;0.0263319;1.47124e-07;1.79428e-07;2.44014e-08;8.16283e-06;7.12286e-07;4.97261e-07;1.56505e-06
2.64562e-06;3.8202e-10;4.12407e-08;6.8643e-09;2.34817e-08;2.53209e-11;7.88797e-09;3.14207e-08;1.75307e-08;1.17622e-08;2.264e-11;1.03613e-09;5.17219e-07;9.92407e-09;3.55576e-08;2.79734e-05;9.61428e-08;2.43434e-08;2.30373e-06;1.14049e-07;4.64409e-08;1.43922e-07;1.56825e-08;3.07498e-07;3.67332e-08;5.55227e-07;1.00441e-06;4.87619e-09;1.33442e-09;1.33365e-08;7.98925e-10;1.31036e-08;1.95715e-08;3.4273e-10;0.000120973;3.37757e-08;2.11589e-08;1.6592e-08;3.72606e-07;8.66762e-09;2.94698e-08;3.33471e-08;2.00095e-08;2.5172e-09;8.63719e-08;4.43763e-08;5.835e-08;1.75472e-08;4.28907e-09;3.66878e-09;4.34954e-08;4.78323e-10;4.20912e-08;7.67239e-07;2.55186e-08;5.96728e-08;5.91225e-08;3.20601e-08;1.27207e-08;5.65315e-08;3.32084e-07;5.10664e-10;4.35758e-07;1.82546e-07;1.20631e-08;7.36108e-08;8.0489e-09;4.0509e-08;8.06755e-07;8.63331e-06;3.28649e-05;0.00275688;0.000104782;0.808195;0.185085;3.61921e-08;4.52541e-08;0.00172734;2.37546e-06;0.001683;9.75775e-08;1.94103e-09;9.76646e-08;1.41136e-08;7.1158e-07;4.09209e-09;1.33413e-06;1.87348e-06;2.84601e-07;1.7805e-08;6.78062e-08;1.5036e-07;6.45495e-08;1.22505e-09;5.21735e-09;3.17051e-07;1.26967e-05;2.44312e-06;1.74129e-06;1.8515e-10;1.25344e-09;1.28436e-09;1.54959e-08;6.0636e-10;5.73697e-09;1.70016e-07;1.66141e-08;2.20872e-08;1.85681e-08;1.4529e-07;9.13762e-10;9.1663e-09;6.96503e-08;2.08767e-08;3.28441e-08;4.79229e-08;5.00113e-08;7.06701e-09;3.6832e-06;6.82569e-08;5.35898e-09;3.728e-09;5.98135e-08;3.07772e-10;2.96727e-09;8.65412e-11;1.17469e-08;1.56158e-08;8.09603e-07;8.92053e-06;4.23961e-08;4.98598e-07;7.06538e-08;5.07304e-09;9.11501e-10;5.8092e-08;1.16771e-08;3.48232e-08;1.37238e-07;2.45238e-08;7.65985e-09;1.07464e-06;2.76722e-06;1.23469e-07;2.3212e-07;8.48479e-08;8.00113e-08;2.23381e-06;2.22266e-08;1.72514e-08;1.67215e-08;1.84975e-08;7.53456e-08;5.92535e-07;3.60882e-07;2.13344e-08;1.76112e-07;7.77329e-09;1.04646e-06;3.58357e-08;1.46692e-08;2.16175e-08;1.98683e-07;1.55121e-07;6.98655e-08;1.5779e-05;1.23208e-08;2.15237e-08;4.07982e-07;8.12225e-08;3.31856e-08;1.9341e-08;2.62639e-07;2.01698e-08;9.74147e-07;1.70191e-06;1.29335e-05;3.40478e-08;1.0156e-07;4.12699e-06;8.97471e-09;3.27982e-08;3.52533e-08;1.00078e-08;1.88081e-06;2.5371e-06;5.73041e-07;1.37316e-07;1.71958e-08;4.83363e-08;5.77746e-08;1.17495e-08;1.001e-08;6.04976e-09;2.29458e-08;5.69083e-09;2.42014e-07;7.43181e-06;6.21525e-08;7.99063e-09;7.08456e-08;5.15019e-08;1.29259e-07;1.79102e-07;4.86784e-08;7.72478e-08;1.50929e-06;7.82204e-06;4.41956e-08;9.54046e-09;5.07842e-10;5.30397e-09;9.93097e-09;9.12589e-08;1.12116e-09;1.5608e-08;2.30076e-08;6.10185e-09;4.40304e-09;4.98736e-08;2.38033e-05;2.00113e-08;1.50137e-07;1.01799e-08;2.74868e-08;8.28336e-08;5.30781e-07;3.07007e-08;1.31042e-07;6.40488e-07;9.08669e-07;1.60166e-05;4.89444e-09;3.72921e-08;2.2418e-08;7.03287e-09;1.69462e-09;8.86773e-07;3.39655e-05;3.39446e-07;1.13509e-07;4.38278e-08;4.7075e-08;2.59389e-07;1.57083e-08;2.04005e-09;1.2008e-08;3.29611e-09;9.09045e-09;2.75951e-08;5.35935e-08;9.99927e-06;3.43784e-08;2.33469e-07;8.52917e-09;1.88159e-07;5.13455e-09;1.51323e-08;1.44222e-08;1.25178e-08;1.45829e-08;1.36851e-08;1.10788e-09;7.79779e-10;2.02393e-07;1.68026e-05;2.84116e-08;1.32256e-08;2.42107e-08;3.14559e-08;1.61487e-08;4.45839e-08;2.93679e-08;3.60917e-10;1.9332e-08;8.41337e-10;5.46239e-09;1.10472e-09;1.52362e-08;8.17516e-08;8.73618e-09;6.07587e-08;2.15474e-07;8.01235e-12;4.85987e-09;4.25786e-09;1.22803e-08;1.78645e-11;2.91488e-11;4.31623e-11;1.894e-08;2.93566e-11;6.30991e-10;4.74487e-09;3.58332e-08;5.52805e-08;2.09215e-08;8.30041e-08;3.0554e-08;3.33401e-07;1.34107e-08;3.77417e-10;8.21861e-09;2.45361e-10;6.84339e-09;5.11259e-10;9.55352e-09;4.79729e-06;2.82365e-08;1.4982e-08;3.71819e-10;1.84922e-08;1.99044e-08;2.87636e-08;2.90147e-09;2.55548e-09;7.19727e-09;3.69743e-09;1.09388e-10;2.3735e-09;2.04325e-05;5.91894e-07;1.41797e-06;1.18528e-07;2.09902e-08;1.53264e-08;7.56681e-12;2.04621e-09;1.15375e-08;3.99675e-08;2.59709e-09;9.18902e-09;6.6525e-09;5.93472e-08;2.06578e-08;1.60676e-07;2.98644e-08;1.27961e-09;2.11716e-08;9.55128e-08;3.24508e-09;2.57444e-09;1.0211e-08;3.30118e-06;1.59039e-09;1.01073e-08;1.03543e-08;5.82557e-09;2.43491e-08
2.89959e-06;1.76203e-07;3.60194e-07;3.23604e-08;1.92202e-05;8.1518e-06;5.90125e-08;8.55939e-09;5.71557e-06;2.25719e-06;1.52851e-08;8.71508e-07;1.55256e-09;2.17103e-06;1.92734e-06;1.4858e-06;2.2974e-07;2.3326e-07;2.29334e-07;2.49903e-07;2.7751e-09;9.50489e-06;3.72048e-06;1.5146e-05;9.44139e-05;6.91974e-07;3.79845e-06;8.58772e-10;2.09054e-07;2.30159e-07;2.05628e-08;1.21289e-07;1.52466e-06;1.13477e-07;2.21586e-10;1.86647e-05;7.93752e-07;4.41315e-07;1.86804e-05;1.75818e-05;4.5746e-06;2.18608e-07;3.21545e-07;1.24461e-09;7.1018e-05;5.83027e-05;6.80771e-06;6.38462e-06;1.31315e-06;1.04427e-08;1.50282e-05;5.02146e-07;7.75854e-05;7.60339e-09;4.54069e-08;2.03844e-06;4.33017e-06;7.79567e-07;1.04272e-06;5.23947e-07;9.01062e-07;1.05666e-07;5.61666e-07;1.29922e-09;3.93764e-07;5.93908e-07;2.5321e-07;3.86097e-07;5.60065e-08;7.14708e-08;4.46678e-08;2.51469e-08;2.98172e-07;1.11085e-07;2.34516e-10;5.97865e-07;5.61873e-07;8.53498e-06;4.96058e-07;1.29827e-06;1.92787e-06;6.10232e-07;7.75298e-07;2.99407e-08;2.85343e-06;1.89794e-06;1.55959e-06;1.60125e-09;9.88276e-07;3.7145e-07;4.07112e-06;5.13577e-07;6.5719e-07;4.24911e-08;1.59004e-07;1.73867e-07;1.33901e-09;1.6801e-06;1.23841e-05;0.00828248;5.61668e-05;9.1654e-05;0.625147;0.258463;0.0828528;0.000109748;0.000158134;1.44773e-07;8.0806e-07;0.00126275;0.00911565;0.0115604;2.02466e-05;4.69845e-07;3.70825e-07;3.17697e-06;6.06729e-08;1.14719e-07;1.67707e-09;7.41786e-07;2.52013e-06;1.492e-05;4.99837e-07;1.32498e-06;8.38256e-08;1.99154e-08;8.13665e-07;1.59071e-05;0.000277282;2.19974e-10;2.69748e-05;7.2431e-06;1.63349e-05;7.31242e-07;0.000302791;1.96738e-06;1.91677e-05;1.291e-06;1.07387e-05;0.000242852;4.23025e-05;2.98112e-05;9.8614e-08;1.37452e-05;1.44974e-06;5.69309e-05;0.000138563;5.8252e-06;2.75436e-06;1.76707e-06;1.5922e-08;9.1271e-08;2.29497e-08;8.21427e-06;1.79777e-10;8.58231e-07;1.86548e-07;1.00797e-05;1.21767e-06;2.49767e-05;3.2377e-07;1.03017e-06;6.68704e-06;2.86847e-07;1.78136e-07;5.92674e-09;5.51634e-07;2.4663e-06;3.0751e-06;1.02577e-06;6.29308e-05;1.5844e-06;4.44928e-06;1.06754e-07;6.80667e-06;2.06502e-06;7.90286e-09;1.08212e-06;9.79112e-06;6.01391e-06;7.89782e-06;1.29676e-06;9.72272e-07;4.24793e-06;4.46179e-05;1.47351e-05;4.85994e-08;1.19335e-05;2.83623e-05;1.83871e-06;1.03111e-06;2.33101e-06;2.67624e-07;4.74398e-08;3.14103e-07;1.42491e-06;1.21915e-06;5.34277e-08;3.27435e-07;5.38505e-06;5.04593e-06;7.18082e-06;1.93605e-06;1.43362e-06;5.7702e-06;2.95445e-05;3.83968e-06;7.05901e-07;1.34355e-05;5.20125e-07;4.25934e-06;7.28206e-07;0.000106944;6.74408e-07;2.95586e-06;5.69286e-07;1.21805e-07;1.67348e-05;3.97891e-06;7.63244e-07;5.40591e-12;1.3558e-06;8.10026e-06;1.30476e-05;8.75276e-07;8.11946e-06;1.3134e-06;1.6833e-06;5.37899e-07;1.84485e-06;1.36352e-06;3.74354e-09;1.41528e-06;8.15912e-07;1.17907e-07;4.55065e-07;1.13881e-06;1.93744e-08;2.67639e-09;1.19281e-05;3.75826e-07;1.98089e-06;8.66505e-06;1.40694e-06;8.67027e-07;4.45033e-07;8.26154e-07;1.71719e-07;3.02899e-06;2.10875e-07;1.4096e-07;2.23741e-10;1.18415e-05;2.79948e-06;4.51377e-06;3.57693e-06;0.000102853;6.82566e-07;3.51859e-07;3.64791e-06;8.65533e-07;2.48206e-06;7.07087e-07;1.19039e-06;6.04031e-07;7.84468e-09;4.08723e-06;6.34914e-07;2.51286e-06;1.63636e-07;1.28138e-05;3.1513e-05;2.18254e-14;1.71686e-06;5.68592e-07;1.10943e-07;1.39363e-08;2.52254e-05;8.3917e-08;2.2905e-12;1.86437e-05;1.61849e-06;5.56029e-07;5.26315e-08;5.69886e-06;9.28793e-07;2.60563e-06;1.38406e-06;4.60554e-10;3.22355e-10;7.51352e-07;3.34455e-07;3.25099e-07;1.08482e-12;9.56584e-07;7.30839e-07;6.23866e-07;3.47752e-08;7.75242e-06;1.28189e-06;3.36423e-07;8.28227e-08;3.69735e-08;8.68406e-09;6.16858e-08;9.6748e-06;9.6512e-07;4.19901e-15;2.22062e-06;4.65348e-06;2.80873e-06;1.70583e-05;1.84274e-08;6.08492e-07;9.73486e-06;2.39741e-07;1.57199e-06;0.000132577;1.03399e-08;3.45607e-07;4.89372e-10;9.71604e-06;5.43623e-06;7.3402e-08;6.52778e-06;7.51587e-07;1.752e-09;1.37334e-07;3.35797e-08;1.06664e-08;2.8611e-06;1.74766e-07;2.89967e-07;1.91003e-06;1.29201e-06;1.7218e-05;1.1491e-06;4.67169e-06;4.44773e-06;1.22251e-05;2.23644e-08;1.2039e-08;2.78701e-05;2.69586e-09;2.20792e-06;8.05895e-07;9.13054e-07;9.17183e-07;6.54537e-07
8.33728e-05;9.43425e-07;3.01066e-06;5.33468e-08;8.10657e-07;3.46532e-05;1.85277e-07;1.248e-06;2.27028e-07;1.35193e-07;1.14617e-08;4.10733e-07;9.59854e-08;6.83252e-08;2.03596e-07;7.05061e-07;1.69838e-06;1.07062e-07;2.36312e-06;7.41247e-07;1.71435e-05;1.00397e-07;2.22314e-07;1.43533e-06;2.5333e-06;2.23608e-08;5.97172e-07;0.998832;3.49843e-08;3.699e-07;5.58001e-08;2.82905e-05;3.42412e-05;8.89136e-09;4.89863e-06;1.25914e-07;1.10699e-07;1.37441e-07;2.12219e-06;8.02343e-08;3.14775e-08;3.96823e-05;1.02291e-05;1.15283e-06;2.20705e-06;5.70469e-06;1.45768e-07;5.87526e-08;1.32239e-07;1.80542e-08;2.95143e-08;1.55661e-05;3.61578e-08;0.000253446;3.84987e-08;2.21472e-07;9.74988e-08;2.1222e-07;2.30592e-07;3.92165e-07;8.96568e-07;3.37701e-07;3.62273e-08;1.10114e-06;9.78224e-08;1.62418e-07;2.0115e-07;3.40699e-07;4.88475e-08;2.51751e-07;1.65086e-07;6.99141e-08;4.469e-05;2.1069e-07;2.23557e-08;1.3988e-07;1.72817e-07;6.52897e-07;1.60177e-07;9.34244e-08;3.43263e-07;1.06414e-06;1.62111e-06;1.50639e-06;2.7529e-06;0.000128742;1.5893e-05;1.8313e-06;7.29518e-07;3.37173e-07;3.95281e-07;2.05972e-06;3.91029e-07;5.66456e-08;2.26164e-06;8.33606e-08;1.0914e-06;5.25289e-07;4.54771e-07;2.55618e-08;1.46605e-07;2.05341e-08;8.89291e-08;2.87209e-06;5.50021e-08;9.00176e-07;2.73793e-07;9.00616e-08;1.2204e-07;2.1357e-07;1.19198e-07;2.02602e-07;1.2561e-07;1.40548e-07;9.72992e-07;1.06659e-07;1.53346e-07;6.52077e-08;2.92941e-08;1.94318e-07;1.59122e-07;4.37841e-08;7.18183e-08;4.19139e-08;4.76313e-07;6.15683e-08;2.96666e-08;1.18054e-05;5.17076e-09;1.94944e-06;1.2893e-07;8.02926e-07;8.59392e-07;9.82579e-09;9.77907e-08;1.98154e-09;5.54762e-07;2.79829e-06;3.61767e-07;5.6383e-08;3.53261e-06;6.25103e-08;1.0821e-07;2.36359e-07;4.28116e-07;6.64764e-07;1.3146e-06;4.73905e-07;7.12987e-07;5.00638e-06;3.85887e-07;9.00478e-08;1.57245e-06;9.93417e-08;1.03583e-07;3.93167e-07;5.35907e-09;2.29208e-07;4.92423e-07;2.97801e-07;1.1076e-07;1.66563e-07;3.57306e-07;1.09655e-06;9.48772e-09;1.75127e-08;2.99151e-08;1.29178e-07;9.88855e-08;1.33548e-07;1.49323e-06;7.04803e-07;1.39035e-06;3.54571e-06;1.90682e-05;3.64271e-07;2.53407e-05;1.22128e-06;1.5255e-05;1.00384e-06;2.55466e-08;1.10339e-07;9.30528e-08;1.00516e-07;5.1386e-07;9.25043e-08;5.02184e-06;2.22772e-07;3.06748e-07;2.15495e-07;1.59174e-07;2.25702e-08;5.792e-08;1.40331e-08;1.88322e-08;9.41418e-07;1.73321e-08;5.18623e-08;6.55071e-08;4.35782e-08;1.62598e-07;7.83966e-07;6.9719e-07;2.80632e-07;4.78783e-07;1.11706e-05;1.76562e-07;3.03075e-06;9.51186e-08;1.02751e-07;1.72418e-08;2.49987e-07;1.02759e-06;3.20719e-07;4.37772e-08;1.44384e-07;9.59781e-08;1.05212e-08;2.17102e-06;5.77221e-09;3.45402e-08;1.51471e-07;5.60113e-07;3.03666e-07;1.29541e-07;3.88209e-07;5.24137e-07;4.01761e-07;1.37891e-07;3.6038e-06;4.9423e-07;1.50544e-07;2.28218e-07;1.65359e-06;6.69849e-08;3.37525e-07;3.67796e-06;2.5534e-08;3.42231e-06;8.43459e-07;1.06012e-07;3.29158e-07;3.76283e-07;8.90127e-08;2.41708e-07;7.75671e-07;2.72988e-06;1.00859e-07;6.19281e-07;1.69118e-05;9.58957e-09;1.84227e-07;1.19374e-07;2.51824e-07;2.46107e-07;1.00044e-07;2.8508e-07;1.6622e-07;1.69013e-07;6.33797e-08;1.25406e-07;1.84723e-07;1.0264e-07;3.86417e-06;1.42967e-08;1.90181e-07;4.15805e-07;1.26681e-07;2.51888e-07;1.05463e-05;2.51369e-07;1.48691e-06;4.22697e-09;3.63356e-07;2.64116e-06;3.55942e-07;5.89132e-09;5.17567e-05;3.68071e-07;1.26393e-08;8.21663e-08;8.90479e-07;2.83701e-07;2.64796e-09;2.92956e-08;1.52707e-07;2.93035e-07;3.74855e-07;3.63e-07;2.82229e-08;6.15992e-07;1.42636e-05;6.57497e-08;1.44146e-07;1.73881e-07;2.17626e-07;4.94591e-07;1.55465e-08;4.34122e-07;2.02463e-07;1.08537e-07;2.12478e-08;3.19598e-07;1.42995e-08;2.87483e-07;1.10947e-06;1.76887e-07;7.0959e-09;6.14618e-08;3.3616e-07;6.44441e-06;1.73468e-07;8.19734e-09;1.2237e-07;3.40171e-07;1.96665e-07;1.14833e-06;4.23656e-07;9.66113e-06;1.78615e-05;1.83822e-06;2.11649e-06;4.39111e-07;7.8765e-06;1.50417e-06;4.14302e-07;2.3839e-08;7.3708e-07;1.55584e-07;9.33866e-10;1.44063e-06;9.31458e-06;6.32352e-07;3.68671e-06;3.55024e-07;5.68224e-07;2.1407e-05;2.79654e-05;4.04493e-07;1.80215e-06;4.79281e-07;2.70433e-09;2.12054e-07;2.21491e-07;2.66709e-07;1.40129e-06;2.89271e-07;8.47898e-07;1.21548e-07
1.92081e-08;1.99015e-06;1.35326e-06;2.51894e-08;2.06983e-07;4.0383e-06;3.8699e-08;1.05352e-06;3.19414e-08;3.42417e-08;2.44727e-08;4.42818e-08;3.71398e-09;8.80663e-09;2.58189e-08;2.68478e-08;9.71346e-07;1.79111e-08;2.07288e-08;1.45054e-07;5.24621e-05;4.79666e-09;2.38893e-08;3.2531e-08;1.99784e-08;6.20632e-09;6.26008e-09;5.17533e-08;7.26462e-08;5.75815e-08;1.28259e-07;4.258e-08;1.26334e-07;5.60708e-08;4.53318e-08;1.61089e-08;3.89112e-08;3.04218e-08;1.70247e-07;3.9771e-08;1.19911e-08;1.03413e-06;9.35563e-07;2.90731e-07;2.85622e-07;1.69601e-08;9.99109e-09;7.54039e-09;4.60211e-07;1.14962e-06;5.18868e-11;9.35052e-09;5.91437e-09;1.733e-08;9.12016e-08;1.28567e-08;5.66115e-08;7.84699e-08;3.44869e-08;8.14023e-08;1.02977e-08;3.34026e-08;6.20402e-09;1.6644e-07;3.05873e-08;6.17755e-09;6.52691e-08;3.70072e-08;8.19523e-08;1.99526e-07;1.49814e-07;2.99045e-08;3.46921e-07;3.18842e-08;1.75278e-09;2.30367e-08;2.87951e-08;7.83035e-09;2.19051e-07;2.09454e-08;3.93486e-08;3.43957e-07;8.02247e-07;2.85051e-07;2.04249e-08;1.68965e-07;6.19352e-07;1.99103e-08;3.32063e-08;1.73687e-08;6.06066e-08;2.56848e-07;6.0344e-08;7.6197e-09;4.64202e-06;5.98343e-06;9.81114e-08;1.3838e-08;3.16056e-08;2.38148e-09;9.80512e-07;1.13347e-07;1.58247e-08;2.45511e-09;2.00858e-08;3.21445e-09;2.86499e-08;4.27087e-08;2.23939e-08;7.04362e-09;9.77363e-08;3.5289e-09;4.11867e-08;1.48197e-08;1.99546e-08;1.33409e-09;1.45639e-08;2.04592e-08;9.47447e-09;7.56468e-09;3.20688e-08;1.59493e-09;2.77156e-08;2.07808e-08;8.29409e-07;6.1994e-07;8.93163e-08;3.26894e-08;3.72311e-09;1.01426e-09;2.22833e-08;3.43963e-07;1.57076e-07;4.54997e-10;1.33562e-08;9.65407e-10;3.53687e-08;1.83829e-06;1.66912e-07;1.68388e-08;2.09895e-08;6.23978e-09;1.4727e-08;1.06849e-08;8.28426e-08;4.94263e-08;4.69499e-08;3.06545e-08;1.06467e-07;9.8647e-06;1.14443e-07;3.92716e-08;1.19422e-06;7.96603e-08;1.38407e-07;1.09503e-08;3.91803e-08;1.18086e-07;6.66971e-08;4.16482e-08;1.61684e-08;2.74719e-07;1.08775e-07;6.00672e-06;6.55781e-08;7.9449e-09;5.17158e-08;8.29124e-08;2.68098e-08;1.53735e-08;3.99292e-08;1.53194e-07;2.03963e-07;9.17583e-08;2.43888e-07;4.61563e-08;9.36488e-07;2.49991e-07;3.0955e-07;4.31629e-08;1.0941e-08;5.95882e-08;2.78514e-08;2.13447e-08;1.84811e-09;2.80833e-08;2.27617e-08;4.46846e-08;1.91337e-08;9.60117e-08;5.9044e-08;5.36008e-08;2.53149e-07;7.69562e-08;2.84942e-07;1.4238e-07;3.76495e-07;7.30644e-08;5.96493e-07;5.48452e-08;5.26821e-08;5.83165e-08;1.23728e-07;5.43898e-08;1.56184e-07;9.03257e-07;1.03076e-07;5.11121e-08;1.18558e-08;2.12284e-08;3.15168e-08;1.66469e-07;4.35907e-08;4.69678e-08;1.84402e-08;1.81332e-07;7.34661e-08;4.58401e-08;8.14534e-08;1.16431e-09;1.049e-08;1.67996e-08;2.31588e-08;6.2248e-08;2.87399e-08;1.7772e-08;2.34315e-07;2.25464e-07;2.8892e-09;1.25782e-07;5.35299e-08;8.4648e-09;2.1524e-08;1.68046e-07;5.0844e-08;4.51332e-08;5.59942e-09;1.48262e-09;1.20294e-08;1.75084e-08;2.43744e-08;7.45471e-09;1.37928e-08;8.41655e-09;3.96303e-08;1.66698e-08;2.62055e-07;4.40497e-08;1.22912e-07;6.48382e-08;3.31222e-09;3.74301e-09;8.77615e-09;1.75131e-08;1.77501e-08;6.09688e-09;8.75011e-09;6.53037e-09;2.3192e-08;6.38994e-09;4.81358e-08;2.8762e-08;1.46661e-08;4.74941e-07;5.21989e-09;1.23597e-09;1.84778e-08;4.32933e-08;3.68102e-08;9.45648e-08;2.6686e-08;3.17148e-08;0.975111;0.000103761;0.00020941;0.000134154;0.0035231;0.00043372;0.0124105;0.00758314;1.00287e-06;8.35308e-05;3.8976e-06;0.000214584;5.34714e-05;9.54545e-06;4.2155e-09;4.67606e-08;1.0173e-07;2.78173e-08;7.32275e-08;2.45727e-09;1.28567e-08;3.81962e-10;7.46244e-09;2.01794e-08;4.56657e-08;4.57005e-11;7.15161e-09;3.14447e-09;2.10897e-08;3.44237e-08;4.22464e-08;2.35089e-08;7.36524e-09;5.79006e-11;1.87276e-09;1.68569e-11;9.36679e-09;9.91105e-08;5.01895e-09;7.91292e-10;4.77209e-09;1.70347e-08;7.76869e-08;6.88053e-07;1.47058e-07;6.51377e-08;3.49553e-06;2.93912e-08;7.18406e-08;3.29274e-08;3.46991e-08;5.43102e-10;2.94517e-08;2.19575e-08;6.0454e-08;5.60577e-08;2.67528e-08;7.32067e-10;1.9976e-07;1.6366e-06;2.1641e-07;2.81393e-08;2.74266e-08;5.8628e-09;6.97395e-07;1.96419e-09;7.27507e-09;2.52265e-08;2.18886e-10;9.75437e-12;2.69907e-09;2.30456e-10;2.34758e-09;3.83431e-08;5.82388e-09;5.91306e-08;4.4428e-10
1.53815e-12;5.87388e-10;1.05157e-10;5.84905e-11;2.12694e-10;4.94753e-10;1.4162e-11;1.96053e-09;7.48237e-10;8.53356e-10;9.86071e-09;1.26476e-09;5.3226e-11;2.36068e-09;9.13935e-10;2.25278e-10;3.41082e-09;5.32664e-10;8.57029e-10;3.45921e-10;1.40663e-08;1.38189e-09;7.97783e-10;1.80356e-09;1.03741e-08;6.35113e-09;5.22568e-10;6.93093e-10;3.86502e-10;2.07225e-10;1.58651e-10;1.06043e-09;2.0947e-09;4.69043e-09;1.54166e-10;1.03357e-09;6.66864e-10;3.40815e-10;6.35302e-09;1.38363e-08;2.09599e-10;7.13891e-09;4.81274e-09;1.42354e-09;3.20413e-09;5.71202e-10;7.29293e-11;7.91129e-12;2.78483e-11;1.49161e-12;4.37668e-12;4.50362e-12;6.70307e-11;7.47471e-10;6.67426e-09;2.83326e-10;5.96139e-10;4.06916e-10;2.35752e-10;6.99826e-10;2.61961e-11;1.93511e-10;2.69447e-11;7.43097e-10;6.17967e-10;7.49956e-09;1.74513e-09;3.2115e-09;1.53125e-09;1.09402e-09;2.62652e-10;3.99777e-08;8.99273e-09;3.59099e-09;6.91756e-10;9.43019e-10;5.38535e-10;1.51918e-09;3.12118e-09;2.16221e-10;6.17199e-10;1.50333e-08;5.44834e-09;1.41314e-09;1.73227e-09;1.69818e-09;5.28039e-11;4.16101e-10;7.46926e-10;1.61037e-10;5.27135e-10;1.67596e-10;3.40447e-10;1.7949e-10;1.34378e-08;8.65141e-09;9.20122e-11;8.26284e-11;1.45465e-10;6.30686e-10;1.99473e-09;4.22902e-10;8.7394e-11;8.25664e-11;1.28522e-11;8.23187e-11;9.07423e-09;4.48459e-10;3.75511e-10;2.78384e-08;1.93942e-08;1.18516e-09;3.42027e-09;4.06982e-10;2.38015e-10;9.00562e-12;2.21866e-11;5.58019e-09;2.5355e-10;1.46281e-08;1.34178e-07;2.42707e-08;5.95266e-09;9.88997e-11;8.6882e-11;3.31113e-11;3.48235e-11;2.10216e-11;2.80854e-12;1.21857e-11;3.5268e-09;2.01617e-09;2.56866e-10;1.63811e-08;2.71171e-08;1.49423e-08;3.76351e-10;1.07082e-09;2.80191e-10;3.82328e-11;2.24789e-11;1.37683e-11;2.59384e-10;4.42055e-10;9.26855e-09;3.73339e-08;1.17796e-10;2.76364e-10;2.00766e-10;2.70606e-10;3.32967e-11;1.28381e-11;1.47663e-10;2.36197e-11;5.29118e-11;6.63305e-10;5.13904e-08;3.55361e-08;6.54107e-09;2.65456e-10;5.52829e-10;5.09735e-10;8.1528e-11;9.08391e-10;1.19804e-10;1.48163e-10;4.85917e-08;1.90818e-07;1.09656e-08;7.72789e-10;8.06695e-10;5.16679e-10;8.2617e-11;5.36341e-12;9.27243e-11;3.27438e-11;1.99889e-10;8.63673e-09;5.2768e-08;1.46333e-09;2.52697e-10;4.69363e-10;1.19024e-11;1.5431e-10;2.82118e-10;1.52549e-11;4.73608e-11;2.99331e-09;7.10205e-09;2.01033e-09;5.30109e-10;5.8497e-10;7.54915e-10;6.00539e-10;6.55551e-10;2.38166e-09;2.73511e-11;1.5777e-09;5.29757e-08;2.90809e-08;1.34667e-09;1.2668e-09;3.37606e-10;5.20703e-10;1.12126e-09;1.81459e-09;2.36263e-10;7.25408e-10;1.61555e-09;4.19205e-10;2.94215e-07;2.53332e-08;8.61356e-09;2.77452e-10;2.26804e-10;1.5897e-10;9.92461e-11;9.09666e-10;4.54508e-09;8.07771e-11;1.12713e-10;3.053e-10;3.0291e-10;8.02028e-10;4.34406e-10;1.27619e-09;2.84263e-10;2.63929e-10;6.26396e-09;2.92489e-09;3.95785e-10;2.3601e-09;2.27344e-09;6.9988e-09;3.3404e-09;6.63925e-09;1.03258e-08;1.52529e-10;7.4366e-11;1.82473e-09;3.92782e-10;9.0778e-11;8.50268e-11;1.04082e-10;5.06108e-10;3.65455e-10;3.01363e-10;1.4718e-10;6.00108e-09;1.59555e-10;9.35745e-10;2.0374e-10;3.52669e-10;6.84203e-10;4.50259e-10;3.60191e-10;9.08659e-11;1.36256e-10;5.2136e-10;1.17033e-09;5.9926e-09;4.82339e-10;2.71386e-08;1.36572e-09;2.15675e-09;5.3963e-10;7.2425e-10;1.25374e-09;1.71121e-09;2.83366e-10;6.98017e-10;1.4224e-10;2.52523e-07;7.37414e-08;1.58015e-07;6.32614e-08;0.000128979;1.34039e-07;4.36859e-07;6.79292e-05;3.25858e-07;2.17636e-07;1.11705e-07;0.999722;7.59836e-05;8.16007e-08;3.46536e-09;2.14916e-10;1.06267e-10;5.78002e-12;5.19222e-10;1.88766e-11;7.34615e-12;3.36635e-11;1.6631e-09;3.79017e-10;1.41844e-10;6.56339e-10;1.16533e-09;6.22896e-10;4.65605e-10;2.40536e-11;2.04478e-11;2.00525e-11;3.73686e-11;8.35786e-12;1.45901e-12;5.42949e-11;6.63853e-10;8.18582e-11;1.46798e-06;1.50865e-07;4.48735e-09;3.07395e-10;3.86701e-09;3.36362e-09;2.08241e-09;8.86726e-10;9.50726e-08;5.04917e-10;2.01916e-11;2.7602e-09;3.66968e-10;6.74493e-10;6.06189e-10;2.95759e-10;9.54768e-11;2.03213e-10;8.18285e-10;3.19849e-08;3.62928e-09;1.07932e-09;1.02882e-09;2.08862e-09;1.49818e-09;2.90289e-10;2.18649e-08;7.87722e-11;2.52804e-09;5.69021e-10;2.39989e-10;1.11797e-11;1.23877e-10;4.00152e-09;3.35195e-09;7.37473e-10;4.3095e-10;3.33758e-10;3.57747e-09
1.02785e-05;0.000214967;1.9653e-05;1.07058e-05;1.54623e-06;4.80534e-06;2.21766e-06;7.84424e-06;2.18129e-05;1.13216e-05;2.53594e-07;4.46471e-05;5.27476e-08;5.69026e-05;3.36383e-06;1.61136e-06;2.27477e-06;1.76159e-06;1.23739e-05;3.35947e-06;1.91348e-06;6.60779e-05;3.92977e-06;2.16342e-05;3.69507e-05;1.02565e-05;1.06951e-05;7.0965e-05;1.85785e-05;1.44274e-05;3.04819e-06;5.936e-06;3.79063e-06;8.43738e-08;4.44849e-07;1.18241e-05;3.63739e-06;9.17057e-07;2.25629e-07;3.85446e-07;3.07039e-08;4.40814e-05;2.15419e-05;2.84287e-05;1.83521e-05;1.34245e-05;9.45522e-07;2.49915e-06;4.74933e-06;1.82263e-06;4.19492e-06;8.33336e-07;1.40069e-07;1.62217e-06;1.14471e-05;8.1164e-06;2.22614e-06;4.12281e-05;1.83002e-06;1.90873e-05;3.96684e-06;4.09034e-05;3.42651e-06;6.54993e-06;3.59145e-06;4.03693e-05;5.57107e-06;5.31948e-06;1.35715e-05;9.42687e-06;2.00419e-06;2.39631e-06;1.40685e-06;6.88816e-08;5.28631e-07;4.49533e-06;5.67549e-06;7.95236e-07;3.69645e-05;9.8252e-07;5.67896e-06;5.8717e-06;7.07056e-06;1.24951e-05;2.77782e-06;5.61062e-07;1.32195e-08;1.29392e-07;2.70374e-06;1.26617e-06;2.77734e-05;1.70303e-06;3.15907e-06;1.8166e-05;1.63314e-05;4.72222e-06;9.75209e-07;4.33567e-07;4.85415e-07;1.6944e-05;9.05963e-06;8.00403e-06;2.94771e-06;1.28728e-05;4.81265e-08;1.7504e-07;3.89919e-05;1.70165e-06;1.46636e-06;8.74144e-07;3.30939e-06;7.15946e-07;1.14546e-05;3.11513e-06;1.80132e-06;1.26268e-07;1.8853e-06;5.14317e-07;2.56449e-07;1.62301e-05;2.98938e-05;7.77605e-06;4.47696e-06;8.36756e-07;8.77093e-06;9.25275e-07;4.68368e-08;6.80684e-08;4.7446e-10;6.28985e-08;6.30829e-06;2.145e-06;1.13829e-06;5.53441e-06;1.43923e-05;5.65899e-06;1.31883e-05;3.70233e-05;2.51906e-05;4.83949e-06;2.39611e-07;9.87966e-08;7.43453e-07;1.07972e-05;2.08393e-05;2.33693e-05;1.65175e-07;1.7841e-06;7.33144e-06;4.09951e-06;2.3285e-06;1.85755e-07;4.30921e-07;5.53994e-08;6.41328e-07;4.16828e-06;5.30899e-06;1.43075e-05;5.09822e-06;1.64014e-05;3.1669e-06;2.59755e-06;7.82279e-08;2.59699e-07;7.143e-08;1.76998e-07;1.86941e-05;9.60589e-06;1.62147e-06;2.04041e-06;3.61839e-06;2.71802e-06;1.78346e-06;4.87929e-07;1.09333e-06;3.30334e-08;4.70903e-07;3.76989e-06;2.22404e-05;3.79542e-07;1.36843e-05;1.05883e-05;4.5428e-06;1.21189e-06;5.24158e-06;1.12297e-06;4.70079e-06;3.82194e-05;5.60541e-05;3.99825e-06;2.3366e-06;2.44225e-05;1.9833e-05;1.65535e-05;2.13566e-06;1.02192e-05;1.72809e-07;3.95348e-06;3.02278e-05;4.34616e-05;2.7065e-06;1.77993e-05;4.08974e-06;5.37267e-06;3.366e-07;1.61408e-07;5.30663e-08;1.11518e-06;7.45677e-06;6.48687e-06;5.10823e-05;1.76255e-06;1.29819e-05;1.70111e-06;6.78144e-06;1.35496e-06;2.07163e-06;1.12154e-06;3.6748e-06;1.67416e-07;1.15593e-06;2.37862e-06;2.87119e-06;2.69752e-06;2.28543e-06;3.05459e-05;2.41814e-06;6.4973e-06;0.000153277;2.74455e-05;8.4475e-06;2.83654e-05;7.45912e-06;2.70702e-05;7.73234e-06;1.52882e-07;6.36015e-06;9.62016e-09;1.27426e-07;2.74371e-06;1.92667e-06;2.9692e-06;1.11481e-06;2.80411e-07;3.93366e-06;1.20426e-05;4.71586e-06;1.86977e-06;1.18623e-06;1.12141e-07;4.60678e-08;5.24724e-07;5.03811e-06;2.74813e-06;5.08119e-06;3.13773e-06;1.21624e-05;2.21524e-06;2.83528e-06;6.1122e-05;8.41848e-05;8.93711e-05;0.00235555;6.69861e-06;2.59741e-06;1.2382e-05;9.57969e-06;2.86439e-06;2.42646e-05;3.94031e-06;9.09134e-06;6.57016e-07;2.73966e-09;6.86035e-06;1.03491e-05;5.86745e-06;7.3493e-08;1.58692e-07;1.91255e-10;2.29555e-06;1.31701e-05;3.75164e-06;8.86069e-06;1.79604e-05;5.10003e-06;2.91547e-07;1.6623e-05;0.000196282;5.25336e-05;1.98822e-06;4.50343e-05;1.43562e-07;4.92507e-10;2.32076e-07;1.37802e-05;1.18905e-06;2.19319e-06;2.49455e-06;4.2713e-06;1.83816e-06;2.73127e-06;1.3193e-05;1.87525e-06;4.95812e-07;1.972e-06;5.56543e-06;1.99593e-08;3.6437e-08;7.41026e-06;2.13915e-06;6.31087e-05;6.49217e-05;4.13454e-06;1.18333e-05;0.00487414;0.00601241;0.0013089;0.705896;0.262426;0.012098;2.61319e-05;0.0011665;8.03285e-05;9.71624e-09;2.52966e-05;7.11921e-06;2.91175e-08;5.88339e-06;2.97225e-06;5.43449e-05;4.73926e-05;3.06719e-05;4.86997e-06;1.71817e-05;3.26608e-06;1.53832e-06;6.32585e-05;1.0815e-08;9.45681e-06;4.67046e-06;4.90908e-06;1.12417e-08;3.40293e-07;8.48179e-08;7.334e-06;5.59387e-06;6.4283e-06;8.65423e-06;1.15622e-06
3.32701e-07;2.36997e-06;1.15566e-07;6.90586e-07;7.86783e-09;2.00765e-07;8.38985e-08;7.78681e-06;1.02447e-06;5.68556e-07;4.16946e-07;4.2721e-05;1.06343e-07;3.95958e-07;1.05434e-07;1.58399e-07;6.6536e-07;6.3751e-08;2.78982e-06;3.31232e-07;6.10197e-06;8.59109e-08;1.22678e-07;9.92061e-08;4.30856e-07;1.41058e-07;3.72917e-07;6.17409e-06;4.2775e-08;3.01745e-07;4.36011e-07;1.84074e-06;2.61738e-06;5.97315e-08;5.56734e-08;9.67986e-08;7.90877e-08;5.52465e-08;1.17886e-09;3.06146e-09;1.22288e-09;3.89787e-06;1.01239e-07;1.9121e-07;6.04449e-07;4.29193e-07;1.19043e-07;4.81791e-08;2.4484e-07;2.41138e-07;1.52474e-07;6.32779e-09;9.92202e-10;1.68451e-08;9.94547e-10;3.9778e-08;3.53728e-08;4.76878e-07;9.04013e-08;3.11804e-07;7.90018e-07;2.67366e-06;1.11014e-07;1.26242e-07;3.85267e-08;1.02171e-06;3.8841e-07;1.29376e-07;3.54715e-07;6.72249e-07;1.01555e-06;1.77661e-06;2.4255e-05;4.80413e-08;4.8524e-08;1.03277e-07;2.28252e-07;4.04807e-08;2.09336e-06;1.18309e-07;8.83201e-07;1.64655e-07;2.28399e-07;1.08845e-06;2.62599e-06;2.64258e-07;5.49503e-09;6.43576e-09;1.56064e-07;1.44636e-07;2.88602e-07;1.18743e-07;9.06543e-08;1.4975e-06;3.39272e-05;2.49397e-08;1.54265e-06;9.10621e-08;1.40978e-07;3.99537e-08;9.44479e-08;4.95426e-07;1.11342e-07;2.47038e-07;1.64928e-08;6.00707e-09;1.37632e-07;8.81107e-08;1.426e-07;6.03857e-09;3.16474e-08;3.43229e-09;6.05201e-08;6.3095e-08;9.30776e-09;1.89202e-08;3.53252e-07;2.0099e-08;1.35944e-08;1.0755e-07;2.47578e-07;3.9003e-08;9.04184e-08;1.2117e-08;4.91758e-08;5.05969e-07;3.86976e-07;3.09723e-07;7.07566e-09;2.1772e-08;1.48896e-07;8.78854e-08;6.129e-08;8.34412e-09;1.67362e-07;2.6009e-09;3.32567e-08;3.99342e-07;9.42908e-07;1.73334e-06;6.57349e-07;6.5202e-09;1.90874e-08;2.04866e-07;1.69058e-08;1.63751e-06;1.19272e-08;1.17492e-07;3.8686e-08;1.48697e-07;1.62459e-07;2.34034e-08;2.31018e-07;9.46337e-09;1.53222e-08;5.19872e-08;8.56232e-10;1.48158e-07;2.67308e-08;1.10936e-07;5.77276e-08;2.08868e-07;5.88637e-07;7.99687e-07;6.1762e-09;1.97747e-08;3.64156e-08;2.42758e-07;4.86674e-08;6.53065e-08;6.83408e-08;8.29604e-08;1.23832e-07;6.46634e-07;8.65571e-07;1.81076e-08;7.65996e-08;1.3124e-08;7.84395e-07;1.44733e-08;5.9007e-08;2.90207e-07;2.9326e-07;2.86202e-07;1.49222e-07;3.11006e-08;2.39568e-08;1.64302e-07;4.01681e-07;1.5089e-07;4.71744e-07;2.99492e-07;1.5175e-06;1.12659e-06;4.25731e-06;5.3895e-07;2.10242e-08;2.45661e-07;2.40169e-07;1.49675e-06;1.11018e-07;7.8285e-07;3.78538e-07;1.54347e-07;1.82135e-06;3.32e-07;2.3704e-08;3.648e-08;3.72878e-08;1.30824e-07;4.0442e-08;1.03845e-07;1.48753e-07;3.29833e-07;1.77562e-07;7.35028e-08;3.80426e-07;6.23054e-06;9.65021e-07;1.42162e-07;1.21196e-07;4.15343e-08;2.59808e-07;2.45112e-07;1.09029e-07;5.44573e-06;8.00342e-06;2.07601e-06;0.994287;0.00363111;0.000396381;0.00134345;4.1377e-08;8.91435e-07;8.86386e-07;4.56059e-07;1.56789e-05;1.7543e-09;5.00045e-08;2.64205e-07;2.21156e-07;1.41365e-06;8.87239e-07;6.80174e-08;5.59467e-08;1.73773e-08;7.33431e-07;4.67397e-07;1.0549e-06;5.39827e-06;9.72316e-08;3.04873e-07;3.68314e-08;1.61864e-07;7.9167e-08;6.13003e-08;1.32919e-07;1.03699e-07;1.39484e-07;1.9916e-07;4.61517e-07;6.6392e-07;3.66038e-05;3.72262e-06;6.22299e-08;7.39591e-08;2.33488e-07;8.82641e-08;2.1279e-07;3.34403e-08;3.67801e-07;2.52584e-08;6.08643e-11;1.3218e-09;1.09474e-07;1.46958e-07;3.61931e-07;1.77519e-08;6.50238e-10;1.64701e-10;6.21442e-08;2.15822e-07;1.4885e-07;3.5941e-09;3.70377e-08;4.23318e-07;1.83871e-07;9.84082e-08;1.37355e-06;4.40177e-07;2.21664e-05;9.64706e-07;1.99486e-09;2.53567e-07;6.48583e-07;1.19645e-07;7.55475e-08;5.67711e-08;5.58488e-07;1.12151e-07;1.16487e-07;2.62998e-08;1.06519e-07;2.99173e-08;5.24427e-08;1.57035e-06;6.26212e-08;1.83494e-09;1.30716e-07;6.34159e-08;1.52108e-08;2.93688e-07;1.11874e-08;1.18829e-07;2.59478e-08;2.49451e-07;1.65056e-07;1.9116e-08;5.84468e-07;1.03496e-09;3.5875e-09;1.26743e-07;5.33163e-08;1.20247e-09;6.84829e-07;1.45346e-06;2.12519e-06;2.55851e-06;1.69965e-07;3.23211e-08;1.32273e-07;3.20922e-06;1.72736e-07;4.40296e-08;2.55753e-07;2.46768e-07;1.96131e-07;6.04123e-11;6.84279e-08;2.19126e-07;1.30631e-06;1.78907e-07;4.08659e-09;1.08005e-08;9.92158e-08;5.25473e-07;3.43804e-07;3.32923e-09;6.19094e-09
4.48488e-08;7.65527e-08;2.0535e-07;3.76187e-08;1.73644e-08;2.67552e-06;4.6575e-07;4.67145e-07;3.60599e-06;8.67005e-07;3.9813e-08;2.11468e-06;2.23823e-07;1.55449e-07;1.08504e-07;5.52018e-07;9.0365e-08;1.09377e-07;3.96935e-07;9.16206e-07;1.18536e-06;4.59736e-08;7.73296e-08;2.46469e-09;6.2785e-06;1.38752e-07;5.26265e-07;1.25953e-06;1.47292e-09;5.46204e-07;2.00495e-07;1.07205e-08;6.15577e-05;4.37021e-09;3.64414e-07;1.66145e-06;1.50608e-07;8.79244e-08;1.44096e-06;2.51356e-06;5.32919e-08;3.18182e-08;2.87226e-09;1.01689e-08;9.26624e-08;4.88972e-08;4.92734e-08;5.17275e-09;3.79316e-08;3.54954e-08;5.60616e-09;2.19342e-08;5.30571e-08;1.26366e-07;3.5394e-08;7.4033e-08;6.77687e-08;1.27756e-07;2.32101e-07;1.02908e-06;6.41696e-07;9.86153e-06;3.65187e-05;1.03717e-06;1.03857e-07;1.20383e-05;7.67526e-07;5.56096e-07;4.9667e-09;6.97558e-07;1.5678e-07;1.41923e-09;2.23485e-05;1.02831e-07;1.67147e-08;1.9612e-07;3.08833e-07;2.33418e-07;7.91097e-06;1.14753e-06;5.34316e-07;1.82636e-09;1.04971e-08;3.23329e-07;3.17203e-09;4.3845e-06;2.11742e-08;5.27481e-08;1.25235e-06;9.64109e-08;4.4905e-08;1.70348e-07;3.7442e-07;3.92431e-09;7.53771e-06;3.18745e-08;3.71275e-06;4.00727e-06;7.76165e-07;2.62265e-08;1.33676e-07;9.59964e-07;7.40596e-08;4.36272e-05;7.43065e-08;6.4855e-09;1.11841e-06;1.13111e-07;3.1031e-07;2.26471e-07;7.07978e-07;2.04955e-07;1.99661e-06;1.22082e-07;3.97812e-07;5.23953e-10;2.46913e-05;1.41812e-07;2.58535e-07;4.49728e-08;7.55106e-07;8.86623e-08;1.28089e-07;5.60078e-11;3.7541e-09;3.14831e-09;6.57465e-08;7.75142e-06;7.77882e-09;1.90065e-08;1.18371e-07;1.14292e-06;4.71641e-07;2.38344e-08;5.25979e-06;8.9526e-08;3.89555e-08;2.58587e-07;1.3283e-06;5.72319e-06;8.83109e-06;8.27742e-08;3.67045e-06;1.95725e-06;9.33035e-08;5.04989e-05;4.53932e-08;1.05421e-06;5.86092e-08;1.8933e-07;2.76728e-06;1.33185e-07;3.77324e-06;3.14918e-07;4.35937e-08;2.94246e-07;2.56955e-09;3.53989e-07;1.04099e-07;8.49549e-08;1.46192e-07;5.80383e-07;9.86637e-08;7.15238e-05;2.69735e-08;5.08488e-07;5.1401e-08;2.6683e-07;1.06843e-07;4.85158e-07;1.36193e-07;8.70846e-08;6.16384e-07;5.36093e-07;0.000121799;1.46037e-07;1.08218e-06;4.40949e-08;2.38328e-06;2.67329e-07;6.26952e-09;2.37948e-07;1.14764e-07;2.81705e-08;4.52859e-06;2.97262e-07;1.87714e-07;1.15001e-07;3.34876e-06;2.3064e-07;6.58189e-07;1.10751e-07;5.92475e-07;2.58653e-07;8.00779e-07;1.65421e-05;2.2779e-07;3.75181e-06;3.89514e-07;3.13211e-05;4.83975e-07;9.13508e-08;1.37517e-07;5.58029e-08;1.37951e-08;2.51527e-05;1.37741e-07;2.94592e-07;2.8843e-07;1.45006e-07;7.28991e-09;2.0978e-07;3.79602e-07;4.51965e-07;1.79302e-09;6.49446e-08;2.57532e-07;2.27727e-09;1.52802e-06;1.58904e-07;5.58939e-08;1.16737e-07;2.9853e-07;3.22014e-07;3.39938e-07;8.80885e-08;3.85231e-07;4.99193e-07;7.11669e-07;2.8311e-05;4.34347e-07;7.27934e-06;3.46604e-06;0.000199214;3.56112e-05;0.000110823;0.992853;0.000612011;0.00426675;2.47665e-05;4.08061e-06;0.000265913;0.000752193;8.29307e-06;7.72667e-08;8.68876e-10;4.21745e-08;2.2547e-08;1.72905e-09;8.5902e-07;1.48057e-08;5.38583e-08;4.18223e-07;1.00395e-05;1.76285e-06;3.42632e-08;3.08644e-06;1.88233e-07;1.01808e-07;5.80374e-08;7.58426e-07;5.83534e-07;3.79945e-09;1.28689e-06;2.17506e-07;2.37664e-06;1.6698e-07;7.08504e-07;1.53815e-07;2.83255e-08;1.12469e-06;4.94488e-07;1.61077e-10;1.11566e-10;3.09972e-08;1.03811e-07;1.94041e-10;1.44771e-06;1.27142e-08;6.44593e-09;1.4894e-07;8.3377e-06;5.52051e-07;7.49612e-10;3.06226e-06;1.80302e-07;1.94962e-06;1.04634e-08;1.52351e-08;2.90679e-08;1.29967e-08;1.09927e-06;3.08783e-08;6.42672e-08;7.03784e-07;8.06146e-07;2.93355e-07;4.46116e-10;1.38743e-05;9.80864e-06;1.11489e-07;4.44313e-09;3.28568e-07;1.94488e-07;4.76545e-11;1.54411e-05;1.02246e-07;1.14036e-09;3.30924e-07;1.42722e-07;3.54959e-09;1.41406e-05;4.4444e-08;1.93498e-07;9.48381e-09;4.79484e-07;1.00842e-07;1.25474e-10;1.02389e-07;1.09908e-09;4.32331e-07;6.89715e-07;1.72661e-06;4.53647e-10;8.68677e-07;4.03118e-06;1.24305e-10;1.8944e-07;1.80949e-05;1.80664e-07;1.15327e-07;2.38738e-06;1.92724e-07;1.2512e-05;7.87821e-07;6.68601e-07;3.29558e-07;1.48705e-10;1.00638e-08;5.41699e-07;8.04097e-12;3.41299e-08;5.65971e-09;1.40716e-09;4.07766e-09;9.21085e-08;1.18435e-06;4.81734e-10;1.99494e-06
4.29239e-07;3.1763e-07;4.2776e-07;1.65563e-07;2.53327e-07;2.45765e-07;3.09266e-08;1.5421e-07;1.12043e-06;1.09829e-07;3.03302e-07;1.59614e-09;1.31634e-07;5.86571e-07;2.24793e-07;3.42332e-07;2.224e-07;7.2551e-08;2.20977e-07;7.22947e-07;3.95475e-08;8.94093e-07;4.39629e-07;1.33141e-07;2.64236e-07;8.92014e-08;8.24308e-07;3.35865e-09;1.12654e-07;4.78654e-07;1.24869e-08;2.25376e-08;2.28378e-06;1.84573e-10;7.46452e-08;1.74005e-07;1.30553e-07;9.5102e-08;1.03761e-07;7.19147e-08;2.56729e-08;2.28902e-07;3.87469e-07;1.17979e-08;2.04635e-08;1.04786e-06;3.61889e-08;6.42703e-08;1.2573e-08;7.92035e-09;2.61515e-09;2.03496e-09;6.47558e-10;4.90893e-07;1.68541e-09;2.43857e-07;2.58437e-08;2.48286e-07;6.95938e-07;1.62991e-07;1.5581e-05;9.09744e-07;3.57552e-06;2.23254e-07;7.49083e-08;2.32437e-05;1.753e-07;4.63105e-07;8.03019e-08;9.84797e-08;1.16582e-07;3.14736e-09;1.84903e-07;5.48612e-09;4.69934e-08;8.55968e-08;3.01556e-07;1.10327e-06;8.4882e-08;1.68623e-07;7.30908e-07;5.64025e-08;1.75856e-07;4.79036e-08;3.28879e-06;1.40231e-07;9.08892e-08;1.47285e-09;5.91554e-07;1.53118e-07;4.50736e-07;8.17849e-07;4.3261e-08;6.31909e-09;1.88205e-07;1.6318e-08;1.20946e-06;2.89031e-05;3.13851e-06;1.55118e-07;7.54793e-08;1.74434e-08;5.39159e-08;2.07149e-07;1.06229e-08;9.00986e-11;3.19207e-07;3.7385e-08;1.08242e-07;1.75601e-07;9.67706e-07;1.8223e-08;1.8331e-07;1.2369e-07;8.24529e-08;7.34892e-09;7.53658e-08;6.29039e-08;1.17908e-07;6.06872e-08;2.32639e-07;4.1556e-07;3.24467e-07;1.80238e-07;8.14934e-08;4.02272e-08;2.46061e-08;7.00308e-05;9.55837e-09;1.3966e-08;4.99694e-08;2.06326e-07;3.01121e-07;3.59922e-09;1.95489e-06;5.55207e-09;8.60198e-07;2.1831e-07;4.20633e-07;4.8687e-09;7.84174e-08;1.00261e-08;2.729e-09;1.40258e-07;2.97173e-09;1.40004e-06;6.49839e-09;4.00222e-07;1.29241e-06;2.88755e-07;5.52334e-07;4.96815e-09;1.72961e-08;9.75572e-07;1.64434e-09;1.2571e-07;4.06626e-09;1.94341e-07;2.2014e-08;3.33285e-07;1.00349e-07;3.18378e-07;2.41622e-07;9.85928e-07;1.3151e-07;5.40979e-07;1.10518e-06;2.2228e-07;2.84543e-06;3.15307e-07;1.42705e-06;1.81339e-07;6.25089e-07;5.77976e-08;1.46637e-06;9.81722e-06;1.69471e-06;2.43529e-08;3.20501e-08;1.74568e-05;3.25587e-07;7.16724e-08;8.52437e-08;1.88227e-09;2.7885e-05;5.70611e-09;1.00024e-05;3.68084e-06;8.95378e-06;3.19878e-07;7.17675e-07;4.07116e-07;7.60571e-07;6.50763e-09;5.72188e-06;9.4885e-06;3.5993e-08;7.21536e-07;3.37353e-08;2.78482e-07;4.4181e-08;6.84842e-07;2.6738e-07;1.17214e-07;4.20253e-07;1.41448e-06;4.02923e-06;4.16863e-07;7.32841e-07;1.12369e-07;2.18638e-08;1.62245e-08;4.06984e-08;2.0079e-07;1.82895e-07;2.89727e-07;1.28572e-07;1.136e-09;1.11622e-06;7.07801e-09;7.77602e-09;1.02917e-07;6.74843e-07;1.26704e-07;3.83234e-07;1.57997e-07;6.35858e-07;4.40426e-07;6.2051e-07;1.22532e-05;2.85029e-07;2.58403e-07;7.7295e-07;2.19432e-06;1.57789e-07;2.63842e-08;2.09815e-05;1.256e-07;9.40739e-07;2.88066e-07;1.2251e-07;3.98601e-08;3.03659e-06;2.79162e-07;1.09963e-07;4.80547e-07;2.8168e-07;1.06046e-07;1.40345e-06;3.11802e-07;4.68208e-09;2.75855e-07;1.25288e-07;1.45334e-07;1.1423e-07;1.26187e-07;1.06921e-06;1.38919e-08;4.43211e-08;2.68695e-07;6.9185e-07;1.76972e-07;2.3013e-09;8.02936e-08;8.95454e-08;8.53812e-07;3.59737e-07;1.81728e-07;9.36781e-09;1.10492e-07;1.39091e-06;9.79759e-08;1.13621e-09;3.28093e-07;4.68757e-08;1.31929e-07;4.50927e-10;4.23708e-07;1.18067e-09;5.26721e-09;5.02756e-08;4.41985e-08;4.39922e-08;1.98539e-12;1.90779e-08;2.90935e-08;1.8768e-06;6.01806e-07;4.52793e-08;2.05434e-09;1.47492e-05;8.07887e-07;2.23848e-09;1.11801e-10;1.11317e-07;3.9728e-07;7.32728e-08;1.10835e-09;1.05507e-06;2.26343e-08;8.81654e-08;4.13508e-08;1.23333e-07;1.30704e-07;1.1452e-08;1.60621e-06;4.93792e-09;1.13298e-10;9.36809e-08;2.67606e-07;6.55493e-10;1.36284e-06;5.12865e-10;6.37485e-08;1.11132e-07;1.81741e-07;2.20826e-08;1.09071e-07;4.41136e-09;1.65569e-10;1.35614e-08;1.08797e-05;6.04496e-06;0.997342;9.66773e-05;4.12159e-06;0.000118608;5.75238e-05;0.00025147;0.00033101;0.000328852;0.000304406;4.98213e-06;0.000334087;5.95676e-06;0.000218307;9.67816e-08;0.000193493;1.11787e-07;1.1834e-06;2.09808e-10;1.13219e-09;5.43617e-09;2.22513e-09;2.8807e-07;2.86677e-06;1.08066e-06;1.01225e-09;5.44176e-07
1.4328e-08;2.60361e-06;1.58754e-08;1.75457e-08;1.97637e-08;1.81684e-08;6.51567e-10;8.69859e-09;2.10462e-08;5.38142e-09;1.639e-08;1.11595e-09;4.28626e-09;3.40276e-07;3.89239e-09;5.51474e-08;6.29017e-09;3.55913e-09;4.36583e-10;1.00902e-08;1.92477e-09;4.03112e-06;9.0523e-09;8.3807e-08;2.02418e-08;1.34866e-09;7.97785e-09;1.14985e-09;1.20344e-06;3.45121e-09;8.07807e-11;6.67692e-10;1.38131e-10;4.09909e-13;3.71182e-13;1.29655e-07;3.53872e-09;3.38956e-09;1.2608e-10;1.52681e-10;1.5695e-10;1.08526e-08;1.98893e-08;5.83534e-10;3.34784e-08;5.87806e-08;2.83541e-10;8.21623e-06;6.08929e-09;2.23216e-09;5.04326e-08;2.89983e-10;1.62976e-09;1.02273e-09;1.09712e-09;6.23451e-09;1.99814e-09;8.25688e-06;7.79297e-09;2.94307e-09;9.98292e-07;3.0442e-09;2.16237e-08;1.39408e-10;2.26841e-08;2.43458e-07;3.32764e-09;1.47987e-08;2.19895e-05;1.07185e-07;3.63921e-08;1.5925e-07;8.75775e-09;8.67179e-11;2.27443e-10;1.75545e-08;5.67064e-09;1.22494e-07;3.55305e-08;1.39484e-09;1.01001e-07;3.67373e-06;4.66004e-08;8.61294e-08;4.5489e-08;2.58033e-09;4.23847e-10;1.49696e-12;1.92081e-08;1.48694e-08;2.87542e-06;7.47102e-09;3.11923e-09;5.32455e-09;3.68888e-09;2.43281e-11;6.12409e-11;5.59228e-08;1.39603e-08;3.30013e-06;1.68234e-09;2.8524e-10;2.63495e-08;1.82411e-10;2.13878e-11;1.32163e-13;1.02548e-06;1.45081e-09;2.45612e-09;2.21013e-09;9.70656e-10;3.1756e-11;6.35213e-07;3.00483e-09;5.83213e-09;3.63994e-08;2.73081e-09;3.2213e-10;4.36809e-13;1.58045e-07;8.42517e-09;7.95911e-10;1.26928e-07;0.993693;0.000377699;1.42729e-05;0.00508163;0.000322447;1.032e-06;3.03833e-08;0.000157867;2.3087e-06;9.14624e-07;6.0206e-06;3.62266e-06;4.14353e-08;6.3578e-05;1.73055e-07;1.54904e-07;2.31106e-08;4.10921e-08;1.35855e-09;2.12809e-10;1.91337e-07;7.32051e-09;1.7188e-08;6.1612e-10;2.2009e-08;1.15346e-05;1.3812e-08;1.36885e-08;1.05236e-07;3.88452e-10;8.7208e-10;1.73786e-13;1.38124e-08;7.17164e-10;6.83186e-10;3.45083e-10;1.25319e-06;3.94483e-09;1.55888e-08;5.29534e-08;2.38838e-09;2.70535e-09;2.69199e-11;2.25096e-08;4.09102e-09;7.29415e-09;7.41474e-09;1.10091e-05;1.74567e-08;3.65656e-08;1.08106e-07;5.56091e-09;1.1014e-08;1.58515e-09;1.9742e-07;1.84302e-09;3.27426e-09;8.50131e-06;9.27771e-09;1.60012e-09;1.61476e-06;2.00342e-06;1.48392e-10;2.64356e-09;4.40156e-07;2.45316e-08;1.109e-08;2.27705e-08;1.5857e-05;1.22264e-07;5.24983e-09;1.56056e-07;1.17444e-07;7.57072e-10;1.54675e-09;5.29261e-09;5.50316e-09;3.90193e-10;9.99054e-06;1.44552e-07;6.76326e-08;2.74838e-07;1.06017e-08;1.43008e-08;3.70441e-10;2.28126e-06;1.34738e-08;5.27838e-08;6.02439e-10;1.13432e-08;8.64838e-09;5.50052e-06;9.9043e-09;4.59204e-09;1.88383e-09;2.218e-09;1.29564e-11;6.08563e-13;1.64078e-08;2.08781e-08;1.40292e-08;1.15795e-08;3.10362e-06;1.00698e-08;1.22093e-08;4.36882e-07;3.96505e-09;2.69672e-09;2.45845e-10;1.07169e-06;1.94902e-08;9.01829e-10;1.28478e-11;1.45743e-09;1.70564e-13;3.75046e-12;1.22426e-07;8.38955e-10;4.82929e-08;3.27682e-09;2.63529e-09;1.71491e-08;8.28535e-06;5.58385e-08;3.29549e-09;2.8964e-07;7.42467e-12;2.17196e-11;3.97321e-11;3.45671e-07;1.37501e-09;4.85995e-09;2.09241e-08;1.6516e-08;1.72436e-10;6.23495e-09;1.25399e-06;8.86872e-09;9.45303e-09;8.41163e-11;5.64269e-11;1.24756e-09;7.21715e-11;6.69206e-08;8.98874e-09;5.66248e-09;4.35548e-08;1.02895e-08;7.13941e-09;1.57435e-13;2.29515e-05;2.67608e-08;2.52383e-09;7.88172e-09;8.93051e-09;3.24111e-12;5.57734e-14;2.10044e-07;9.89161e-10;1.44465e-09;2.75988e-09;3.22403e-09;5.8684e-10;1.8588e-08;4.345e-05;2.09484e-09;5.74829e-11;2.7336e-09;3.0214e-10;5.38898e-12;1.00629e-16;3.03661e-07;5.66097e-09;2.64518e-09;6.80908e-10;7.74178e-09;1.46633e-10;9.04875e-09;3.5777e-06;8.39293e-09;1.0988e-09;1.53644e-08;1.16798e-09;4.01721e-11;8.13951e-17;1.43024e-07;8.01343e-09;7.4139e-11;1.02273e-09;1.32452e-12;5.67758e-09;7.69511e-06;4.46917e-08;9.21899e-09;4.70041e-06;8.74616e-10;2.94904e-12;2.10786e-11;3.15243e-06;1.34995e-07;4.24614e-07;2.24797e-06;6.84282e-09;3.33988e-11;7.35859e-09;1.05078e-08;8.78199e-10;3.1803e-05;1.63479e-07;1.4439e-08;3.23591e-07;1.37261e-08;1.42546e-08;7.17382e-08;2.02481e-11;1.46071e-06;5.21426e-09;2.58237e-10;2.16337e-14;7.77731e-11;8.27871e-12;4.22914e-06;2.06247e-08;2.75874e-09;6.97747e-09;2.3032e-09
2.88256e-09;1.4083e-07;1.84664e-07;2.38228e-07;2.6268e-08;5.60054e-07;1.06696e-08;6.09556e-08;7.00575e-09;1.02209e-08;4.5736e-09;1.00126e-08;4.07399e-09;4.4354e-09;7.24128e-09;5.4311e-09;1.60184e-07;4.25559e-09;1.32554e-07;1.96786e-08;1.63373e-09;1.46259e-08;3.45494e-08;6.43297e-09;1.15129e-08;2.45702e-08;3.70501e-08;0.999978;8.42273e-10;2.31953e-08;4.37186e-08;1.27709e-10;1.43345e-10;3.80798e-10;4.41968e-09;4.9086e-09;1.14046e-08;4.9909e-09;1.74336e-08;3.28491e-08;4.35276e-07;5.29845e-07;1.79715e-06;6.86437e-07;1.93419e-07;8.77437e-07;6.36091e-08;7.66078e-09;1.59643e-07;4.21007e-08;1.39424e-07;5.39197e-10;8.95229e-10;2.70671e-08;1.09424e-08;6.16153e-09;6.42813e-09;8.50068e-09;2.83731e-08;1.44618e-08;3.17506e-07;1.1335e-08;1.24109e-08;1.92769e-09;7.53011e-09;9.53018e-09;1.61615e-09;1.34687e-08;5.05049e-08;3.45892e-08;2.54061e-07;2.61582e-09;1.22455e-07;7.58414e-10;1.75239e-08;4.555e-09;1.93386e-08;5.87602e-09;9.64261e-09;1.52366e-09;4.56033e-08;3.20419e-09;5.93085e-07;2.58584e-07;7.40215e-09;1.39402e-08;2.45147e-08;3.72368e-09;1.77389e-08;6.03534e-09;7.8246e-09;3.43859e-08;2.03112e-09;1.88727e-09;2.07265e-09;3.27296e-09;5.03315e-08;4.1833e-08;1.70702e-08;9.26719e-09;1.20873e-08;1.42054e-07;1.52564e-08;6.15802e-10;1.22025e-10;5.07649e-09;9.77021e-09;3.13639e-09;7.02757e-09;3.35493e-10;1.42677e-09;5.35872e-11;4.22832e-09;2.28584e-09;2.61861e-08;3.04059e-07;1.16279e-08;5.14585e-09;5.00223e-08;1.72334e-08;4.92945e-09;1.19712e-09;2.85595e-09;6.00391e-09;1.70041e-06;9.16283e-07;2.09529e-08;4.49974e-09;1.90696e-09;4.50172e-09;1.76761e-09;1.35527e-08;5.86084e-09;2.19223e-09;4.46989e-10;1.26201e-10;3.94444e-08;1.27866e-07;2.89403e-07;2.91919e-08;5.18996e-08;6.09972e-09;2.85173e-08;1.32783e-08;1.99747e-09;1.37897e-08;1.74816e-09;5.04162e-09;1.38953e-09;8.67653e-09;1.23168e-08;1.85192e-07;1.93872e-08;3.94014e-09;1.23916e-09;6.14017e-09;4.58996e-11;1.64504e-09;1.14406e-08;4.67428e-09;3.83532e-09;2.70384e-08;2.90478e-08;4.98403e-09;3.57397e-09;1.39967e-08;3.02602e-09;3.17363e-09;1.39255e-08;2.5014e-09;6.48868e-09;7.95695e-09;1.2714e-08;9.57782e-09;5.82038e-09;2.00432e-08;7.11369e-08;1.64762e-09;5.91976e-10;1.85802e-09;9.43343e-09;8.9798e-08;1.07729e-08;3.11721e-08;1.93642e-08;2.6304e-09;8.61944e-08;3.5058e-08;2.61118e-09;1.9001e-09;7.78952e-09;5.87981e-09;4.32906e-08;2.04281e-08;2.95763e-08;4.20087e-08;1.68119e-09;8.21071e-09;2.28973e-09;1.78389e-09;7.68475e-10;3.4097e-09;6.95647e-08;1.89899e-08;5.29375e-09;3.47741e-10;1.09468e-08;4.59165e-10;6.5076e-09;8.26682e-08;2.10933e-09;6.5349e-10;1.28035e-09;8.98825e-09;5.28254e-09;1.00808e-07;8.86545e-08;4.14344e-08;5.00659e-11;1.77484e-09;4.3447e-10;3.26314e-09;1.13875e-08;6.05719e-09;4.94124e-09;2.5094e-08;2.13137e-08;1.66274e-08;1.16479e-06;1.20411e-07;1.63288e-08;1.64041e-09;7.67408e-09;1.28071e-06;8.21875e-08;4.04464e-07;3.93157e-07;3.73198e-09;5.90375e-09;9.61629e-09;1.44784e-09;3.07392e-09;6.54294e-09;7.91141e-09;2.74449e-09;6.7383e-09;4.29171e-08;1.82567e-07;5.13914e-08;2.18786e-09;7.05717e-11;6.34802e-09;3.75577e-09;4.19158e-09;1.81508e-08;1.12617e-09;1.08217e-08;5.27103e-09;9.24248e-09;3.52028e-09;1.69742e-07;9.54437e-08;9.24589e-08;1.81097e-10;1.28105e-08;8.08427e-09;4.09118e-09;1.08972e-08;2.09307e-08;3.96171e-09;9.99673e-09;1.48459e-09;1.72253e-09;9.57175e-09;3.43908e-08;6.06374e-08;1.97025e-09;1.4538e-09;1.47385e-08;6.34423e-11;3.31278e-09;5.44804e-08;6.55432e-08;3.38421e-11;5.44473e-09;7.84305e-10;7.19932e-09;3.95142e-10;3.30782e-08;4.60403e-08;3.33397e-10;4.69994e-10;9.65871e-11;5.30888e-08;5.13154e-09;1.95479e-09;4.34701e-09;1.04383e-09;1.28822e-08;2.34786e-10;5.66193e-09;2.90123e-09;3.241e-07;2.36518e-07;6.83092e-10;1.59138e-09;1.35182e-10;8.4102e-11;2.15668e-09;6.6128e-09;2.79349e-08;1.07683e-09;9.17637e-11;4.74313e-09;6.28163e-09;1.02586e-07;7.78598e-09;6.82205e-09;1.84067e-09;6.51606e-10;2.92263e-09;5.80987e-08;4.52177e-08;3.9415e-11;2.45982e-08;1.95737e-08;1.93316e-06;3.26152e-09;8.74482e-09;1.9073e-09;1.26054e-08;1.76894e-08;1.51427e-08;2.23008e-07;3.72283e-09;2.4494e-08;6.48173e-07;1.05581e-10;3.44628e-09;6.6141e-09;1.54475e-08;3.79128e-08;3.97548e-10;6.33062e-11;1.67122e-08;5.97907e-07;2.5365e-08;6.84716e-10;1.05942e-08
3.70754e-09;3.92338e-07;6.02729e-09;3.57505e-08;1.63152e-07;6.29865e-08;2.18793e-08;1.332e-07;1.6958e-08;1.55516e-08;4.89731e-09;1.08376e-07;1.00876e-08;7.4499e-09;9.75773e-09;2.74574e-08;4.85776e-08;4.99846e-09;5.77584e-09;7.34146e-08;1.6486e-08;4.75627e-09;4.59194e-09;1.52344e-08;3.00816e-09;1.0617e-07;1.63605e-08;1.19984e-08;1.02214e-09;3.34072e-09;2.96694e-09;2.13153e-09;9.01224e-11;4.37332e-08;6.28702e-09;1.85465e-08;1.34538e-08;5.6328e-09;1.37355e-08;1.98059e-09;2.10557e-08;1.88314e-09;1.33813e-07;2.45849e-08;2.91991e-07;4.7021e-07;3.06225e-07;2.4248e-08;2.93252e-07;8.06535e-09;9.90157e-08;1.06729e-10;1.3048e-08;4.06779e-10;6.12968e-10;4.13566e-09;7.91891e-10;1.41523e-08;3.22156e-08;1.03581e-08;1.75451e-08;3.93289e-09;3.44408e-08;3.87731e-09;1.06443e-08;1.59092e-08;2.131e-09;3.0494e-09;7.58516e-08;2.04178e-08;8.52619e-08;9.50399e-08;5.39144e-08;1.35046e-08;3.51793e-08;1.28619e-08;2.15894e-08;2.03228e-08;8.47495e-09;1.2354e-08;9.86083e-08;3.02165e-08;3.18722e-07;5.851e-08;1.25559e-05;1.02535e-08;6.00424e-08;5.74037e-09;7.57286e-08;8.53056e-09;4.60318e-09;8.65532e-09;2.55557e-09;8.78526e-09;6.31608e-10;1.06019e-09;8.53611e-09;3.07485e-09;4.34517e-09;4.56337e-09;8.85211e-09;1.47091e-08;1.40343e-07;1.14862e-08;9.30338e-09;2.32793e-08;1.43685e-08;1.58613e-08;6.63844e-09;1.4148e-10;5.843e-09;5.15828e-10;1.7359e-08;1.34699e-08;3.65028e-08;9.81733e-10;4.75605e-08;1.79229e-08;9.73212e-08;5.0352e-07;5.79311e-09;5.6254e-09;2.78167e-07;8.97629e-06;1.58383e-05;2.31012e-05;0.997162;0.000127499;0.00176395;0.000704395;4.60179e-06;5.77426e-07;1.76067e-06;0.000148293;3.68987e-07;3.66245e-08;3.1156e-08;7.32073e-08;3.27587e-07;1.63237e-06;6.63189e-08;1.14443e-07;1.7218e-07;5.1885e-08;3.22103e-09;4.65194e-08;3.27335e-09;3.4796e-08;3.17552e-08;6.12074e-08;1.62205e-08;6.07292e-07;2.10435e-08;2.32249e-07;1.4169e-08;4.79444e-09;1.12162e-09;2.37414e-09;9.92288e-09;3.0528e-08;5.27445e-09;1.02526e-07;7.35271e-06;9.64224e-08;1.08772e-08;5.57351e-08;3.92215e-09;1.38215e-08;3.73582e-09;1.04952e-08;8.54037e-08;1.42587e-08;5.88983e-08;3.39806e-07;8.67879e-09;3.97656e-07;1.01028e-07;5.8824e-10;4.77811e-09;9.78252e-09;2.08389e-08;4.17963e-08;2.55149e-08;3.84136e-07;1.5951e-08;1.06555e-07;4.36406e-08;4.71117e-08;6.48042e-09;8.29661e-09;1.11452e-07;1.03158e-07;9.42096e-08;5.65452e-08;4.81095e-07;3.1988e-09;2.94884e-08;4.50355e-08;2.33442e-09;3.38935e-09;5.55344e-09;3.12175e-08;1.52441e-07;1.21093e-08;5.92101e-07;5.199e-09;1.30737e-07;1.08462e-08;4.7547e-08;2.43494e-08;1.09245e-08;2.46333e-09;9.23827e-09;2.45613e-08;3.12677e-09;1.17334e-07;2.16295e-08;3.48472e-07;7.19367e-10;6.2602e-09;2.79983e-09;1.39966e-08;1.47366e-08;9.4461e-09;7.33087e-09;1.56027e-08;2.6498e-08;2.69338e-08;3.92747e-07;6.0294e-09;1.07822e-07;7.15682e-10;1.28406e-08;6.8243e-08;1.04572e-07;1.27356e-06;1.75089e-09;1.429e-09;1.14182e-07;5.84927e-08;2.75018e-09;1.13051e-07;1.35123e-08;2.87129e-09;5.86742e-09;5.21746e-09;7.87304e-08;1.09394e-07;5.78783e-08;5.55743e-10;1.89243e-09;1.69844e-07;1.54181e-08;1.03787e-08;1.15421e-08;7.94623e-09;6.7874e-09;1.46845e-08;3.17384e-08;3.37019e-09;1.33082e-07;6.26216e-08;1.86746e-08;7.9914e-12;1.75975e-08;1.38506e-08;1.33626e-08;9.12125e-09;4.3437e-09;7.80785e-10;9.2804e-09;4.69549e-10;1.03815e-10;1.45769e-09;7.36171e-09;3.82016e-09;2.50279e-09;4.37644e-10;7.37983e-08;8.37124e-07;4.52884e-09;4.24199e-08;2.32411e-08;1.24631e-10;1.71902e-08;1.16838e-08;1.13225e-08;6.60712e-10;1.98264e-10;1.05938e-08;4.65676e-10;5.8834e-07;1.54568e-10;2.00893e-10;7.26221e-09;8.36216e-09;6.79101e-09;3.35039e-10;1.31861e-08;2.1005e-09;1.04857e-08;9.83595e-08;8.65813e-08;7.65757e-08;3.01371e-08;9.39434e-10;6.12296e-09;2.59178e-10;8.35641e-09;3.51461e-08;4.85309e-11;2.47437e-10;8.99064e-11;1.27824e-08;1.40096e-08;8.29438e-08;2.13269e-08;1.84245e-08;5.8771e-11;1.50786e-10;2.98142e-08;1.19506e-08;2.82345e-08;2.74555e-10;1.00113e-07;2.51883e-08;9.00561e-07;1.65904e-08;2.35511e-08;1.76783e-10;8.08093e-09;2.96462e-08;1.37268e-08;6.62719e-09;7.14544e-09;2.01361e-08;2.20535e-10;2.25078e-12;4.16009e-09;3.96362e-09;3.69599e-08;3.59154e-08;1.07348e-09;8.08121e-10;5.28413e-09;1.39945e-08;1.66346e-08;8.61117e-11;2.30849e-10
4.14318e-11;3.61115e-09;3.71366e-09;2.07643e-11;1.06177e-09;6.65774e-08;1.37267e-10;6.36948e-07;1.00904e-08;1.01287e-08;6.46611e-07;2.65892e-10;8.90934e-09;9.15142e-10;1.0727e-08;3.02333e-08;3.72666e-09;1.81316e-09;5.39059e-08;3.25807e-08;1.64569e-07;5.33259e-10;1.30045e-07;1.11361e-09;1.35702e-09;1.92606e-07;9.76311e-09;5.24708e-09;2.43144e-10;1.42335e-08;4.7546e-09;9.17898e-10;6.72933e-10;7.85005e-07;9.00939e-13;1.05595e-07;4.17862e-09;2.05052e-09;9.44556e-08;2.33238e-07;1.74168e-05;6.27048e-09;5.12043e-08;2.86732e-09;6.19427e-09;4.28813e-08;1.71822e-08;4.71794e-10;5.35989e-10;3.52828e-11;1.02078e-11;5.77595e-12;6.1276e-07;9.80848e-10;3.66497e-11;2.67015e-09;3.18498e-08;7.18469e-10;5.17449e-08;4.8362e-09;1.66045e-09;1.12269e-08;4.59429e-05;3.29721e-10;1.87142e-09;2.2917e-08;8.28208e-09;1.56446e-08;6.94044e-09;1.1363e-07;3.87834e-08;3.26435e-10;1.44504e-07;2.76743e-06;4.55571e-11;5.55373e-09;8.08043e-09;3.76299e-08;1.23321e-09;1.83085e-06;2.58139e-06;5.46682e-06;6.77379e-06;4.86278e-07;3.0717e-05;7.05641e-06;0.999712;2.80428e-05;4.71411e-07;7.46298e-09;1.50483e-09;8.5664e-09;1.1082e-09;6.18574e-09;4.90112e-08;9.05424e-08;2.44162e-10;3.51631e-08;1.85977e-08;8.10869e-11;2.02379e-09;3.01667e-09;1.68897e-10;1.85097e-11;1.6215e-07;1.21495e-10;5.09314e-08;2.22617e-09;4.42551e-09;8.18247e-11;9.35605e-10;6.17232e-07;6.72737e-09;1.46411e-09;3.4359e-08;6.08078e-10;9.36713e-11;1.29142e-06;8.86154e-11;1.34855e-09;9.81323e-09;3.12795e-09;9.54802e-09;1.60524e-10;1.85765e-09;4.09123e-09;1.61899e-09;6.42353e-09;1.45722e-06;2.16643e-11;9.08589e-09;3.64535e-08;1.59857e-08;1.38016e-09;1.0395e-09;1.60558e-08;1.0881e-08;9.15417e-09;2.00197e-08;1.31928e-08;1.34514e-07;1.78833e-06;8.7611e-08;2.52945e-08;2.62998e-10;1.55494e-08;4.36671e-08;3.3075e-08;3.15709e-09;5.02668e-09;4.96927e-10;5.14794e-11;1.22307e-08;1.45586e-05;3.38701e-12;4.05297e-09;8.4896e-10;7.24527e-09;2.73909e-08;1.22435e-08;1.80672e-09;3.66979e-08;1.31816e-08;6.8848e-08;6.78029e-07;1.03981e-09;4.9318e-09;1.22123e-08;1.23047e-07;3.89049e-09;4.6154e-08;2.62703e-09;1.01949e-08;8.02986e-10;7.95053e-10;1.83615e-06;1.20561e-11;8.05258e-09;3.74547e-09;2.65243e-07;2.23936e-08;4.00453e-07;7.82402e-09;4.9805e-09;9.7761e-09;6.06141e-05;3.97081e-09;8.12422e-08;1.07298e-08;7.69365e-08;3.44173e-08;1.94671e-08;1.09338e-08;2.94991e-09;3.66104e-09;1.20198e-09;3.67674e-07;2.65233e-10;1.13419e-08;7.82518e-09;1.2866e-07;1.06968e-08;6.25862e-09;5.06036e-09;2.37879e-09;1.34741e-08;4.60356e-06;2.56118e-09;2.15192e-08;4.85909e-09;2.59556e-09;3.45332e-08;1.33627e-08;5.15966e-09;2.06562e-09;7.36063e-09;1.4841e-08;2.98034e-09;1.8108e-09;1.2946e-05;7.6131e-12;1.89768e-09;8.69768e-09;6.37355e-09;6.35806e-09;6.90052e-09;1.98691e-08;5.78831e-09;1.40221e-07;1.01894e-08;4.59854e-06;4.03507e-10;4.45907e-09;1.0661e-08;2.67144e-09;2.88594e-10;1.45421e-10;6.83465e-07;1.86553e-11;1.00589e-08;2.82345e-09;6.36577e-10;1.28483e-09;4.43353e-08;4.40696e-09;1.59552e-09;1.36642e-08;3.61894e-09;1.99663e-09;3.9795e-11;3.17797e-06;1.26086e-10;1.78463e-08;2.81072e-08;2.85192e-08;2.08231e-09;1.963e-09;8.94592e-10;4.60834e-09;2.42209e-08;3.29501e-07;1.99021e-08;1.2476e-10;2.56555e-10;3.04399e-06;1.32298e-09;2.15867e-08;3.17077e-09;1.01267e-08;8.9316e-09;1.93841e-09;1.61299e-06;7.92084e-12;4.17002e-11;2.06266e-08;7.43778e-10;2.52548e-11;1.42194e-11;8.77171e-06;8.84875e-13;7.29051e-10;6.82404e-08;1.32449e-09;3.27316e-12;1.01799e-09;3.39189e-07;1.56281e-07;1.61714e-10;7.52145e-11;1.35614e-10;4.0866e-11;1.29776e-10;3.39945e-06;1.28408e-12;1.74917e-08;3.33631e-09;1.98731e-09;3.57693e-10;5.36694e-10;4.14744e-08;2.68071e-09;2.1057e-10;2.20389e-08;2.86654e-09;1.76082e-10;1.05793e-10;1.61239e-06;1.2575e-12;3.64397e-09;4.36037e-09;2.94614e-12;1.65936e-09;4.09324e-07;2.36623e-08;8.61923e-10;2.88087e-09;4.23522e-10;6.28462e-11;8.60468e-12;4.01137e-07;2.35235e-11;1.27191e-07;2.90032e-08;1.39464e-11;1.06003e-08;8.00627e-10;7.8206e-12;2.42112e-11;2.05075e-06;2.90412e-11;3.92914e-09;3.16874e-09;1.42358e-09;3.41186e-09;1.49831e-09;1.33617e-08;1.72421e-09;8.37977e-10;1.3568e-08;2.44448e-08;1.87809e-10;9.9503e-12;1.55229e-07;2.35689e-11;1.50992e-08;1.19502e-07;1.01811e-07;3.14456e-10;9.61914e-09
1.64531e-10;7.63874e-11;4.72751e-10;2.60743e-12;3.55762e-11;2.52734e-11;3.12125e-12;1.20733e-10;2.11112e-10;2.33706e-11;1.88508e-12;1.75638e-11;2.13306e-11;4.70784e-11;1.02217e-10;1.08857e-10;2.67866e-10;2.2265e-11;1.97349e-09;6.13953e-11;1.55743e-11;1.50689e-10;3.14381e-10;9.70274e-11;2.2174e-10;3.92786e-11;2.46174e-09;1.69364e-11;3.13524e-11;1.9862e-09;8.63695e-11;1.56392e-13;1.17118e-12;5.74089e-13;3.24271e-11;3.5734e-10;5.91752e-11;2.41161e-11;1.76515e-10;5.10113e-10;2.56475e-11;6.21366e-10;9.8144e-10;9.48504e-11;2.56589e-11;2.13407e-10;7.86851e-13;3.39222e-11;2.69087e-11;1.15221e-11;1.25532e-12;7.12688e-13;1.00311e-12;1.35461e-08;3.60111e-10;8.63054e-10;5.04286e-11;1.45185e-10;5.02735e-10;1.38446e-10;1.52042e-10;2.13563e-10;8.20855e-10;5.30407e-10;4.72352e-11;1.70163e-09;6.40794e-11;3.71755e-10;2.02593e-10;3.34939e-09;6.62545e-10;2.2759e-11;5.88488e-11;2.47886e-12;6.16656e-10;9.36239e-11;8.39965e-11;1.03738e-09;2.36994e-10;9.76068e-10;4.87275e-09;1.60621e-10;4.20755e-10;2.02233e-11;2.35893e-13;1.52269e-12;7.3151e-11;2.6202e-10;1.03699e-10;5.67194e-11;4.27173e-11;1.81125e-10;1.12542e-11;6.69466e-13;7.66462e-12;6.78158e-12;2.87251e-10;2.56054e-11;4.86657e-11;1.21248e-10;1.74736e-09;1.98006e-10;2.24961e-10;3.15927e-11;6.73151e-12;2.85185e-12;6.02385e-10;1.0843e-11;4.89588e-11;3.71855e-11;4.29537e-12;8.15395e-10;4.40758e-11;4.98787e-11;2.56041e-10;7.32132e-12;1.90399e-12;1.44849e-11;5.77373e-10;1.54774e-10;6.44922e-11;6.66328e-11;1.78612e-11;2.7085e-12;4.41509e-10;3.99315e-11;1.8769e-12;1.7197e-12;3.70151e-14;1.77412e-11;1.13733e-10;5.85878e-10;4.01993e-10;4.07433e-11;1.43604e-11;3.39219e-11;1.01128e-09;7.08877e-11;3.85201e-10;2.32895e-11;1.29392e-10;3.47189e-12;8.33063e-10;7.91156e-11;1.39474e-11;9.0131e-11;1.1444e-11;3.36276e-10;1.66454e-11;7.77651e-11;1.25545e-10;1.75567e-12;1.4998e-11;1.96509e-11;6.91626e-12;7.8639e-11;3.49798e-11;8.80258e-12;2.34973e-11;3.30481e-10;3.67528e-11;5.64331e-10;6.91329e-11;2.21403e-10;3.50148e-09;2.40856e-09;1.16848e-10;9.08207e-11;5.82176e-09;1.86942e-11;5.30692e-10;1.71543e-10;1.21758e-09;5.69539e-12;3.45842e-11;4.85503e-11;4.31928e-11;8.59432e-12;2.32194e-11;2.9369e-10;6.99054e-11;4.01628e-10;4.35549e-12;7.34173e-13;2.63423e-11;3.26177e-10;1.84283e-09;1.14902e-10;6.51081e-11;7.03202e-11;5.10834e-11;9.1321e-11;2.32815e-10;9.46219e-12;2.38572e-11;1.63537e-11;1.72455e-12;1.76364e-10;7.33804e-12;9.21046e-12;2.54434e-11;1.28016e-10;3.6083e-10;2.82411e-10;7.50833e-11;7.87243e-11;4.81395e-10;1.15969e-09;6.97423e-10;2.08896e-10;5.33547e-11;9.48859e-11;7.33495e-10;9.0623e-11;3.6094e-11;1.90765e-10;9.73911e-11;3.76141e-14;3.88033e-12;2.27876e-12;7.55378e-10;3.65424e-11;1.54594e-10;1.73049e-11;1.13646e-10;6.55966e-11;2.5804e-10;8.1198e-11;2.72506e-11;1.1683e-10;2.4608e-10;1.57072e-10;2.40138e-10;1.3357e-10;6.27663e-11;6.55377e-13;1.0614e-11;1.66502e-12;6.57871e-10;1.38365e-10;2.98582e-11;5.25792e-12;1.10664e-11;1.0287e-11;5.78833e-11;4.11558e-11;5.53922e-11;1.01409e-11;4.19968e-15;6.09013e-14;1.48023e-13;1.40901e-12;3.08535e-10;8.47081e-10;1.72145e-09;1.00269e-10;1.4577e-10;3.88891e-12;1.80436e-11;7.16905e-11;7.78503e-11;7.72464e-11;8.01856e-13;2.07831e-11;8.20969e-12;1.8174e-08;1.00013e-10;9.73385e-11;1.5901e-10;3.54152e-11;4.6229e-11;2.27691e-11;1.37865e-15;5.51299e-11;3.00168e-10;1.13635e-11;8.10488e-14;5.30755e-11;1.47039e-11;9.43028e-13;2.53699e-11;1.49709e-10;9.51893e-11;4.46228e-13;1.33046e-10;5.31679e-11;1.47764e-08;1.23285e-09;2.25984e-10;2.94985e-12;8.21323e-13;9.20771e-14;4.57883e-11;2.36137e-11;2.00785e-10;6.68162e-11;3.46055e-11;1.73706e-12;3.0578e-11;3.30981e-11;3.20167e-11;8.52116e-11;4.32258e-10;8.58276e-11;6.44254e-12;8.48848e-11;6.79478e-12;7.48586e-13;3.44177e-11;1.48355e-10;3.64101e-11;2.3535e-10;2.69669e-12;1.0739e-10;1.05742e-10;4.8821e-11;4.30608e-11;7.63381e-12;6.29893e-11;7.98522e-11;5.31144e-12;1.50475e-09;2.6148e-10;1.6969e-08;1.04647e-09;5.52814e-11;2.62118e-13;3.06511e-12;4.08411e-10;2.98332e-11;6.65468e-10;4.78125e-10;1.09308e-10;8.97926e-11;5.82432e-11;9.19867e-11;5.26614e-11;0.999994;6.80455e-08;2.74968e-08;3.62588e-06;4.3112e-09;1.94095e-07;5.65617e-07;6.40635e-07;9.77924e-08;1.52019e-07;9.13312e-08;2.00015e-07
7.45641e-07;2.2843e-06;5.99729e-08;2.39381e-09;1.80725e-09;1.03151e-10;5.02003e-10;2.46136e-10;2.19322e-09;2.99704e-10;4.42521e-09;2.49399e-10;2.89304e-11;9.67124e-08;5.14775e-10;8.00404e-09;2.3688e-09;9.07308e-10;9.73178e-11;8.91914e-10;1.48577e-09;2.92456e-06;1.9533e-10;2.84331e-09;6.32644e-10;3.93176e-11;5.11847e-11;1.68161e-09;2.47067e-05;3.27721e-09;1.32018e-09;4.9626e-10;1.0399e-11;2.10104e-12;3.89463e-14;1.00368e-07;3.81414e-10;3.06598e-10;3.7421e-12;1.17205e-11;1.51442e-12;2.23826e-08;5.68186e-09;1.62023e-09;7.39003e-09;3.14786e-09;1.24975e-09;3.57904e-06;9.84818e-10;4.16509e-09;5.01666e-10;8.62937e-11;7.33791e-11;2.63072e-11;1.96576e-10;3.12034e-10;1.58803e-10;1.12256e-05;1.50238e-09;2.08594e-09;1.58153e-08;3.01319e-09;4.48743e-10;3.13544e-12;1.57474e-09;2.29274e-09;5.58189e-10;3.41216e-10;1.10905e-05;6.48991e-09;4.07091e-09;9.26419e-09;4.73545e-12;1.91735e-10;4.54302e-13;3.13572e-09;8.96825e-10;8.19494e-10;5.59734e-09;2.049e-10;6.25216e-08;6.55543e-06;3.64622e-09;2.28793e-09;1.58328e-08;8.43079e-12;5.02165e-11;3.62064e-15;1.66596e-09;1.34436e-09;2.22136e-06;3.70482e-09;2.04381e-10;1.97159e-08;5.366e-09;5.40875e-11;2.46886e-11;5.35172e-10;3.11641e-10;1.72294e-05;4.73815e-08;9.57527e-09;1.98446e-09;4.34397e-10;2.83495e-10;1.09142e-13;4.55494e-07;4.0246e-10;3.55358e-10;8.54519e-12;1.53723e-11;5.5895e-12;1.10663e-07;5.8136e-10;1.3829e-10;2.25092e-09;6.68598e-11;8.02923e-11;6.20447e-14;2.33674e-08;3.43775e-10;4.45966e-11;5.19423e-11;2.00828e-05;6.2303e-09;1.37122e-09;1.60792e-10;4.0738e-11;3.57079e-12;1.21335e-14;6.55498e-08;5.23986e-10;4.78353e-10;1.3637e-11;5.76284e-12;1.4961e-12;1.45598e-05;1.13431e-07;3.38633e-08;2.88763e-09;1.00891e-09;5.78903e-10;3.54394e-11;2.47826e-08;3.40379e-10;1.53574e-10;4.93697e-11;1.33599e-09;1.16812e-06;1.11324e-09;5.66869e-10;6.83578e-09;4.599e-12;6.67766e-12;6.18191e-13;1.70717e-09;1.51491e-09;9.37493e-12;2.9068e-11;3.77806e-07;4.11732e-10;8.72091e-10;8.31624e-09;5.29034e-10;1.39185e-09;4.94275e-13;1.76219e-09;2.6552e-10;8.11182e-11;7.40023e-10;4.0221e-06;5.64458e-09;9.10868e-08;1.83623e-08;3.65142e-10;1.19225e-09;1.11017e-11;2.94303e-09;7.23456e-11;1.52109e-10;4.31732e-06;1.94109e-09;1.675e-09;4.24985e-08;9.11675e-10;5.42362e-10;3.69564e-11;5.4617e-09;4.38903e-10;7.79908e-10;1.56378e-09;5.24182e-06;7.57659e-08;4.38489e-09;1.14791e-07;1.39451e-09;4.96561e-10;4.3475e-12;6.75065e-10;2.77282e-10;8.74513e-11;1.66766e-05;3.16864e-08;6.14729e-08;1.50991e-08;3.52635e-10;8.39591e-10;9.04168e-11;1.12542e-07;6.28776e-10;8.013e-09;1.23755e-10;2.61685e-09;1.44607e-09;2.79426e-05;3.47869e-09;2.27676e-09;1.31143e-10;1.02982e-09;4.60809e-10;1.17566e-14;5.2458e-09;2.51919e-09;2.29871e-09;5.55841e-10;6.40613e-07;4.16102e-09;1.45643e-09;2.69171e-09;3.28156e-10;7.84126e-10;8.79508e-13;8.04997e-06;1.87487e-09;3.14323e-09;1.30523e-10;7.44128e-12;2.89028e-11;2.33015e-12;6.63441e-08;1.83683e-10;2.51985e-09;1.07516e-10;1.28138e-10;1.46083e-09;2.37431e-05;1.66528e-08;3.36111e-09;9.90402e-10;1.78013e-12;9.90874e-12;8.74712e-14;8.58667e-08;1.99837e-10;4.93999e-10;1.25535e-09;6.17007e-10;3.9268e-10;1.03812e-09;4.14911e-07;1.03087e-09;3.48214e-10;7.72061e-10;2.23298e-11;2.17127e-10;4.38898e-13;2.09172e-08;6.23361e-10;2.01281e-10;2.21376e-09;3.65912e-10;3.50664e-11;1.85988e-13;0.000366143;6.4074e-09;7.31096e-10;1.40709e-07;2.99574e-11;1.13076e-11;6.95747e-17;1.92169e-08;2.72958e-11;2.26841e-11;9.66949e-11;1.05583e-10;2.40692e-10;1.11441e-06;0.998526;0.000122634;7.35672e-07;0.000703446;2.29594e-06;7.19594e-07;1.82274e-12;7.22242e-06;6.07676e-09;1.74312e-09;5.0446e-07;4.12294e-08;4.3469e-08;2.62597e-10;4.37438e-05;8.56991e-10;2.31808e-09;1.11592e-07;4.79419e-12;8.99715e-11;2.54928e-18;1.65844e-08;6.79876e-09;5.62225e-10;1.55172e-11;7.6208e-12;8.37753e-10;2.92818e-06;2.83039e-09;3.61539e-09;6.07209e-07;5.95841e-11;8.93974e-12;7.08593e-12;5.02578e-08;3.66238e-10;5.31896e-09;2.36834e-07;1.29938e-10;1.43339e-11;1.56063e-09;2.3376e-09;1.51225e-12;1.84683e-06;6.92609e-09;9.56658e-10;1.01812e-10;2.63035e-10;4.83959e-11;5.39389e-09;1.874e-12;4.79554e-07;5.24528e-10;3.17515e-10;3.30592e-14;1.29546e-09;6.23407e-13;6.83647e-06;1.52124e-09;5.27129e-11;2.34847e-09;9.66257e-13
5.0243e-09;1.64519e-08;6.86276e-08;2.55299e-08;3.80567e-09;2.50784e-09;3.64652e-09;2.73304e-08;5.33304e-09;4.56902e-09;5.74208e-10;7.20705e-09;1.83857e-08;4.80025e-09;3.0987e-09;4.66433e-08;4.08635e-08;5.69373e-09;8.53327e-08;3.36858e-09;2.45252e-09;3.64832e-08;4.94185e-09;2.82294e-09;1.30216e-08;2.51468e-08;9.80368e-09;0.999967;6.41386e-09;3.3967e-08;4.95072e-08;1.52165e-09;1.11656e-09;7.96809e-09;2.16891e-08;9.49537e-09;3.48067e-09;3.11484e-09;6.11682e-10;6.50511e-09;9.64212e-10;1.68606e-06;2.2877e-05;4.19828e-06;2.87914e-08;6.43663e-08;5.0202e-08;5.67933e-09;1.26425e-08;5.27406e-09;3.56708e-10;1.40236e-10;3.42227e-10;3.51903e-08;2.85429e-08;1.03512e-08;8.91295e-09;3.57266e-08;4.86103e-09;1.12287e-08;1.65179e-08;2.25765e-08;2.85698e-09;2.31775e-07;7.44484e-09;9.7846e-09;3.29181e-09;5.72508e-09;6.93274e-09;8.79264e-09;9.45791e-09;5.84863e-10;5.49881e-09;9.03459e-10;1.14835e-08;3.28003e-09;3.63365e-09;8.07718e-09;1.39987e-08;8.42772e-09;3.15017e-08;4.07621e-09;4.87982e-09;1.81106e-08;6.48767e-10;2.89652e-09;1.64233e-08;5.61504e-09;7.23655e-09;4.51843e-09;8.15521e-09;9.11752e-09;3.85153e-09;1.54126e-08;2.5065e-08;4.62134e-09;3.12451e-07;8.5948e-09;8.9251e-09;2.33851e-08;1.07434e-07;7.79083e-08;8.70234e-10;9.31118e-09;3.58345e-10;5.00994e-08;3.0343e-08;3.93387e-09;2.47889e-09;5.26845e-10;2.78645e-09;2.69626e-10;2.3184e-08;3.01319e-09;1.86405e-08;2.4281e-09;1.98413e-08;6.00093e-09;7.86707e-08;1.04575e-08;1.74291e-09;2.19797e-09;2.927e-09;1.23852e-08;3.34647e-08;3.68954e-08;1.93071e-10;7.12586e-10;1.83614e-10;1.02454e-08;4.40484e-09;1.92011e-08;3.68285e-09;3.34991e-09;2.11318e-09;2.02886e-09;5.90926e-09;6.80054e-09;1.1383e-08;7.16556e-10;2.85808e-09;1.09001e-09;3.55327e-09;1.18659e-08;3.92289e-09;2.16988e-09;2.50888e-09;1.61518e-08;8.95665e-09;7.87955e-09;1.10856e-08;1.17636e-08;5.09092e-09;2.54221e-09;6.37801e-08;8.55089e-09;1.22579e-08;1.09359e-08;7.38427e-09;3.00022e-09;3.24075e-09;3.9556e-09;2.57987e-09;1.0784e-08;4.51538e-09;3.67759e-09;4.12611e-10;1.85538e-09;6.29569e-10;1.01337e-08;7.4472e-09;6.35375e-09;1.10021e-08;1.29145e-08;2.08946e-09;4.28335e-09;1.74712e-08;1.22179e-09;3.0555e-09;2.39546e-09;3.47643e-09;4.49038e-09;4.78911e-09;4.56634e-09;2.08598e-09;1.24586e-08;1.10869e-08;2.82836e-09;4.87711e-09;1.91897e-09;2.75118e-09;5.90376e-09;1.13256e-08;8.79782e-09;1.87665e-09;3.34572e-09;1.89625e-09;7.4369e-09;9.34023e-10;3.5868e-09;1.14503e-09;9.52314e-09;1.74357e-08;4.92486e-08;9.58211e-10;8.00516e-09;2.62416e-09;4.57698e-09;7.49065e-09;9.02529e-09;3.46314e-09;1.21225e-09;4.01701e-09;5.55553e-09;9.45562e-09;5.55614e-09;6.96026e-09;5.57029e-09;2.2873e-09;5.66904e-10;1.15277e-08;4.573e-09;5.21987e-09;4.86589e-09;4.575e-09;1.19712e-08;5.3591e-09;8.1893e-09;9.27092e-09;8.09182e-09;9.32583e-09;1.35686e-08;9.54588e-09;5.68748e-09;7.73748e-09;6.24921e-09;7.07593e-11;9.40044e-10;1.76354e-08;5.59773e-09;4.9805e-09;9.63472e-10;2.26763e-09;2.19406e-09;3.15424e-09;4.31169e-09;3.79205e-09;1.37572e-08;2.59329e-09;2.82787e-10;5.60421e-10;1.0135e-08;7.32805e-09;6.61091e-09;1.15565e-08;2.36207e-09;3.99842e-09;6.15518e-09;2.60195e-09;1.72898e-09;2.11532e-09;5.4482e-09;6.94064e-09;1.8083e-10;9.37037e-10;6.19659e-09;4.20582e-09;3.29133e-09;8.88212e-09;1.13134e-08;2.03994e-09;8.35865e-10;8.95871e-10;1.29434e-08;3.65622e-08;7.3078e-08;6.23732e-09;5.06351e-10;8.21978e-10;1.59939e-09;5.68111e-09;6.54084e-09;3.75678e-09;1.16984e-09;4.42908e-09;1.92062e-09;2.89386e-08;6.70973e-09;4.0721e-07;2.1429e-08;1.38401e-10;2.60258e-10;3.1295e-10;2.22184e-08;1.88427e-08;4.39231e-09;4.3957e-09;1.60246e-08;1.01324e-08;1.79053e-08;3.61632e-09;1.12638e-08;1.73337e-07;7.95704e-08;3.0129e-10;9.00472e-10;2.2268e-09;7.24212e-08;9.96031e-09;9.63029e-09;1.51921e-09;9.68467e-09;2.62397e-08;3.62414e-09;5.28032e-09;3.95785e-09;3.55601e-09;6.69465e-09;4.15307e-08;4.90648e-09;8.00395e-08;5.52677e-09;6.65284e-09;7.36212e-09;3.06746e-08;5.49535e-09;6.58002e-09;8.01029e-09;3.65671e-08;3.80289e-07;7.6721e-09;1.17325e-08;4.00162e-09;2.01823e-08;4.1683e-09;1.38712e-08;5.90891e-07;5.08e-08;8.7286e-09;1.34409e-08;2.21304e-10;1.29043e-08;5.34231e-09;1.82849e-09;4.92635e-08;1.15087e-08;4.23894e-09;5.65657e-09;4.19744e-09
